340 1873 966 13494.333 1689.55 
308 1908 919 13494.286 1685.805 
312 1892 918 13503.162 1691.751 
293 1904 920 13464.703 1689.829 
338 1866 973 13466.202 1687.148 
327 1874 970 13494.232 1690.66 
355 1887 951 13477.543 1685.208 
365 1851 937 13497.362 1687.643 
302 1909 890 13444.248 1681.184 
363 1836 941 13491.593 1680.835 
352 1827 983 13435.066 1680.866 
313 1894 914 13499.91 1694.624 
381 1799 987 13482.335 1689.637 
310 1895 940 13449.275 1685.287 
362 1834 963 13444.901 1689.959 
371 1832 921 13490.215 1691.992 
356 1872 903 13482.357 1687.866 
361 1836 942 13476.731 1692.821 
325 1880 934 13492.338 1695.958 
330 1877 960 13494.17 1693.201 
391 1781 924 13414.638 1679.124 
312 1893 925 13487.763 1692.975 
340 1830 978 13479.843 1685.624 
365 1843 895 13467.201 1691.628 
363 1823 979 13479.393 1690.109 
371 1856 967 13486.425 1689.037 
372 1823 964 13493.175 1686.478 
384 1779 966 13459.537 1683.549 
360 1869 970 13517.138 1695.95 
383 1762 983 13432.723 1681.953 
364 1824 957 13491.101 1685.26 
335 1878 935 13488.468 1683.539 
355 1875 957 13500.464 1690.109 
301 1908 912 13500.679 1691.712 
324 1855 980 13469.016 1686.008 
343 1860 977 13475.297 1693.777 
335 1878 945 13449.666 1686.422 
309 1891 928 13477.256 1686.601 
349 1860 971 13495.298 1690.624 
391 1779 933 13457.63 1687.916 
356 1844 972 13491.712 1688.885 
389 1821 963 13502.76 1690.615 
324 1882 939 13482.073 1685.684 
345 1866 977 13501.071 1686.898 
307 1902 969 13521.279 1692.377 
310 1894 934 13452.262 1681.124 
333 1882 930 13502.667 1690.053 
326 1881 944 13500.366 1690.779 
364 1753 1005 13415.12 1680.937 
333 1882 940 13483.001 1684.681 
376 1822 995 13482.286 1685.555 
331 1835 990 13438.99 1679.139 
331 1885 950 13491.813 1685.271 
335 1853 976 13480.183 1687.79 
352 1826 973 13450.908 1685.603 
387 1789 949 13481.669 1693.357 
321 1886 905 13481.929 1690.429 
336 1892 941 13475.825 1692.702 
