567 3099 1550 13475.303 1685.231 
592 3015 1591 13451.438 1683.046 
618 2978 1602 13414.239 1678.431 
578 3092 1536 13469.863 1687.401 
601 3031 1588 13457.923 1683.556 
571 3116 1538 13465.746 1686.406 
617 2989 1538 13423.649 1681.741 
597 3070 1554 13467.597 1687.992 
566 3095 1503 13447.845 1686.644 
538 3116 1540 13480.188 1689.943 
598 3050 1565 13453.883 1682.361 
584 3099 1634 13473.326 1682.452 
564 3106 1569 13488.407 1688.262 
582 3065 1541 13479.456 1686.369 
576 3013 1604 13445.294 1685.494 
626 2999 1578 13442.479 1679.05 
573 3063 1587 13451.094 1686.088 
613 3009 1605 13424.991 1680.23 
598 3072 1520 13471.186 1687.543 
596 3044 1568 13440.224 1680.222 
571 3090 1549 13456.29 1686.812 
557 3121 1580 13490.199 1689.089 
583 3015 1603 13441.615 1684.718 
571 3109 1551 13457.68 1684.486 
572 3085 1557 13466.4 1685.044 
630 2926 1531 13384.136 1671.704 
589 3040 1588 13458.901 1686.415 
610 2996 1590 13449.975 1683.548 
600 3046 1545 13439.391 1678.414 
560 3112 1545 13480.398 1690.248 
627 3024 1586 13438.373 1681.608 
607 2992 1543 13432.995 1685.617 
611 3006 1625 13439.801 1678.497 
616 2982 1578 13426.224 1681.771 
540 3128 1507 13451.19 1681.017 
558 3071 1586 13427.671 1685.684 
559 3051 1579 13460.828 1684.73 
591 3042 1610 13437.331 1682.365 
574 3088 1537 13457.166 1683.517 
576 3024 1596 13441.869 1683.494 
588 3060 1570 13438.203 1683.334 
578 3087 1507 13454.956 1687.58 
612 3033 1577 13434.678 1680.594 
585 3055 1587 13459.377 1684.439 
613 2990 1606 13408.65 1683.157 
596 3039 1568 13443.476 1684.525 
588 3043 1582 13447.876 1685.254 
584 3079 1528 13438.937 1683.662 
562 3052 1572 13448.774 1686.122 
538 3101 1581 13467.661 1686.802 
599 3034 1569 13444.404 1681.524 
597 3037 1569 13428.568 1680.728 
572 3092 1535 13471.996 1684.194 
622 3042 1507 13466.319 1683.505 
532 3123 1475 13459.2 1685.201 
556 3103 1598 13486.412 1684.891 
568 3117 1516 13459.552 1681.753 
571 3068 1585 13460.569 1685.242 
583 3072 1580 13460.329 1684.685 
616 3007 1566 13431.941 1687.054 
533 3146 1579 13485.832 1685.041 
571 3048 1602 13444.936 1685.151 
590 3071 1534 13449.647 1686.482 
499 3185 1477 13456.668 1680.015 
574 3071 1577 13475.102 1686.025 
594 3003 1610 13426.859 1681.952 
604 3061 1539 13454.73 1685.932 
568 3098 1560 13456.466 1684.595 
586 3042 1571 13461.028 1686.36 
559 3112 1587 13455.118 1682.278 
580 3082 1573 13460.637 1685.099 
568 3075 1576 13461.471 1686.029 
575 3069 1581 13473.315 1682.993 
628 2944 1587 13398.278 1674.275 
601 3031 1575 13459.001 1681.597 
577 3077 1528 13473.118 1684.064 
593 3047 1588 13467.757 1684.984 
587 3085 1544 13467.952 1683.463 
622 2954 1603 13397.984 1678.193 
567 3083 1555 13461.98 1685.774 
633 2937 1531 13381.594 1674.818 
604 3040 1566 13460.96 1686.45 
530 3123 1561 13461.701 1685.725 
554 3063 1591 13472.527 1686.71 
