490 2439 1266 13466.258 1684.646 
484 2432 1286 13462.841 1687.942 
439 2523 1236 13489.316 1685.552 
418 2507 1258 13453.25 1680.055 
501 2400 1236 13420.795 1677.252 
483 2414 1292 13442.884 1685.984 
438 2504 1251 13468.078 1686.071 
492 2423 1279 13448.907 1686.858 
465 2491 1265 13509.002 1692.758 
456 2445 1284 13478.349 1688.833 
485 2414 1271 13467.627 1680.889 
462 2462 1271 13473.355 1683.243 
475 2427 1305 13466.806 1684.456 
451 2477 1284 13506.557 1691.243 
486 2431 1256 13456.8 1687.006 
497 2406 1263 13434.736 1682.272 
481 2443 1241 13473.349 1689.164 
497 2362 1271 13418.731 1679.849 
453 2514 1196 13484.915 1689.574 
456 2457 1270 13440.884 1684.752 
512 2314 1242 13365.853 1671.89 
497 2377 1278 13407.748 1679.176 
489 2425 1277 13470.248 1680.673 
431 2505 1204 13460.565 1687.225 
450 2498 1238 13491.113 1688.767 
395 2516 1241 13434.253 1680.512 
494 2391 1274 13415.904 1678.187 
495 2390 1253 13447.84 1684.666 
416 2514 1206 13464.629 1690.214 
425 2484 1282 13467.228 1682.973 
429 2497 1285 13446.917 1683.647 
476 2412 1287 13445.572 1681.299 
447 2502 1223 13502.584 1689.258 
444 2428 1293 13438.314 1679.661 
469 2479 1262 13484.251 1687.403 
437 2509 1245 13467.39 1682.117 
421 2507 1258 13452.443 1684.853 
495 2381 1289 13438.491 1683.435 
478 2414 1307 13430.653 1681.144 
495 2390 1269 13440.196 1676.279 
491 2412 1234 13449.602 1685.527 
411 2495 1250 13495.961 1693.709 
452 2458 1286 13452.664 1682.576 
481 2456 1284 13481.034 1688.809 
500 2378 1246 13453.324 1683.609 
455 2476 1281 13483.182 1688.62 
467 2413 1310 13422.116 1675.583 
469 2452 1288 13468.442 1689.495 
477 2487 1243 13499.454 1690.509 
463 2490 1267 13498.378 1686.579 
515 2365 1226 13423.242 1678.298 
494 2396 1245 13436.062 1681.931 
503 2373 1235 13416.602 1679.246 
502 2404 1235 13441.796 1684.068 
450 2499 1240 13468.785 1682.284 
497 2431 1230 13442.469 1679.77 
403 2535 1225 13467.71 1688.79 
507 2345 1266 13417.846 1681.244 
494 2395 1264 13431.667 1678.543 
489 2406 1323 13460.128 1684.743 
485 2442 1268 13465.189 1685.933 
428 2522 1228 13470.512 1688.318 
483 2437 1272 13460.295 1688.376 
430 2482 1271 13448.797 1685.045 
416 2510 1235 13472.66 1688.006 
