233 1253 650 13537.9 1697.097 
278 1189 640 13487.765 1687.188 
221 1260 614 13530.894 1696.435 
230 1203 676 13427.584 1682.87 
226 1260 642 13512.547 1689.587 
270 1174 677 13422.113 1679.902 
262 1225 638 13481.69 1684.331 
258 1180 647 13439.205 1690.136 
258 1199 662 13449.616 1687.077 
244 1240 652 13526.172 1693.986 
229 1253 639 13530.653 1697.92 
207 1282 611 13463.317 1686.358 
246 1254 660 13520.743 1697.328 
263 1183 647 13433.706 1689.509 
219 1256 644 13496.274 1694.434 
257 1243 624 13471.487 1684.231 
212 1278 644 13536.088 1698.996 
197 1299 604 13537.834 1700.12 
238 1231 651 13522.787 1697.64 
249 1227 651 13503.527 1689.517 
217 1277 637 13533.004 1695.494 
199 1279 613 13514.586 1694.949 
231 1262 633 13500.78 1692.116 
249 1225 630 13483.131 1689.681 
254 1224 661 13526.059 1692.264 
262 1179 659 13437.811 1681.209 
237 1255 605 13515.278 1684.97 
273 1188 652 13489.238 1689.078 
252 1225 632 13480.903 1685.381 
264 1177 665 13426.204 1681.987 
229 1273 639 13549.556 1693.501 
261 1203 658 13491.94 1685.312 
256 1212 648 13499.95 1690.465 
234 1231 671 13516.869 1697.144 
259 1212 613 13495.574 1686.719 
214 1280 609 13487.503 1683.978 
226 1265 625 13510.636 1694.696 
237 1250 630 13525.891 1700.715 
264 1196 648 13475.218 1687.345 
259 1196 639 13475.579 1685.663 
263 1200 644 13433.749 1682.55 
232 1226 673 13488.384 1687.92 
228 1217 676 13479.155 1690.281 
250 1211 675 13487.174 1691.361 
256 1217 621 13468.449 1691.61 
205 1283 605 13456.104 1683.436 
248 1224 644 13504.819 1695.844 
267 1193 647 13458.702 1679.497 
252 1232 642 13494.242 1683.522 
257 1221 626 13501.441 1691.541 
232 1241 647 13532.9 1698.366 
242 1235 647 13530.282 1689.99 
242 1222 662 13484.928 1697.009 
233 1258 619 13510.369 1691.387 
249 1229 622 13474.034 1689.488 
249 1225 654 13488.796 1682.838 
218 1223 674 13471.015 1690.105 
244 1231 646 13535.446 1696.101 
248 1243 666 13516.006 1695.25 
236 1257 642 13525.373 1704.469 
257 1224 620 13471.932 1691.529 
255 1222 638 13508.571 1692.786 
256 1185 638 13440.185 1691.697 
261 1204 636 13495.613 1691.198 
250 1222 642 13469.528 1693.046 
207 1281 615 13506.179 1692.136 
219 1265 637 13524.258 1694.262 
216 1265 620 13524.296 1696.249 
240 1254 634 13534.335 1694.266 
220 1262 640 13502.577 1687.455 
258 1198 656 13463.633 1688.54 
218 1237 670 13410.635 1678.629 
258 1211 654 13515.094 1688.985 
246 1235 635 13515.123 1697.983 
251 1219 657 13512.455 1694.945 
