733 3568 1911 13423.049 1680.221 
737 3615 1902 13444.377 1682.519 
702 3658 1921 13477.443 1683.02 
735 3637 1886 13457.55 1685.921 
697 3705 1876 13483.053 1689.303 
701 3664 1832 13462.255 1685.744 
682 3708 1874 13455.637 1681.229 
614 3728 1858 13438.224 1681.143 
633 3733 1848 13464.868 1682.202 
660 3718 1841 13472.264 1688.476 
691 3703 1908 13469.605 1682.777 
619 3756 1762 13445.858 1680.675 
698 3656 1874 13449.363 1685.466 
622 3732 1833 13458.198 1683.12 
646 3742 1827 13443.901 1684.72 
742 3615 1896 13437.791 1682.983 
656 3738 1808 13461.822 1689.918 
644 3724 1838 13470.802 1686.658 
681 3721 1829 13460.063 1681.944 
626 3717 1855 13458.17 1687.506 
634 3743 1837 13455.012 1686.424 
661 3722 1857 13435.545 1681.871 
694 3704 1878 13468.675 1680.503 
607 3746 1765 13425.043 1680.046 
677 3711 1876 13455.13 1684.09 
636 3720 1842 13434.271 1683.527 
701 3647 1867 13442.986 1683.881 
686 3676 1896 13455.33 1686.165 
624 3728 1829 13457.683 1684.519 
709 3655 1855 13443.019 1683.639 
675 3701 1901 13469.13 1688.546 
676 3640 1899 13443.17 1689.594 
669 3643 1907 13454.129 1685.554 
658 3715 1857 13442.26 1680.768 
752 3538 1897 13405.513 1676.195 
673 3740 1828 13471.213 1687.338 
604 3761 1821 13459.38 1686.505 
730 3664 1949 13450.784 1682.573 
675 3724 1839 13438.636 1684.834 
652 3717 1893 13465.937 1685.893 
666 3728 1835 13437.121 1682.027 
711 3624 1923 13424.012 1683.129 
722 3668 1829 13441.541 1678.556 
710 3608 1891 13436.092 1683.904 
704 3645 1873 13435.181 1684.625 
656 3714 1871 13466.95 1683.214 
680 3708 1935 13481.458 1683.949 
705 3665 1846 13436.731 1681.899 
706 3625 1921 13430.137 1683.888 
