319 1899 895 13489.236 1685.648 
356 1862 956 13502.406 1690.965 
340 1875 915 13473.428 1688.273 
334 1862 933 13485.672 1693.959 
364 1847 987 13470.947 1686.899 
344 1860 953 13519.006 1691.841 
307 1895 935 13470.309 1684.792 
355 1830 978 13489.502 1694.774 
362 1810 991 13460.376 1691.354 
332 1865 949 13470.385 1691.511 
338 1891 914 13485.724 1691.481 
376 1850 984 13483.435 1687.774 
362 1852 967 13526.794 1692.663 
358 1827 973 13473.721 1687.965 
383 1797 948 13466.826 1683.61 
311 1869 927 13459.433 1692.639 
380 1837 935 13499.612 1688.59 
310 1882 925 13483.528 1686.885 
390 1804 982 13462.939 1687.694 
294 1908 871 13435.507 1682.282 
307 1884 933 13448.853 1685.402 
310 1882 938 13477.076 1686.545 
327 1853 977 13474.957 1686.247 
392 1781 952 13418.923 1678.947 
329 1891 946 13467.376 1683.218 
321 1878 902 13491.922 1691.523 
375 1827 959 13497.364 1689.233 
335 1880 953 13490.298 1686.716 
322 1898 935 13484.796 1683.826 
368 1815 940 13459.341 1691.342 
382 1819 961 13471.77 1681.796 
365 1849 959 13507.506 1692.853 
372 1814 952 13456.378 1689.831 
330 1880 930 13481.047 1687.649 
384 1791 995 13464.835 1682.995 
379 1804 939 13470.62 1686.451 
346 1855 961 13493.929 1692.829 
343 1875 956 13497.567 1686.958 
319 1881 939 13501.186 1685.869 
339 1859 953 13520.075 1692.346 
357 1850 963 13504.058 1693.713 
365 1859 963 13505.146 1690.987 
342 1839 973 13470.591 1689.66 
337 1877 955 13504.689 1691.222 
377 1823 959 13480.416 1684.348 
347 1866 947 13495.66 1692.163 
367 1852 921 13475.972 1686.286 
328 1878 946 13510.202 1689.425 
323 1905 927 13481.662 1689.772 
373 1809 970 13459.85 1692.441 
329 1880 922 13486.373 1690.96 
338 1873 924 13456.015 1687.386 
334 1894 916 13486.633 1684.498 
368 1820 953 13491.137 1690.389 
322 1884 930 13484.245 1685.833 
364 1850 956 13521.416 1690.325 
330 1862 935 13486.329 1692.902 
380 1798 956 13458.577 1688.119 
378 1813 950 13452.263 1687.283 
321 1859 974 13480.752 1689.788 
337 1859 914 13464.8 1695.438 
375 1800 1006 13491.31 1689.753 
366 1861 930 13460.988 1683.712 
336 1874 941 13498.317 1691.399 
364 1865 942 13502.731 1689.347 
351 1868 971 13503.108 1690.591 
343 1881 944 13472.6 1686.275 
339 1870 945 13490.243 1692.507 
347 1882 934 13479.128 1685.188 
370 1816 987 13466.261 1689.263 
377 1816 942 13481.177 1690.285 
367 1845 933 13481.802 1690.572 
377 1794 986 13463.831 1684.66 
318 1898 921 13515.022 1686.161 
