136 612 346 13561.17 1700.684 
122 606 355 13494.699 1694.597 
119 652 331 13630.264 1709.689 
129 622 341 13536.774 1695.207 
130 616 312 13543.528 1704.301 
133 621 344 13514.377 1702.111 
116 639 332 13545.437 1709.495 
132 620 341 13562.793 1694.545 
124 600 357 13504.723 1690.098 
130 612 322 13558.145 1704.488 
130 623 326 13567.128 1700.853 
122 637 329 13611.359 1704.103 
148 597 345 13540.097 1700.861 
82 659 294 13486.807 1695.047 
98 644 340 13521.827 1700.202 
123 628 354 13558.368 1701.965 
131 607 324 13547.494 1703.915 
96 655 321 13548.188 1695.93 
138 606 350 13542.419 1704.064 
114 641 325 13550.082 1711.447 
144 602 308 13525.162 1699.591 
133 604 328 13502.909 1709.345 
124 640 345 13609.781 1707.858 
115 643 337 13563.987 1706.556 
140 606 333 13571.202 1697.856 
121 641 324 13562.683 1694.559 
139 611 348 13595.446 1702.72 
94 656 319 13556.778 1705.212 
111 638 321 13593.466 1710.246 
129 636 338 13594.509 1712.058 
137 602 342 13544.126 1704.585 
140 606 344 13527.252 1692.497 
101 653 317 13518.415 1702.03 
135 619 321 13561.258 1700.911 
130 615 311 13537.215 1706.455 
107 656 297 13585.847 1703.938 
102 652 312 13540.809 1710.041 
132 613 329 13530.185 1700.763 
98 655 308 13542.384 1710.365 
132 595 360 13457.109 1681.953 
113 642 328 13613.269 1709.698 
107 648 340 13558.73 1698.8 
136 621 330 13573.588 1695.342 
110 634 309 13532.835 1712.331 
116 626 347 13528.336 1701.993 
150 599 354 13533.651 1698.546 
142 609 321 13545.144 1695.644 
125 616 339 13560.099 1697.375 
111 633 338 13594.004 1713.503 
130 599 351 13491.218 1700.204 
