706 3640 1841 13436.61 1687.806 
668 3727 1840 13458.528 1684.931 
724 3629 1871 13422.323 1678.577 
745 3586 1873 13405.601 1675.841 
663 3747 1819 13454.449 1683.225 
745 3505 1881 13361.579 1670.22 
693 3686 1893 13448.529 1677.425 
687 3697 1907 13472.573 1685.54 
619 3751 1850 13454.197 1685.169 
624 3751 1825 13454.071 1684.094 
663 3726 1898 13460.632 1686.375 
706 3645 1866 13440.215 1682.001 
645 3756 1815 13439.851 1683.871 
710 3601 1908 13430.778 1678.877 
583 3787 1867 13442.638 1682.079 
628 3750 1816 13443.848 1684.21 
723 3582 1899 13416.356 1678.785 
732 3626 1895 13445.923 1682.707 
721 3645 1860 13434.433 1685.144 
645 3744 1848 13458.597 1684.928 
724 3574 1852 13418.444 1683.078 
695 3689 1888 13466.102 1683.503 
625 3755 1837 13449.565 1684.422 
714 3639 1851 13454.33 1685.003 
705 3667 1879 13467.824 1688.066 
705 3668 1857 13442.472 1682.56 
746 3563 1861 13403.39 1674.202 
696 3672 1857 13462.011 1684.871 
715 3616 1902 13430.567 1681.625 
735 3614 1883 13439.472 1680.051 
678 3723 1875 13487.29 1687.743 
715 3613 1875 13446.258 1680.844 
735 3514 1895 13390.873 1676.842 
696 3688 1841 13453.851 1686.178 
681 3730 1858 13481.903 1683.342 
739 3615 1834 13430.421 1679.493 
720 3603 1870 13426.926 1683.207 
703 3659 1922 13469.303 1685.971 
668 3727 1810 13451.869 1685.451 
700 3671 1827 13457.981 1682.495 
711 3663 1861 13443.816 1679.639 
693 3709 1889 13471.46 1688.529 
701 3665 1884 13457.572 1687.726 
663 3737 1838 13489.108 1688.33 
711 3656 1865 13451.534 1684.125 
712 3647 1882 13437.351 1679.921 
664 3726 1894 13480.189 1684.463 
668 3712 1900 13470.752 1683.221 
709 3641 1909 13455.23 1685.956 
649 3771 1833 13473.444 1682.861 
716 3621 1860 13438.478 1682.796 
632 3732 1850 13444.056 1679.626 
725 3537 1917 13422.74 1680.572 
699 3669 1795 13452.728 1682.87 
715 3630 1867 13429.273 1677.469 
687 3709 1836 13474.239 1686.113 
713 3629 1882 13438.59 1682.775 
715 3621 1899 13437.084 1679.102 
