230 1261 637 13519.801 1691.42 
245 1228 636 13487.602 1695.395 
245 1231 651 13512.619 1691.825 
257 1221 651 13480.391 1697.279 
243 1211 673 13489.156 1685.717 
259 1232 642 13527.756 1693.505 
269 1137 648 13360.393 1678.145 
209 1274 635 13494.938 1688.827 
263 1211 659 13517.405 1697.144 
230 1223 668 13441.39 1680.245 
215 1282 613 13541.133 1691.415 
188 1292 607 13498.637 1695.53 
273 1170 639 13461.203 1681.103 
201 1289 617 13497.811 1689.168 
259 1219 657 13504.408 1690.242 
229 1262 632 13505.942 1684.274 
241 1245 631 13503.366 1695.839 
239 1255 656 13557.675 1691.967 
245 1221 668 13529.714 1691.213 
238 1248 663 13553.454 1702.124 
222 1267 646 13538.545 1696.989 
233 1280 628 13542.224 1698.702 
234 1261 645 13516.09 1697.841 
269 1151 655 13396.066 1672.207 
214 1269 649 13503.079 1698.675 
206 1284 624 13520.844 1696.243 
244 1236 619 13491.588 1694.713 
212 1243 669 13481.952 1686.973 
228 1264 636 13491.668 1687.087 
238 1247 663 13517.075 1702.166 
210 1272 634 13519.708 1692.215 
247 1228 660 13517.327 1691.917 
236 1258 654 13537.849 1690.689 
251 1243 642 13533.806 1694.634 
241 1203 677 13441.503 1678.845 
237 1195 676 13444.373 1690.071 
196 1285 609 13490.949 1690.064 
252 1222 666 13529.45 1691.752 
241 1229 655 13517.556 1690.759 
202 1277 634 13527.23 1690.401 
242 1241 645 13507.941 1688.561 
240 1254 600 13502.416 1696.619 
258 1202 658 13518.0 1686.531 
241 1210 675 13463.602 1682.044 
200 1269 617 13513.11 1700.565 
210 1237 667 13503.889 1690.966 
240 1216 663 13487.523 1694.782 
225 1224 666 13462.939 1682.164 
251 1233 646 13513.307 1688.415 
244 1235 663 13496.168 1692.956 
202 1269 629 13520.54 1694.18 
223 1275 635 13503.462 1684.278 
268 1211 644 13475.549 1691.825 
238 1219 675 13514.351 1692.227 
198 1282 629 13495.028 1690.988 
249 1228 662 13501.976 1695.099 
267 1225 655 13492.566 1691.754 
254 1217 656 13509.749 1687.549 
261 1189 669 13489.845 1687.468 
237 1193 666 13463.176 1695.821 
226 1256 651 13518.256 1695.23 
259 1202 669 13492.171 1687.079 
272 1177 645 13471.179 1685.573 
262 1201 679 13493.776 1683.901 
198 1271 637 13467.56 1680.891 
225 1266 665 13535.235 1696.132 
235 1267 611 13525.951 1693.92 
245 1244 631 13497.505 1690.885 
243 1226 619 13515.955 1697.999 
