319 1896 922 13466.762 1681.781 
298 1899 901 13450.915 1682.89 
391 1786 945 13411.354 1679.458 
302 1903 915 13433.621 1679.272 
378 1823 942 13467.34 1682.6 
386 1806 922 13451.902 1688.096 
294 1898 927 13431.642 1677.663 
366 1846 949 13503.524 1690.031 
296 1901 903 13466.717 1684.635 
399 1776 942 13438.173 1679.992 
383 1808 915 13447.603 1684.235 
353 1769 994 13368.416 1672.144 
350 1853 969 13465.89 1689.599 
360 1855 959 13486.428 1691.28 
345 1889 970 13547.723 1696.284 
355 1850 989 13482.472 1688.772 
334 1891 929 13494.413 1687.616 
290 1908 876 13446.453 1680.986 
328 1897 904 13498.174 1691.455 
346 1872 993 13520.381 1694.36 
322 1890 918 13473.626 1687.763 
348 1876 956 13515.929 1689.855 
386 1794 985 13481.996 1686.53 
309 1898 923 13498.027 1685.782 
345 1858 916 13495.917 1696.395 
365 1858 938 13490.546 1691.861 
373 1817 990 13479.868 1689.011 
300 1897 938 13499.822 1690.197 
282 1913 890 13467.996 1686.095 
375 1839 978 13507.581 1691.095 
348 1851 963 13478.984 1685.963 
381 1800 967 13438.598 1679.523 
377 1805 939 13460.464 1687.475 
354 1847 983 13467.334 1688.867 
360 1849 980 13509.411 1689.741 
356 1866 957 13483.582 1693.538 
379 1795 951 13446.496 1682.273 
388 1787 954 13424.966 1676.592 
379 1823 945 13446.36 1682.343 
366 1841 919 13490.439 1690.06 
357 1882 927 13494.719 1692.122 
349 1848 936 13501.535 1691.233 
