429 2506 1274 13492.475 1689.445 
455 2469 1231 13478.826 1692.945 
432 2497 1230 13465.328 1684.351 
488 2424 1266 13454.632 1684.701 
429 2509 1250 13488.229 1691.279 
471 2438 1289 13459.929 1685.032 
493 2378 1272 13418.97 1677.566 
501 2356 1260 13384.584 1677.085 
461 2457 1243 13479.503 1691.854 
447 2478 1275 13471.931 1690.285 
464 2414 1298 13440.112 1684.102 
458 2478 1270 13486.123 1690.624 
488 2381 1297 13443.902 1678.51 
489 2428 1238 13460.795 1682.639 
414 2527 1193 13473.511 1687.196 
446 2490 1187 13496.218 1690.676 
438 2480 1286 13453.492 1683.308 
419 2524 1203 13443.546 1678.724 
471 2470 1264 13454.759 1683.525 
486 2430 1257 13453.935 1682.316 
474 2442 1290 13463.985 1681.75 
415 2528 1212 13470.247 1682.966 
440 2498 1229 13461.631 1678.841 
496 2412 1257 13447.446 1686.331 
441 2450 1293 13454.674 1681.031 
505 2399 1224 13415.352 1677.449 
471 2441 1280 13480.484 1684.739 
445 2500 1216 13445.039 1681.614 
442 2494 1244 13450.698 1684.024 
449 2483 1243 13459.805 1687.819 
491 2424 1235 13425.827 1677.261 
442 2497 1247 13452.319 1680.807 
431 2494 1233 13471.955 1681.789 
432 2489 1229 13464.727 1688.071 
444 2493 1249 13471.746 1685.206 
452 2493 1263 13463.95 1684.374 
433 2491 1258 13460.755 1687.202 
489 2439 1295 13447.831 1687.023 
511 2397 1259 13448.988 1684.738 
429 2458 1297 13437.158 1678.827 
469 2466 1272 13470.745 1684.37 
437 2495 1227 13465.66 1688.2 
429 2484 1280 13497.416 1689.024 
458 2484 1238 13506.597 1689.316 
431 2491 1273 13447.588 1685.943 
451 2488 1265 13478.153 1685.036 
474 2452 1285 13473.948 1688.899 
448 2489 1234 13448.273 1686.006 
425 2520 1206 13444.019 1679.57 
411 2525 1227 13464.93 1687.797 
487 2428 1265 13466.85 1682.606 
491 2422 1280 13458.141 1685.039 
482 2463 1242 13489.439 1689.627 
483 2465 1279 13483.018 1686.525 
482 2425 1280 13450.223 1683.654 
513 2381 1246 13440.94 1683.062 
467 2480 1269 13507.45 1690.078 
399 2539 1202 13442.56 1683.704 
484 2438 1255 13462.308 1682.389 
496 2362 1273 13403.166 1677.774 
464 2465 1283 13460.467 1685.46 
480 2482 1244 13492.141 1689.381 
444 2473 1286 13490.941 1690.551 
387 2541 1203 13475.179 1683.806 
492 2405 1263 13455.903 1685.621 
428 2514 1259 13470.795 1688.807 
494 2390 1273 13434.094 1677.045 
461 2480 1274 13485.409 1689.263 
