575 3062 1592 13431.84 1683.241 
618 3008 1572 13435.649 1682.678 
540 3134 1573 13481.549 1687.397 
574 3064 1595 13444.686 1684.544 
588 3085 1561 13452.33 1684.508 
563 3098 1562 13466.638 1687.063 
573 3072 1568 13439.119 1683.314 
588 3077 1545 13467.107 1688.56 
592 3053 1620 13470.717 1687.122 
564 3069 1581 13453.124 1682.933 
515 3140 1487 13437.712 1684.475 
578 3058 1586 13467.886 1687.508 
570 3076 1568 13450.576 1685.357 
554 3075 1579 13453.063 1684.921 
594 3003 1611 13421.301 1680.359 
554 3125 1555 13485.009 1684.423 
618 3025 1540 13437.201 1681.826 
591 3066 1575 13457.461 1681.816 
577 3096 1561 13450.857 1682.657 
533 3054 1598 13432.697 1682.931 
596 3061 1552 13430.514 1681.386 
557 3118 1493 13446.106 1682.479 
552 3111 1557 13475.285 1687.392 
571 3038 1627 13450.186 1683.562 
555 3103 1542 13467.617 1682.761 
577 3095 1562 13472.147 1685.468 
631 2963 1578 13444.664 1679.938 
551 3100 1551 13478.731 1686.414 
573 3086 1606 13474.316 1682.202 
554 3120 1537 13489.679 1690.329 
557 3091 1615 13475.513 1682.516 
550 3109 1553 13478.654 1688.444 
546 3091 1563 13441.297 1683.53 
624 3019 1569 13462.532 1682.356 
565 3088 1577 13479.018 1687.531 
567 3086 1577 13459.643 1683.782 
611 3055 1595 13483.936 1692.452 
517 3137 1495 13447.407 1683.572 
558 3100 1536 13451.399 1683.062 
565 3066 1587 13468.846 1685.049 
537 3089 1584 13440.797 1682.611 
557 3098 1501 13460.085 1687.867 
494 3157 1472 13434.451 1683.171 
589 3059 1595 13455.662 1683.127 
580 3063 1566 13464.225 1687.518 
545 3087 1587 13445.353 1684.99 
556 3107 1536 13462.942 1686.423 
583 3064 1584 13450.89 1680.854 
614 3076 1545 13478.001 1687.948 
542 3118 1571 13476.722 1686.223 
560 3106 1527 13487.458 1686.823 
559 3099 1531 13475.888 1685.353 
583 3060 1601 13449.037 1682.866 
566 3064 1552 13458.598 1686.46 
607 2947 1602 13406.559 1681.118 
625 2974 1539 13401.241 1676.323 
619 3002 1585 13419.326 1677.152 
569 3079 1570 13471.499 1685.841 
566 3092 1538 13455.839 1688.234 
589 3057 1579 13438.238 1683.405 
540 3109 1532 13462.123 1690.558 
538 3136 1545 13484.825 1691.106 
563 3093 1552 13479.774 1686.607 
642 2930 1628 13415.434 1680.029 
579 3078 1536 13457.428 1685.418 
579 3085 1540 13450.672 1684.837 
615 3001 1601 13458.782 1685.013 
