132 635 336 13585.406 1706.23 
103 651 320 13546.057 1701.371 
153 610 340 13590.417 1705.138 
106 654 310 13548.249 1705.085 
101 646 318 13522.738 1706.73 
113 645 333 13580.647 1703.921 
127 610 342 13562.144 1702.671 
127 614 352 13507.107 1693.92 
127 622 340 13582.955 1710.223 
133 603 353 13569.918 1702.873 
136 610 352 13568.97 1698.079 
123 635 336 13594.601 1710.107 
118 631 340 13619.522 1710.024 
116 643 311 13553.539 1700.216 
141 597 345 13499.057 1694.716 
128 625 339 13551.114 1700.216 
109 644 323 13589.991 1698.473 
100 656 298 13523.566 1689.178 
118 640 317 13548.448 1708.538 
123 604 358 13473.872 1683.976 
90 663 280 13513.521 1691.181 
127 616 345 13596.152 1695.855 
116 645 304 13532.697 1695.046 
122 640 323 13583.438 1705.51 
130 618 339 13537.651 1703.648 
134 628 338 13581.77 1713.193 
143 586 344 13495.634 1693.243 
144 614 325 13602.872 1712.531 
137 627 318 13586.733 1704.932 
138 573 349 13457.894 1681.333 
109 645 309 13571.895 1711.268 
139 610 345 13553.929 1701.301 
107 653 310 13506.482 1692.858 
95 657 302 13517.969 1694.781 
138 619 344 13552.889 1691.396 
129 619 341 13559.723 1703.031 
113 639 305 13561.406 1711.069 
136 616 321 13468.991 1697.788 
155 587 339 13514.608 1696.422 
116 641 346 13643.087 1707.314 
125 622 349 13585.187 1702.914 
99 656 324 13551.1 1700.623 
79 660 284 13505.023 1685.407 
129 610 353 13584.126 1695.171 
89 663 282 13537.052 1699.88 
100 649 323 13538.607 1703.109 
111 651 317 13601.255 1710.466 
123 624 340 13516.881 1691.69 
111 648 323 13580.036 1701.872 
95 652 330 13557.789 1705.425 
107 652 310 13589.087 1704.662 
125 623 344 13547.71 1688.727 
101 652 311 13555.939 1704.003 
128 635 335 13614.221 1702.818 
109 650 319 13581.328 1699.504 
117 643 327 13575.371 1696.75 
122 630 338 13575.07 1703.092 
