681 3709 1843 13461.555 1682.89 
620 3784 1827 13429.433 1684.754 
676 3675 1833 13443.263 1689.188 
662 3724 1817 13465.635 1687.557 
594 3779 1827 13431.851 1678.52 
680 3629 1920 13429.05 1681.309 
721 3642 1822 13446.264 1686.152 
726 3596 1872 13417.575 1674.175 
719 3605 1894 13436.642 1680.909 
684 3668 1905 13438.078 1681.374 
677 3679 1904 13444.299 1681.753 
654 3705 1908 13458.228 1683.841 
638 3756 1822 13457.963 1685.367 
694 3621 1909 13435.334 1679.129 
658 3675 1918 13454.059 1681.55 
702 3639 1912 13430.949 1684.435 
722 3627 1856 13418.129 1675.687 
729 3606 1891 13411.251 1680.119 
713 3696 1864 13475.675 1688.824 
709 3700 1895 13490.513 1688.452 
690 3668 1902 13467.339 1681.949 
712 3607 1865 13428.065 1679.188 
726 3611 1845 13420.424 1678.401 
711 3608 1893 13434.61 1679.91 
730 3585 1872 13428.524 1679.934 
715 3648 1875 13415.263 1674.795 
710 3598 1896 13423.613 1679.813 
717 3640 1823 13443.639 1683.289 
716 3621 1890 13431.103 1679.043 
723 3588 1932 13432.188 1682.101 
679 3714 1862 13477.52 1686.597 
719 3625 1885 13424.796 1678.444 
698 3637 1898 13432.703 1682.533 
703 3654 1905 13427.954 1682.465 
717 3623 1852 13442.554 1682.979 
744 3593 1914 13417.074 1679.286 
717 3632 1849 13422.741 1681.298 
717 3596 1874 13424.357 1681.063 
639 3706 1889 13442.785 1681.002 
637 3749 1843 13446.618 1682.248 
693 3615 1897 13438.668 1680.24 
716 3620 1875 13422.911 1683.166 
714 3592 1921 13420.504 1680.483 
669 3702 1896 13439.026 1679.882 
710 3621 1885 13436.377 1680.572 
657 3712 1870 13442.567 1680.442 
683 3701 1901 13453.488 1683.675 
685 3701 1874 13454.611 1681.301 
675 3741 1842 13448.264 1683.684 
729 3581 1836 13410.287 1680.158 
742 3583 1842 13411.122 1680.036 
723 3630 1840 13428.836 1678.206 
685 3702 1841 13450.545 1681.718 
692 3653 1914 13455.694 1681.333 
712 3633 1871 13426.876 1676.676 
673 3654 1916 13416.308 1681.372 
729 3628 1814 13425.355 1681.639 
677 3740 1868 13491.367 1686.326 
698 3631 1905 13434.565 1682.103 
636 3769 1830 13454.81 1685.007 
735 3577 1875 13417.921 1675.409 
745 3580 1870 13425.023 1679.45 
641 3707 1871 13450.247 1680.656 
707 3621 1898 13434.596 1683.53 
624 3743 1805 13461.184 1682.895 
722 3626 1882 13428.051 1681.027 
683 3593 1915 13391.612 1677.777 
680 3613 1919 13424.498 1682.175 
