129 623 329 13567.092 1711.799 
134 618 334 13566.184 1705.831 
134 594 353 13499.75 1686.77 
140 608 347 13565.043 1705.123 
127 606 352 13523.708 1698.412 
116 644 320 13546.937 1710.846 
125 627 323 13574.805 1712.698 
146 582 350 13465.9 1687.211 
117 632 359 13579.063 1705.425 
134 623 312 13471.022 1687.565 
111 655 348 13600.046 1702.22 
116 642 339 13632.337 1709.511 
99 658 298 13552.466 1687.854 
121 637 315 13577.269 1707.656 
124 647 330 13613.681 1707.324 
112 629 348 13588.616 1706.37 
122 636 330 13613.272 1710.332 
149 596 326 13535.431 1689.691 
127 611 350 13488.732 1692.533 
119 624 350 13492.593 1692.864 
133 635 346 13643.346 1708.864 
111 652 328 13591.012 1707.646 
116 647 313 13544.253 1708.47 
92 659 320 13508.057 1691.122 
115 628 350 13582.504 1710.515 
143 613 338 13554.714 1698.497 
113 636 341 13568.321 1699.864 
148 603 339 13544.232 1701.106 
94 656 314 13537.97 1693.103 
116 660 296 13529.617 1697.96 
145 606 331 13586.85 1706.046 
122 617 347 13548.915 1700.967 
134 621 315 13512.753 1692.286 
138 604 350 13520.302 1696.602 
125 644 317 13584.213 1704.621 
113 646 336 13609.483 1717.117 
137 613 324 13578.677 1695.503 
