310 1893 941 13473.212 1689.917 
329 1875 950 13498.111 1690.227 
356 1841 964 13490.288 1688.158 
354 1811 975 13453.751 1690.519 
348 1846 981 13490.628 1685.551 
384 1783 962 13434.571 1684.607 
361 1822 952 13471.282 1685.821 
311 1884 957 13453.382 1682.692 
345 1863 958 13504.159 1691.307 
372 1801 976 13455.606 1688.168 
383 1795 968 13432.12 1682.439 
324 1871 959 13477.734 1683.85 
379 1797 973 13468.234 1688.04 
375 1819 972 13489.453 1686.485 
360 1825 971 13478.38 1686.031 
354 1862 955 13504.139 1690.085 
376 1861 949 13504.287 1689.922 
325 1874 959 13477.051 1686.909 
339 1862 964 13455.407 1688.587 
361 1833 973 13440.009 1680.126 
363 1828 979 13453.414 1688.583 
354 1855 978 13500.892 1687.109 
335 1871 936 13512.79 1685.291 
357 1820 953 13473.241 1689.322 
365 1825 959 13451.553 1679.675 
381 1805 967 13465.723 1687.768 
336 1880 955 13487.02 1690.8 
336 1873 942 13493.596 1688.738 
379 1813 934 13461.132 1690.433 
332 1893 952 13507.016 1689.362 
363 1818 980 13455.235 1686.435 
357 1830 977 13456.984 1686.169 
360 1835 958 13487.331 1689.155 
336 1850 973 13456.892 1690.289 
379 1793 988 13434.108 1682.99 
332 1895 928 13483.913 1688.056 
305 1856 970 13443.247 1684.486 
354 1830 972 13475.094 1688.319 
353 1834 968 13480.099 1687.112 
392 1772 936 13446.635 1676.462 
366 1821 960 13466.703 1685.794 
372 1820 973 13498.573 1688.764 
386 1796 943 13463.294 1684.889 
361 1829 956 13453.645 1682.283 
308 1870 949 13475.545 1692.534 
340 1856 963 13469.078 1684.437 
331 1902 940 13533.85 1694.64 
367 1816 956 13478.741 1690.297 
341 1882 921 13495.701 1690.351 
394 1735 938 13358.311 1668.202 
341 1870 928 13472.332 1690.641 
347 1842 954 13490.688 1692.967 
351 1863 947 13474.11 1686.857 
323 1883 947 13470.911 1690.084 
366 1822 963 13462.81 1682.993 
382 1816 928 13450.132 1682.6 
279 1905 900 13433.356 1680.631 
339 1886 904 13475.887 1690.288 
354 1857 935 13482.286 1692.51 
353 1844 952 13495.031 1693.18 
354 1847 946 13482.806 1694.417 
389 1790 963 13463.667 1684.448 
336 1899 926 13521.329 1693.795 
394 1769 937 13425.667 1676.932 
327 1853 961 13472.793 1689.988 
377 1803 976 13475.894 1683.158 
379 1837 932 13490.151 1685.644 
336 1849 952 13504.911 1690.885 
393 1704 960 13354.148 1667.259 
314 1883 956 13451.959 1685.902 
349 1860 939 13498.333 1693.915 
353 1847 966 13504.47 1690.315 
297 1910 872 13448.726 1685.898 
337 1875 946 13473.379 1687.934 
331 1863 962 13468.925 1683.07 
330 1875 953 13494.898 1687.159 
356 1802 1002 13450.299 1679.744 
348 1815 950 13456.512 1694.124 
352 1837 948 13472.244 1693.84 
333 1824 977 13451.93 1688.988 
363 1820 979 13494.405 1687.048 
351 1867 942 13509.619 1690.95 
344 1853 959 13482.276 1689.01 
334 1864 960 13460.894 1690.157 
385 1806 960 13439.278 1682.476 
357 1833 930 13484.304 1690.121 
380 1816 949 13474.235 1687.412 
357 1863 939 13485.935 1684.792 
380 1813 960 13455.908 1685.971 
324 1857 948 13463.68 1691.38 
352 1865 916 13450.962 1686.215 
344 1849 962 13489.227 1687.579 
360 1840 961 13473.842 1686.052 
384 1796 928 13457.571 1685.216 
358 1838 963 13487.727 1688.574 
358 1848 911 13476.459 1690.76 
