130 614 352 13524.876 1692.432 
107 645 327 13587.573 1707.086 
127 613 340 13578.727 1704.398 
138 590 350 13498.851 1700.995 
135 623 308 13545.307 1701.528 
128 630 357 13608.955 1703.427 
114 639 327 13543.192 1693.432 
130 645 302 13635.663 1707.984 
115 640 326 13529.638 1699.373 
110 650 314 13554.05 1698.913 
108 641 329 13548.073 1696.526 
108 640 335 13542.359 1696.538 
116 641 332 13538.821 1691.485 
106 642 310 13576.211 1712.181 
129 607 350 13520.487 1703.372 
97 656 301 13521.601 1689.164 
117 638 327 13592.938 1712.903 
116 642 326 13515.723 1684.137 
127 637 308 13582.214 1702.62 
115 639 312 13588.526 1706.242 
110 641 330 13528.743 1697.227 
112 648 323 13574.445 1703.588 
155 599 346 13576.978 1697.629 
120 636 327 13605.026 1702.958 
112 643 330 13549.928 1693.208 
108 649 312 13577.753 1698.032 
87 673 327 13604.067 1709.7 
126 642 318 13563.365 1703.897 
135 611 320 13547.09 1705.095 
134 636 337 13596.589 1711.358 
110 655 310 13599.328 1709.706 
144 600 340 13516.624 1686.01 
139 610 346 13572.916 1707.447 
131 595 353 13483.286 1691.048 
117 639 319 13557.686 1707.867 
109 654 315 13553.364 1696.253 
117 622 356 13552.997 1704.359 
112 652 308 13594.921 1706.96 
123 620 339 13562.692 1705.964 
107 655 319 13611.419 1712.152 
101 652 312 13566.068 1713.953 
141 601 343 13534.078 1704.159 
110 638 333 13557.061 1702.024 
146 570 338 13470.455 1698.375 
115 644 314 13492.882 1688.904 
120 637 337 13549.173 1706.715 
115 626 338 13529.099 1704.38 
112 653 305 13577.559 1702.888 
129 613 340 13513.959 1704.381 
106 655 330 13589.437 1699.824 
124 621 337 13603.217 1714.345 
129 612 346 13553.056 1694.285 
107 635 351 13574.63 1703.649 
139 591 348 13514.523 1699.088 
120 631 323 13608.87 1707.197 
135 613 332 13545.653 1700.6 
93 654 327 13567.527 1706.907 
141 620 324 13546.838 1699.932 
