548 3095 1579 13467.962 1685.129 
587 3057 1607 13447.46 1686.616 
545 3118 1534 13466.398 1687.531 
582 3076 1515 13466.146 1681.696 
547 3094 1560 13466.521 1688.13 
571 3100 1551 13490.923 1688.815 
539 3111 1532 13468.626 1683.416 
546 3093 1584 13454.841 1683.71 
590 3071 1527 13429.072 1680.597 
579 3066 1559 13455.032 1687.097 
531 3122 1548 13444.733 1682.001 
588 3028 1613 13472.723 1683.575 
545 3101 1560 13463.602 1682.342 
583 3061 1520 13448.037 1686.374 
547 3136 1530 13487.96 1691.398 
577 3068 1580 13467.2 1688.313 
497 3155 1453 13420.568 1677.365 
553 3078 1547 13472.926 1690.705 
571 3103 1556 13478.459 1687.843 
590 3043 1574 13461.938 1682.876 
552 3084 1576 13466.385 1682.077 
601 3035 1516 13427.857 1679.159 
530 3115 1576 13443.492 1681.4 
588 3033 1590 13456.301 1683.837 
551 3083 1579 13457.433 1686.349 
590 3036 1583 13435.918 1682.999 
598 3059 1592 13459.218 1682.396 
634 2941 1541 13397.996 1677.161 
562 3074 1605 13472.064 1684.61 
622 3018 1587 13451.077 1682.668 
616 3011 1571 13459.33 1684.207 
565 3030 1612 13441.581 1683.341 
567 3078 1593 13471.452 1683.861 
583 3059 1567 13460.825 1686.136 
624 2949 1524 13395.032 1674.646 
599 3047 1553 13454.28 1684.467 
564 3098 1575 13473.043 1686.969 
605 3007 1610 13420.248 1680.015 
528 3125 1535 13450.86 1682.028 
573 3086 1515 13459.641 1682.466 
525 3130 1565 13446.243 1680.692 
523 3134 1557 13481.799 1688.999 
576 3078 1573 13462.284 1684.809 
543 3096 1563 13475.816 1685.011 
614 2960 1601 13376.94 1676.661 
529 3152 1501 13466.335 1687.452 
525 3125 1542 13453.778 1680.352 
557 3119 1531 13468.885 1686.531 
573 3044 1512 13439.765 1688.551 
589 3072 1549 13464.448 1683.859 
576 3082 1556 13477.779 1687.599 
551 3106 1587 13450.888 1682.501 
570 3090 1569 13451.384 1682.55 
605 3027 1602 13464.381 1687.145 
578 3089 1546 13456.779 1682.606 
600 3032 1560 13445.815 1681.752 
583 3055 1624 13457.834 1682.967 
601 3030 1514 13426.121 1683.886 
603 3006 1620 13447.088 1680.215 
589 3055 1568 13455.701 1686.215 
589 3070 1613 13444.029 1681.406 
577 3077 1584 13479.627 1686.583 
567 3118 1557 13465.212 1688.293 
587 3068 1565 13474.614 1684.402 
550 3088 1603 13453.735 1682.567 
568 3079 1562 13462.823 1687.725 
581 3014 1617 13458.183 1680.707 
583 3064 1505 13459.354 1690.2 
592 3024 1620 13440.531 1683.631 
583 3075 1600 13476.116 1685.688 
607 3012 1583 13449.001 1685.729 
544 3102 1570 13450.424 1682.626 
598 3049 1608 13436.362 1680.841 
600 3045 1499 13426.801 1681.923 
606 2982 1595 13418.503 1676.348 
