840 4216 2158 13427.858 1683.085 
856 4216 2116 13408.788 1678.847 
768 4348 2183 13462.171 1680.828 
836 4246 2182 13429.534 1680.336 
802 4248 2214 13453.018 1682.736 
793 4230 2230 13426.42 1680.933 
745 4350 2116 13454.867 1683.267 
806 4285 2207 13450.179 1686.594 
789 4248 2220 13437.262 1682.513 
841 4225 2199 13445.354 1680.973 
800 4320 2165 13455.116 1682.798 
808 4235 2227 13425.559 1679.181 
839 4238 2171 13420.671 1679.006 
835 4237 2129 13425.026 1681.42 
852 4145 2255 13423.155 1677.784 
800 4276 2212 13426.269 1677.911 
822 4264 2192 13435.695 1682.727 
757 4345 2169 13451.232 1683.831 
811 4240 2214 13430.927 1679.371 
830 4242 2202 13441.678 1680.642 
840 4241 2099 13408.388 1676.961 
724 4401 2133 13455.454 1682.272 
733 4385 2115 13443.858 1682.327 
834 4195 2238 13442.38 1681.414 
830 4268 2139 13431.869 1685.168 
800 4289 2121 13449.975 1686.462 
854 4165 2130 13412.526 1677.754 
828 4248 2211 13448.99 1681.322 
791 4256 2213 13446.021 1682.264 
750 4348 2121 13449.075 1682.967 
738 4365 2036 13436.929 1683.86 
842 4192 2156 13423.24 1679.002 
775 4336 2121 13442.164 1682.509 
751 4269 2120 13439.516 1687.541 
772 4355 2158 13448.685 1685.631 
847 4212 2142 13407.626 1678.15 
841 4189 2203 13427.383 1678.819 
823 4228 2192 13442.46 1683.255 
736 4367 2117 13459.441 1683.58 
810 4233 2222 13442.296 1681.427 
801 4303 2169 13454.703 1683.307 
781 4279 2221 13438.652 1680.768 
857 4188 2104 13411.958 1679.238 
796 4332 2196 13473.731 1686.821 
818 4250 2194 13426.153 1681.05 
797 4226 2225 13422.155 1681.632 
783 4238 2229 13431.043 1680.845 
840 4226 2156 13441.253 1683.288 
739 4288 2220 13443.939 1683.079 
834 4251 2150 13440.91 1681.396 
798 4282 2199 13452.039 1684.525 
776 4325 2214 13462.124 1684.508 
853 4187 2144 13401.746 1674.502 
841 4229 2169 13438.252 1682.034 
761 4344 2140 13450.338 1684.795 
807 4309 2144 13443.687 1683.242 
758 4341 2144 13451.211 1683.001 
833 4300 2184 13467.602 1684.976 
837 4210 2224 13429.952 1680.986 
853 4137 2158 13412.182 1677.964 
792 4263 2209 13423.084 1678.24 
856 4182 2194 13420.287 1676.72 
833 4258 2195 13453.073 1680.568 
