963 4753 2470 13377.259 1675.393 
954 4814 2518 13423.363 1677.7 
964 4798 2455 13419.288 1680.221 
990 4744 2440 13381.229 1675.391 
963 4739 2464 13404.34 1675.563 
897 4921 2507 13456.913 1685.99 
919 4861 2512 13434.496 1683.028 
821 4973 2487 13432.096 1680.644 
952 4822 2505 13426.892 1678.412 
957 4826 2471 13434.094 1681.714 
825 4970 2468 13427.54 1683.067 
951 4833 2401 13415.763 1675.583 
928 4894 2437 13436.084 1682.1 
908 4846 2484 13428.395 1686.218 
960 4813 2499 13423.74 1678.966 
936 4889 2498 13457.443 1682.509 
920 4895 2521 13449.313 1682.207 
832 4982 2392 13433.25 1679.592 
868 4966 2413 13433.182 1679.508 
912 4921 2438 13434.729 1680.74 
966 4745 2482 13384.366 1675.4 
917 4861 2461 13442.787 1683.364 
925 4876 2433 13453.854 1685.642 
936 4882 2436 13457.846 1683.471 
957 4731 2512 13389.001 1676.23 
820 4949 2460 13443.172 1684.36 
953 4806 2550 13416.03 1675.365 
886 4924 2423 13431.489 1682.8 
905 4898 2496 13437.877 1682.022 
910 4882 2489 13456.96 1683.908 
883 4952 2481 13463.623 1683.475 
966 4765 2455 13391.731 1675.136 
965 4786 2457 13395.968 1675.287 
887 4926 2458 13447.423 1682.573 
870 4964 2412 13427.427 1678.323 
922 4915 2450 13449.494 1684.178 
851 4957 2488 13442.665 1682.803 
880 4929 2464 13444.904 1685.04 
827 4932 2388 13435.462 1686.69 
971 4793 2443 13408.183 1677.486 
909 4907 2486 13447.194 1682.635 
882 4932 2499 13430.254 1680.577 
941 4880 2420 13420.382 1678.224 
949 4877 2568 13444.033 1682.874 
919 4859 2480 13424.553 1683.254 
895 4918 2480 13464.067 1684.836 
868 4950 2482 13441.487 1678.598 
899 4920 2390 13446.418 1682.911 
950 4838 2482 13429.185 1679.795 
903 4911 2535 13463.397 1683.087 
844 4982 2358 13418.379 1678.018 
855 4948 2370 13436.737 1684.656 
894 4942 2483 13461.409 1682.348 
879 4959 2424 13457.794 1681.553 
962 4816 2460 13411.147 1676.81 
797 5010 2392 13440.153 1680.146 
872 4857 2569 13427.558 1677.761 
861 4974 2466 13455.217 1684.3 
824 4987 2407 13447.322 1680.199 
913 4848 2482 13417.2 1683.356 
900 4883 2452 13425.059 1683.603 
856 4942 2531 13433.901 1680.681 
921 4865 2472 13433.043 1682.936 
