853 4152 2167 13396.76 1674.022 
817 4305 2210 13457.74 1684.699 
792 4309 2175 13460.453 1686.661 
780 4351 2159 13477.721 1686.213 
785 4259 2153 13438.909 1687.979 
746 4349 2168 13444.219 1681.776 
752 4353 2137 13462.689 1687.788 
727 4354 2140 13433.041 1681.481 
744 4342 2185 13446.798 1688.345 
800 4321 2123 13460.104 1686.637 
764 4305 2185 13453.638 1684.939 
852 4137 2154 13398.056 1680.236 
848 4201 2132 13418.9 1678.524 
790 4238 2262 13437.086 1685.015 
713 4361 2101 13426.523 1678.853 
704 4360 2111 13429.093 1681.706 
772 4352 2127 13457.445 1683.758 
829 4281 2202 13450.996 1684.463 
795 4314 2149 13441.8 1682.652 
773 4307 2169 13461.66 1686.562 
761 4357 2103 13444.027 1682.268 
726 4380 2124 13429.374 1678.536 
788 4343 2157 13438.775 1681.806 
849 4188 2188 13416.492 1678.87 
854 4171 2143 13399.045 1674.847 
770 4315 2210 13450.386 1682.362 
799 4306 2188 13461.683 1684.425 
792 4292 2158 13461.479 1687.059 
791 4339 2200 13464.703 1684.922 
845 4278 2254 13471.206 1686.991 
852 4142 2174 13399.562 1672.331 
704 4376 2093 13432.999 1680.744 
866 4121 2147 13381.155 1674.605 
784 4331 2156 13465.794 1682.604 
783 4291 2128 13462.413 1685.768 
848 4192 2190 13425.462 1680.581 
763 4341 2175 13449.017 1681.949 
