784 4360 2112 13457.171 1686.331 
801 4286 2216 13480.749 1687.243 
789 4315 2164 13447.439 1682.794 
843 4172 2150 13406.13 1679.25 
821 4237 2155 13433.316 1683.459 
855 4177 2154 13412.718 1676.46 
850 4179 2194 13417.537 1676.131 
823 4249 2152 13427.668 1680.92 
800 4298 2180 13455.383 1684.12 
860 4159 2162 13406.236 1678.723 
797 4310 2136 13441.176 1682.831 
823 4212 2165 13438.286 1683.483 
842 4157 2204 13405.811 1676.371 
844 4207 2163 13405.534 1680.145 
823 4231 2222 13435.308 1682.314 
819 4253 2180 13438.237 1683.281 
831 4172 2206 13399.249 1678.888 
783 4334 2225 13464.864 1686.96 
824 4240 2165 13416.86 1678.334 
830 4236 2217 13440.728 1682.447 
818 4262 2164 13434.338 1682.961 
797 4304 2184 13449.905 1678.689 
817 4296 2192 13460.303 1684.843 
817 4229 2230 13413.766 1679.916 
783 4385 2191 13475.5 1689.404 
794 4301 2236 13470.728 1684.189 
806 4271 2202 13452.895 1683.696 
786 4316 2178 13450.442 1684.009 
820 4161 2232 13404.219 1676.028 
796 4328 2069 13433.156 1679.682 
770 4348 2198 13450.528 1682.098 
801 4291 2232 13452.282 1683.484 
825 4225 2180 13435.83 1683.203 
809 4307 2162 13453.461 1684.184 
834 4231 2147 13424.276 1680.423 
808 4246 2217 13426.813 1682.34 
822 4253 2158 13431.85 1680.797 
857 4217 2142 13430.715 1682.897 
809 4264 2202 13417.664 1677.547 
800 4305 2135 13451.28 1684.659 
748 4398 2086 13468.241 1686.867 
809 4274 2152 13457.044 1685.378 
829 4240 2157 13421.01 1679.524 
795 4307 2183 13470.607 1685.825 
842 4228 2195 13447.167 1683.052 
857 4174 2144 13393.38 1678.628 
826 4261 2150 13421.204 1677.315 
819 4210 2227 13422.594 1680.445 
826 4220 2162 13443.101 1683.619 
826 4226 2160 13430.671 1683.739 
802 4272 2179 13465.414 1685.147 
773 4227 2238 13420.756 1678.108 
772 4326 2211 13479.506 1686.164 
864 4166 2169 13405.329 1680.521 
830 4243 2161 13423.683 1677.193 
830 4189 2218 13407.788 1678.327 
817 4187 2216 13416.537 1684.213 
