136 597 348 13537.369 1703.172 
94 662 310 13525.958 1698.041 
133 607 358 13522.268 1694.558 
142 572 348 13416.907 1683.994 
110 639 334 13566.599 1708.236 
117 634 346 13536.952 1696.371 
135 608 336 13530.169 1696.308 
128 618 328 13517.199 1705.538 
129 628 343 13592.522 1705.346 
137 609 308 13507.372 1694.687 
109 649 345 13598.116 1698.706 
130 602 331 13529.515 1708.054 
113 639 347 13609.508 1699.847 
144 587 341 13497.189 1693.76 
105 651 322 13541.357 1696.478 
140 605 340 13518.902 1706.47 
118 619 346 13560.909 1704.597 
128 607 347 13479.915 1694.845 
113 650 325 13576.755 1706.969 
134 619 328 13553.61 1697.876 
135 609 311 13500.386 1703.864 
101 648 320 13591.818 1702.87 
148 571 340 13420.324 1685.209 
142 606 328 13504.731 1688.88 
107 653 305 13550.731 1697.036 
108 653 302 13590.256 1702.746 
133 622 339 13569.972 1703.941 
124 619 343 13561.867 1714.694 
111 641 319 13595.175 1708.246 
127 610 344 13468.616 1694.33 
127 629 336 13587.902 1707.653 
136 615 322 13502.541 1694.796 
132 630 318 13547.134 1694.983 
117 636 336 13622.655 1710.352 
132 618 337 13584.547 1696.873 
122 621 338 13521.264 1707.484 
122 611 348 13500.425 1692.969 
121 636 331 13539.428 1695.278 
146 582 339 13460.506 1691.726 
131 614 340 13494.261 1693.049 
110 656 320 13580.56 1695.406 
143 586 340 13500.343 1697.817 
117 641 314 13605.962 1711.344 
137 617 340 13532.265 1692.838 
133 644 317 13585.002 1706.322 
138 603 328 13523.483 1702.799 
123 618 348 13489.87 1701.715 
124 632 325 13583.084 1708.459 
109 650 324 13580.624 1699.176 
123 608 344 13502.342 1692.939 
119 623 336 13570.831 1709.373 
123 635 337 13577.008 1698.08 
137 607 327 13596.027 1701.832 
119 632 319 13592.694 1703.484 
116 635 345 13595.445 1705.471 
91 667 314 13569.074 1706.708 
131 621 324 13507.793 1705.475 
128 615 326 13544.61 1706.417 
127 619 326 13570.65 1708.104 
143 600 315 13468.049 1682.114 
118 638 319 13555.309 1705.29 
135 606 328 13501.751 1699.511 
105 660 308 13630.591 1716.72 
141 604 355 13565.521 1699.131 
117 617 348 13519.306 1694.277 
137 604 317 13546.759 1703.801 
116 637 338 13574.165 1703.571 
130 624 324 13547.956 1701.131 
120 633 329 13560.932 1705.764 
130 605 343 13535.024 1701.686 
136 611 305 13542.901 1696.292 
