265 1219 592 13509.37 1695.104 
251 1239 653 13538.198 1690.457 
256 1225 626 13484.644 1689.17 
233 1276 651 13530.186 1698.815 
265 1219 643 13525.107 1691.199 
244 1231 642 13516.742 1691.073 
199 1288 626 13508.298 1690.972 
238 1235 650 13498.958 1694.735 
201 1285 635 13528.397 1687.166 
247 1216 682 13487.379 1685.663 
250 1210 628 13460.245 1694.341 
237 1237 624 13511.286 1695.358 
249 1231 653 13514.475 1690.564 
274 1183 647 13468.331 1686.615 
234 1240 652 13529.159 1685.134 
242 1243 629 13538.185 1694.185 
203 1269 644 13523.09 1702.436 
225 1250 658 13507.431 1690.288 
253 1216 659 13503.405 1693.308 
247 1231 651 13473.65 1691.209 
260 1229 627 13496.406 1687.345 
252 1223 664 13515.946 1684.808 
253 1235 645 13515.056 1692.199 
232 1235 668 13499.331 1686.859 
251 1219 671 13490.794 1688.74 
227 1246 618 13516.53 1700.452 
259 1223 649 13508.149 1692.477 
262 1208 659 13473.03 1693.37 
213 1278 595 13467.007 1681.83 
258 1206 629 13480.679 1695.618 
246 1225 669 13490.249 1689.658 
242 1242 639 13532.073 1694.452 
231 1226 640 13459.574 1699.6 
235 1243 636 13519.275 1697.061 
199 1277 619 13497.897 1693.072 
247 1223 656 13468.011 1690.996 
250 1234 640 13515.613 1693.173 
237 1246 661 13509.841 1695.579 
250 1207 663 13475.24 1690.472 
248 1227 644 13531.866 1698.695 
249 1253 625 13529.717 1690.827 
233 1225 671 13463.242 1686.408 
250 1230 642 13522.233 1693.978 
245 1252 649 13521.396 1690.59 
275 1192 627 13476.352 1686.417 
221 1247 653 13522.256 1694.817 
224 1265 647 13539.884 1695.925 
215 1269 617 13536.974 1695.901 
265 1169 660 13414.002 1677.764 
217 1274 644 13536.535 1691.96 
248 1227 662 13493.292 1685.687 
262 1204 687 13523.602 1701.51 
192 1305 615 13519.036 1690.102 
206 1293 610 13521.009 1700.839 
263 1201 660 13505.936 1693.53 
230 1230 658 13483.095 1696.046 
267 1192 631 13447.21 1685.557 
248 1219 653 13503.242 1695.489 
246 1243 658 13513.029 1694.152 
255 1206 652 13488.403 1686.002 
212 1271 635 13557.999 1698.117 
246 1226 670 13497.078 1686.862 
239 1257 649 13543.608 1695.295 
238 1244 666 13523.881 1694.515 
