937 4841 2497 13434.828 1677.411 
950 4845 2507 13430.765 1676.59 
931 4860 2530 13450.563 1683.801 
803 4982 2400 13425.352 1677.151 
989 4821 2527 13451.351 1685.816 
914 4930 2426 13461.492 1683.67 
927 4866 2485 13438.464 1681.847 
941 4845 2487 13430.974 1682.157 
895 4938 2492 13451.51 1684.248 
884 4906 2519 13460.501 1684.924 
972 4842 2488 13447.051 1685.888 
882 4947 2488 13454.015 1683.089 
898 4927 2520 13440.789 1683.039 
869 4924 2425 13439.51 1685.879 
911 4866 2555 13422.167 1679.231 
975 4809 2528 13445.086 1683.285 
934 4919 2470 13460.588 1681.236 
884 4970 2403 13454.628 1682.07 
933 4866 2471 13422.761 1678.187 
921 4881 2536 13449.794 1683.515 
943 4849 2452 13435.041 1678.671 
874 4976 2461 13446.205 1685.337 
865 4952 2435 13455.576 1679.689 
944 4845 2452 13428.375 1680.793 
930 4902 2479 13444.295 1677.683 
930 4867 2455 13440.284 1682.174 
858 4979 2479 13443.63 1680.508 
932 4847 2498 13435.683 1681.481 
948 4841 2523 13419.266 1676.749 
924 4917 2534 13458.606 1684.444 
819 4987 2415 13421.993 1678.43 
882 4959 2443 13445.237 1681.309 
910 4931 2460 13456.794 1682.183 
903 4937 2431 13434.023 1683.492 
889 4939 2462 13421.829 1680.988 
949 4840 2505 13430.403 1682.104 
929 4868 2403 13432.243 1683.002 
