217 1248 657 13504.9 1694.443 
243 1243 649 13509.312 1689.36 
251 1229 644 13536.324 1699.523 
240 1239 645 13503.854 1691.422 
236 1245 629 13552.12 1694.67 
229 1265 624 13483.194 1688.981 
240 1214 660 13474.014 1693.421 
256 1179 657 13438.189 1682.824 
240 1196 685 13446.029 1688.12 
200 1289 599 13488.683 1682.789 
274 1185 634 13441.354 1686.174 
243 1240 633 13499.474 1696.055 
181 1291 590 13429.838 1682.93 
240 1227 649 13488.04 1696.439 
252 1211 636 13503.33 1692.782 
211 1278 597 13481.171 1691.217 
201 1283 587 13489.294 1689.068 
243 1220 653 13501.335 1695.74 
260 1213 640 13512.964 1688.002 
250 1230 616 13515.929 1696.208 
252 1208 649 13447.718 1691.306 
196 1274 610 13481.108 1696.891 
233 1248 632 13490.428 1695.762 
231 1246 653 13517.281 1694.788 
236 1238 660 13499.287 1693.613 
223 1244 658 13494.263 1693.499 
248 1240 611 13467.622 1682.825 
239 1233 648 13491.585 1693.185 
242 1213 657 13492.348 1695.852 
257 1201 638 13505.608 1688.796 
237 1233 647 13519.023 1695.653 
225 1238 660 13503.016 1693.325 
248 1239 601 13498.821 1686.574 
207 1278 618 13482.007 1684.066 
231 1247 652 13532.259 1694.678 
238 1246 645 13513.0 1694.118 
247 1232 637 13502.404 1691.121 
214 1276 617 13545.23 1695.965 
242 1243 661 13511.707 1690.477 
258 1226 625 13513.662 1689.507 
194 1280 641 13458.02 1684.786 
215 1270 641 13524.926 1692.942 
254 1229 637 13503.444 1689.591 
267 1177 654 13454.41 1691.063 
227 1267 601 13469.025 1689.885 
197 1289 601 13479.679 1691.009 
241 1255 621 13518.829 1694.632 
243 1234 622 13514.762 1700.335 
248 1228 659 13520.676 1690.122 
224 1251 640 13522.763 1695.687 
244 1218 668 13498.745 1691.808 
260 1180 650 13470.287 1691.002 
212 1272 653 13515.918 1695.992 
217 1265 635 13535.229 1697.602 
237 1264 666 13543.262 1692.215 
255 1202 654 13466.438 1692.18 
243 1238 672 13521.467 1691.261 
220 1260 656 13537.458 1693.58 
252 1211 646 13488.376 1695.126 
208 1280 615 13516.28 1695.607 
232 1231 690 13477.142 1686.483 
258 1172 666 13411.445 1683.774 
231 1261 616 13506.953 1700.482 
256 1172 666 13413.019 1677.624 
237 1246 627 13513.751 1693.378 
227 1265 650 13534.708 1693.513 
226 1276 640 13525.975 1693.031 
221 1226 643 13486.877 1703.497 
250 1221 649 13490.158 1690.464 
217 1266 625 13527.635 1699.347 
227 1227 674 13482.836 1689.722 
252 1220 675 13502.796 1688.604 
203 1281 627 13522.132 1693.01 
241 1249 601 13521.859 1690.429 
236 1247 640 13513.589 1692.838 
250 1215 672 13517.497 1691.996 
229 1256 650 13520.564 1698.338 
204 1282 608 13489.172 1688.656 
224 1260 633 13539.155 1696.575 
236 1246 633 13495.255 1696.514 
233 1233 673 13466.91 1686.212 
213 1262 615 13501.28 1699.411 
238 1226 690 13496.487 1690.378 
223 1244 657 13519.573 1695.237 
222 1273 635 13531.372 1693.283 
220 1273 636 13537.052 1690.691 
239 1234 645 13469.066 1693.09 
254 1218 638 13499.557 1692.719 
245 1232 603 13449.52 1693.723 
265 1206 655 13480.2 1689.864 
256 1190 660 13449.512 1681.525 
