387 1816 930 13451.469 1684.106 
308 1896 944 13515.365 1690.09 
386 1809 968 13467.8 1688.186 
351 1833 936 13468.894 1697.141 
341 1852 953 13454.971 1692.821 
383 1816 957 13447.24 1681.091 
394 1716 912 13352.781 1665.377 
320 1888 921 13469.557 1687.469 
332 1862 957 13475.544 1691.429 
329 1871 970 13503.848 1687.453 
323 1894 905 13479.25 1689.342 
370 1839 942 13470.797 1688.412 
352 1865 953 13485.166 1687.096 
355 1856 955 13489.033 1689.855 
315 1886 926 13436.303 1679.6 
355 1806 981 13422.439 1680.562 
329 1848 969 13480.248 1689.76 
318 1910 902 13490.386 1686.078 
361 1856 941 13505.91 1689.901 
322 1888 895 13458.523 1690.291 
347 1879 963 13496.134 1690.32 
392 1783 976 13458.17 1684.034 
341 1884 956 13519.724 1691.884 
345 1815 991 13423.556 1677.922 
358 1831 970 13457.15 1682.65 
318 1886 920 13479.564 1690.407 
360 1840 967 13484.696 1689.336 
284 1915 904 13441.952 1687.243 
345 1856 953 13486.095 1691.417 
367 1827 972 13458.739 1687.094 
345 1850 966 13477.139 1686.075 
357 1825 970 13485.128 1681.98 
359 1832 972 13462.378 1679.348 
383 1809 956 13488.419 1694.858 
374 1789 986 13474.881 1689.089 
348 1847 975 13493.677 1691.853 
342 1866 971 13486.215 1687.44 
355 1831 969 13463.967 1685.993 
378 1786 986 13428.086 1685.462 
308 1901 895 13482.437 1688.977 
303 1913 937 13472.455 1689.118 
357 1872 952 13522.336 1692.844 
339 1864 900 13480.327 1693.005 
355 1847 957 13494.64 1688.206 
349 1858 979 13489.743 1685.343 
316 1880 982 13494.396 1686.19 
369 1824 960 13455.203 1688.995 
316 1886 925 13462.928 1687.181 
379 1814 960 13467.93 1680.193 
367 1859 949 13502.81 1693.461 
360 1798 983 13442.849 1684.069 
352 1804 986 13425.509 1682.617 
313 1906 901 13476.582 1686.168 
378 1822 978 13513.116 1691.002 
360 1861 945 13509.209 1696.993 
309 1870 917 13462.025 1692.97 
351 1881 934 13517.015 1690.61 
354 1846 969 13505.567 1693.545 
372 1839 952 13495.656 1686.0 
371 1825 955 13460.79 1684.774 
311 1898 955 13487.179 1688.948 
