344 1838 969 13492.942 1689.581 
315 1859 970 13453.718 1686.981 
339 1879 931 13489.181 1688.303 
342 1873 943 13478.502 1685.315 
366 1823 952 13491.117 1689.546 
347 1832 950 13492.582 1695.87 
334 1882 933 13479.207 1693.06 
371 1827 946 13452.675 1688.832 
355 1840 953 13453.858 1687.223 
360 1840 960 13461.947 1682.048 
338 1856 948 13499.475 1689.575 
342 1857 919 13499.129 1691.62 
338 1867 959 13481.74 1687.089 
334 1881 925 13481.908 1686.475 
369 1813 992 13464.847 1687.741 
371 1807 930 13457.75 1690.052 
341 1891 922 13489.623 1686.644 
348 1827 974 13455.102 1689.023 
352 1863 958 13483.927 1688.358 
377 1838 955 13479.752 1688.485 
366 1852 945 13480.606 1688.16 
357 1830 961 13478.142 1691.66 
363 1802 961 13432.442 1689.456 
323 1881 922 13493.384 1694.316 
354 1856 972 13468.085 1687.842 
306 1912 927 13465.619 1690.296 
373 1789 990 13442.816 1685.763 
345 1878 929 13477.323 1682.591 
360 1869 927 13468.799 1689.907 
328 1911 945 13519.287 1693.221 
350 1843 963 13462.713 1688.886 
336 1891 933 13477.475 1681.242 
354 1846 959 13479.939 1680.856 
358 1847 946 13460.691 1681.748 
318 1867 962 13466.998 1688.94 
349 1856 969 13487.766 1685.93 
365 1844 951 13497.935 1694.835 
382 1837 956 13500.027 1685.509 
346 1876 908 13469.209 1688.281 
355 1855 933 13494.851 1686.698 
352 1849 965 13475.703 1688.37 
340 1863 963 13473.503 1689.457 
348 1864 960 13489.494 1695.304 
398 1796 945 13478.434 1684.132 
341 1877 952 13486.274 1685.583 
332 1880 955 13496.03 1689.051 
389 1837 981 13491.578 1686.135 
329 1883 936 13453.744 1682.655 
346 1826 976 13476.531 1687.643 
369 1805 945 13445.416 1690.23 
356 1819 965 13474.668 1688.62 
333 1874 943 13475.488 1689.689 
350 1836 970 13482.716 1686.456 
363 1814 958 13467.43 1686.583 
362 1843 959 13463.971 1683.63 
335 1872 950 13498.247 1691.395 
365 1822 995 13470.747 1685.447 
368 1845 944 13495.139 1688.619 
296 1916 942 13483.272 1687.132 
358 1865 913 13482.089 1690.699 
367 1837 949 13480.562 1686.983 
335 1880 925 13495.542 1689.303 
349 1854 938 13491.359 1687.321 
372 1813 1014 13454.572 1680.887 
350 1850 935 13461.063 1689.335 
304 1869 962 13455.854 1682.1 
355 1856 924 13488.786 1690.992 
342 1867 936 13482.387 1689.53 
339 1855 996 13474.669 1692.082 
344 1875 928 13475.582 1686.502 
337 1868 957 13491.668 1690.08 
327 1855 966 13483.104 1689.957 
328 1906 957 13512.509 1691.452 
338 1892 924 13482.729 1689.158 
347 1863 948 13490.32 1691.461 
