739 3558 1873 13409.582 1674.478 
665 3685 1887 13448.96 1684.199 
678 3680 1870 13444.149 1685.67 
701 3657 1824 13443.491 1685.702 
700 3673 1871 13458.317 1685.07 
642 3709 1827 13448.725 1686.272 
719 3603 1900 13434.711 1683.427 
685 3647 1904 13434.937 1684.441 
717 3665 1940 13473.552 1684.07 
738 3525 1882 13386.642 1677.266 
730 3605 1866 13443.646 1683.245 
723 3636 1882 13424.626 1682.184 
656 3681 1869 13457.038 1686.043 
706 3628 1868 13427.058 1686.04 
665 3713 1793 13453.164 1683.141 
729 3631 1887 13459.992 1685.852 
670 3714 1880 13448.509 1681.539 
721 3607 1910 13428.702 1681.252 
701 3685 1877 13459.473 1684.159 
656 3721 1821 13457.667 1685.114 
701 3656 1874 13453.254 1686.97 
692 3678 1865 13443.433 1685.027 
653 3737 1840 13431.642 1681.355 
657 3693 1882 13466.089 1682.843 
712 3665 1848 13455.729 1684.299 
736 3577 1867 13402.016 1677.949 
671 3673 1886 13444.181 1686.533 
733 3557 1837 13398.505 1678.167 
653 3744 1828 13451.203 1681.943 
686 3705 1855 13454.629 1686.199 
658 3674 1907 13441.912 1685.422 
698 3687 1892 13460.818 1682.928 
698 3699 1860 13484.297 1687.433 
680 3711 1829 13454.712 1683.08 
652 3735 1833 13458.527 1683.93 
678 3708 1825 13468.527 1681.484 
636 3749 1808 13444.667 1683.241 
658 3701 1908 13454.749 1681.879 
729 3586 1894 13442.597 1681.963 
676 3686 1909 13474.443 1681.346 
680 3705 1882 13461.762 1684.455 
723 3640 1872 13422.177 1679.243 
731 3598 1896 13449.403 1681.137 
671 3722 1865 13457.048 1682.479 
709 3647 1862 13449.954 1684.224 
741 3591 1868 13411.846 1677.069 
710 3649 1849 13442.767 1685.525 
664 3694 1910 13448.876 1684.61 
703 3712 1873 13465.285 1681.677 
680 3669 1873 13450.263 1685.367 
735 3591 1832 13418.025 1676.634 
678 3709 1822 13450.352 1683.084 
684 3689 1881 13450.791 1684.488 
664 3728 1852 13453.124 1684.659 
656 3723 1856 13453.809 1686.248 
696 3693 1921 13461.745 1683.727 
689 3710 1834 13447.243 1685.638 
646 3748 1820 13452.132 1685.935 
746 3529 1855 13395.193 1676.591 
663 3739 1872 13463.836 1680.152 
735 3556 1850 13400.797 1677.966 
710 3666 1798 13418.685 1679.465 
701 3666 1862 13443.373 1685.093 
693 3667 1866 13452.766 1685.241 
689 3670 1893 13458.322 1683.972 
610 3747 1829 13441.967 1683.513 
657 3722 1821 13456.118 1686.743 
673 3684 1871 13444.172 1684.733 
695 3660 1890 13461.241 1687.34 
683 3679 1878 13466.062 1684.542 
650 3746 1862 13478.062 1684.781 
610 3756 1808 13439.841 1680.755 
709 3620 1854 13442.302 1687.9 
639 3738 1831 13452.968 1684.995 
