327 1882 906 13495.378 1691.805 
323 1883 923 13508.127 1689.709 
360 1877 888 13493.786 1689.935 
334 1890 939 13502.614 1685.726 
361 1794 988 13449.314 1685.746 
378 1800 949 13471.387 1690.601 
305 1890 938 13481.195 1692.33 
323 1888 931 13495.818 1686.183 
337 1879 900 13486.934 1688.749 
362 1826 1004 13466.507 1684.372 
354 1868 943 13460.298 1688.867 
356 1847 933 13475.891 1690.225 
337 1882 919 13485.335 1684.932 
333 1883 948 13487.562 1683.955 
318 1887 936 13498.733 1694.711 
330 1896 905 13484.873 1685.633 
336 1869 976 13486.945 1693.566 
307 1893 933 13485.457 1689.506 
317 1906 930 13505.546 1698.166 
338 1883 898 13479.021 1684.831 
331 1893 940 13484.393 1689.9 
361 1820 980 13452.386 1687.386 
369 1851 956 13481.719 1686.215 
358 1854 944 13465.68 1687.801 
377 1837 976 13503.346 1691.389 
361 1819 989 13467.463 1685.27 
302 1959 909 13531.345 1693.893 
357 1852 930 13476.384 1686.025 
359 1856 936 13465.085 1682.674 
343 1874 922 13507.841 1696.584 
389 1795 981 13468.254 1683.211 
355 1855 954 13484.558 1689.307 
320 1884 963 13471.487 1686.102 
353 1869 970 13504.406 1691.27 
320 1886 945 13495.648 1686.763 
368 1828 978 13477.058 1686.763 
335 1885 876 13478.501 1688.158 
358 1846 893 13470.801 1687.299 
356 1847 972 13476.445 1686.47 
322 1888 943 13472.521 1684.706 
371 1840 964 13535.074 1694.589 
360 1850 977 13458.213 1685.695 
333 1881 949 13489.807 1693.127 
339 1848 977 13494.209 1690.396 
387 1820 975 13501.76 1688.8 
375 1844 941 13512.614 1690.111 
381 1811 976 13478.962 1685.977 
351 1851 953 13495.847 1692.785 
347 1858 954 13507.688 1696.653 
366 1809 993 13464.997 1684.403 
352 1862 931 13497.677 1692.508 
375 1767 992 13420.572 1680.362 
350 1864 962 13494.009 1695.989 
326 1883 926 13485.972 1690.552 
336 1887 946 13484.04 1686.484 
324 1858 981 13469.263 1689.504 
344 1878 975 13515.871 1692.31 
356 1860 922 13460.905 1677.041 
345 1865 940 13486.987 1691.948 
351 1848 941 13495.104 1693.994 
354 1857 960 13493.361 1695.296 
356 1851 942 13486.402 1687.147 
