317 1904 920 13476.901 1691.505 
353 1834 974 13484.434 1689.128 
363 1843 944 13491.138 1690.134 
334 1889 965 13506.987 1690.726 
382 1828 998 13486.048 1689.086 
325 1894 904 13467.541 1684.92 
369 1826 942 13468.372 1693.004 
371 1825 942 13490.75 1687.883 
350 1877 948 13497.925 1688.368 
365 1836 937 13498.016 1691.603 
384 1783 940 13443.624 1681.147 
320 1892 914 13489.473 1693.966 
322 1898 909 13497.08 1688.309 
313 1899 934 13511.71 1690.459 
371 1844 934 13461.515 1682.982 
389 1787 947 13439.607 1681.882 
343 1872 943 13482.203 1691.098 
383 1784 986 13449.937 1681.2 
348 1848 971 13468.024 1688.19 
363 1821 964 13464.622 1695.141 
370 1833 935 13448.456 1685.045 
348 1845 971 13476.402 1686.607 
369 1837 953 13478.298 1688.668 
307 1910 913 13460.391 1686.064 
372 1849 948 13457.189 1680.857 
307 1904 934 13485.314 1692.035 
288 1913 929 13484.495 1679.823 
361 1839 977 13464.593 1683.328 
365 1841 967 13495.684 1683.962 
367 1836 956 13473.877 1683.725 
385 1809 926 13441.415 1681.802 
345 1867 980 13508.892 1695.091 
299 1892 938 13473.168 1691.246 
385 1775 991 13421.634 1682.695 
366 1838 971 13480.055 1689.32 
359 1829 974 13496.858 1690.667 
363 1828 959 13506.277 1689.844 
361 1866 965 13510.074 1693.102 
327 1865 986 13495.033 1689.657 
321 1895 958 13502.772 1689.81 
364 1838 947 13482.423 1687.276 
293 1921 900 13492.632 1683.33 
293 1916 903 13451.106 1679.29 
341 1858 964 13512.988 1687.397 
368 1836 929 13460.914 1689.194 
348 1841 978 13492.197 1689.949 
342 1853 985 13479.694 1685.208 
319 1904 929 13497.031 1688.78 
353 1856 971 13483.598 1684.143 
351 1876 903 13449.236 1681.251 
322 1868 967 13456.882 1690.606 
305 1912 958 13484.31 1690.196 
388 1786 964 13426.155 1687.564 
384 1778 971 13414.251 1679.571 
341 1884 959 13502.71 1694.421 
368 1793 947 13431.973 1689.263 
309 1913 880 13436.29 1682.58 
