708 3659 1904 13455.602 1683.053 
713 3693 1872 13475.495 1685.793 
710 3658 1919 13431.172 1677.664 
650 3741 1810 13463.42 1683.389 
730 3618 1821 13423.873 1680.567 
711 3597 1935 13425.639 1675.747 
628 3761 1781 13416.925 1679.269 
720 3644 1888 13443.416 1681.568 
663 3738 1845 13453.582 1684.084 
723 3603 1876 13432.456 1682.778 
645 3698 1949 13462.005 1686.601 
680 3729 1864 13487.964 1690.034 
734 3621 1830 13445.483 1679.936 
628 3734 1846 13417.29 1680.427 
672 3576 1928 13406.871 1680.072 
639 3756 1825 13452.612 1683.255 
721 3646 1923 13456.655 1680.949 
631 3739 1799 13444.702 1684.305 
684 3732 1874 13490.126 1686.224 
695 3679 1881 13448.902 1684.255 
676 3699 1877 13446.183 1684.317 
691 3670 1902 13467.409 1681.967 
616 3745 1839 13430.348 1680.291 
715 3653 1879 13440.826 1682.688 
683 3669 1923 13444.158 1684.03 
738 3608 1906 13431.969 1683.008 
602 3775 1771 13422.183 1680.187 
674 3677 1887 13461.176 1687.228 
670 3692 1890 13441.226 1684.669 
671 3692 1881 13445.255 1685.258 
727 3626 1869 13431.776 1681.766 
628 3704 1877 13419.294 1677.885 
691 3689 1904 13463.776 1684.305 
751 3572 1854 13413.419 1678.677 
717 3618 1903 13450.802 1682.152 
742 3591 1911 13443.468 1683.622 
727 3603 1843 13436.714 1684.483 
699 3699 1866 13455.73 1682.464 
735 3601 1870 13446.347 1682.868 
752 3558 1831 13385.543 1673.639 
623 3742 1842 13435.956 1680.389 
715 3648 1921 13444.444 1684.525 
722 3640 1849 13458.164 1678.774 
737 3625 1818 13432.539 1678.901 
699 3684 1877 13461.468 1688.756 
657 3690 1870 13457.842 1686.736 
684 3660 1880 13445.299 1686.566 
622 3759 1798 13437.108 1677.572 
729 3627 1825 13420.18 1679.141 
671 3695 1877 13450.629 1682.935 
718 3648 1834 13430.502 1684.118 
715 3615 1959 13425.522 1679.451 
691 3662 1919 13447.99 1682.926 
673 3682 1919 13454.742 1682.329 
716 3643 1857 13439.337 1682.88 
721 3654 1889 13453.179 1681.275 
