767 4331 2147 13457.443 1680.921 
780 4261 2218 13433.248 1682.988 
754 4348 2134 13440.543 1682.483 
699 4381 2096 13439.557 1680.85 
767 4338 2174 13445.027 1685.769 
809 4290 2169 13443.03 1682.082 
812 4304 2167 13444.879 1686.076 
800 4278 2212 13452.491 1680.054 
733 4368 2136 13438.947 1683.447 
805 4312 2099 13441.079 1679.568 
834 4222 2217 13437.227 1681.171 
804 4315 2175 13459.264 1687.376 
772 4335 2113 13453.464 1680.145 
771 4338 2206 13455.359 1683.014 
814 4288 2166 13452.07 1682.025 
817 4280 2214 13447.608 1680.379 
823 4257 2220 13445.137 1680.044 
742 4352 2118 13450.265 1683.393 
844 4230 2163 13444.243 1681.447 
776 4288 2206 13431.846 1681.28 
825 4276 2168 13454.387 1686.601 
814 4286 2180 13473.289 1686.466 
785 4303 2196 13458.191 1684.903 
790 4332 2149 13446.872 1682.487 
808 4264 2222 13452.997 1682.912 
783 4330 2090 13468.307 1679.788 
849 4216 2198 13440.682 1682.507 
734 4378 2159 13458.647 1682.804 
820 4270 2177 13431.528 1679.379 
850 4212 2164 13431.124 1680.87 
758 4349 2127 13439.484 1681.012 
845 4146 2199 13393.914 1675.931 
774 4292 2227 13450.593 1685.079 
753 4350 2121 13444.151 1681.248 
743 4352 2149 13444.014 1687.05 
832 4231 2228 13451.322 1684.851 
816 4166 2232 13397.659 1674.75 
779 4326 2170 13470.254 1684.111 
791 4347 2170 13444.027 1682.668 
813 4272 2229 13442.229 1682.716 
811 4251 2241 13445.469 1680.65 
741 4359 2077 13443.798 1681.641 
813 4255 2196 13446.844 1684.199 
775 4329 2172 13438.775 1683.617 
738 4361 2098 13431.11 1681.763 
754 4346 2172 13434.517 1682.405 
775 4312 2186 13440.258 1681.545 
756 4355 2132 13439.544 1678.876 
816 4265 2207 13446.84 1683.933 
749 4361 2084 13436.578 1681.841 
798 4301 2176 13450.164 1680.703 
806 4269 2194 13447.057 1682.428 
751 4352 2153 13443.249 1682.108 
760 4343 2130 13443.008 1683.303 
844 4148 2208 13412.249 1676.051 
789 4301 2178 13451.652 1680.368 
783 4293 2213 13429.204 1678.954 
832 4251 2158 13431.974 1680.394 
705 4380 2059 13421.741 1676.437 
767 4301 2246 13433.175 1679.692 
839 4244 2205 13454.447 1684.727 
816 4293 2149 13428.241 1683.235 
873 4250 2140 13448.367 1684.737 
784 4273 2210 13424.779 1681.967 
807 4285 2205 13443.749 1682.26 
754 4334 2139 13447.879 1685.635 
815 4291 2112 13436.639 1679.124 
773 4313 2202 13445.152 1681.31 
806 4278 2183 13453.179 1681.506 
