377 1805 987 13463.385 1683.072 
379 1798 937 13449.917 1689.093 
364 1846 974 13459.878 1687.407 
374 1823 937 13464.032 1685.225 
351 1867 975 13491.983 1693.493 
333 1914 919 13529.901 1694.071 
341 1884 944 13503.295 1693.675 
377 1830 928 13466.273 1691.354 
337 1907 947 13559.683 1694.595 
384 1745 962 13385.389 1674.693 
368 1813 978 13461.219 1687.899 
379 1785 963 13426.12 1683.941 
357 1831 990 13478.601 1684.745 
368 1820 950 13485.673 1690.929 
371 1827 931 13452.805 1687.956 
346 1905 943 13539.677 1693.538 
382 1795 962 13439.366 1684.966 
361 1860 942 13494.546 1684.807 
294 1916 898 13463.745 1683.604 
349 1891 963 13512.628 1688.439 
362 1856 978 13500.522 1687.405 
367 1839 947 13461.316 1682.187 
366 1852 970 13523.599 1691.166 
291 1916 871 13465.0 1682.684 
323 1875 957 13504.542 1691.128 
351 1849 936 13496.057 1692.18 
350 1864 973 13498.708 1690.996 
321 1874 976 13486.052 1684.155 
347 1865 982 13492.199 1689.438 
382 1816 940 13470.532 1681.308 
362 1819 977 13473.333 1692.671 
370 1806 942 13438.115 1688.449 
352 1848 981 13477.728 1685.201 
359 1830 995 13480.902 1689.433 
372 1809 989 13464.016 1684.181 
365 1843 972 13487.798 1691.096 
384 1777 956 13399.666 1673.098 
395 1774 939 13441.016 1679.605 
365 1852 971 13495.178 1695.286 
359 1876 927 13525.283 1695.123 
391 1760 961 13443.898 1678.711 
372 1801 976 13452.98 1688.484 
368 1843 924 13446.766 1682.688 
364 1831 979 13491.084 1684.923 
357 1833 974 13488.815 1687.908 
349 1868 979 13523.406 1696.172 
370 1828 956 13487.662 1687.32 
374 1802 972 13459.423 1684.037 
367 1833 969 13483.532 1690.081 
388 1797 955 13433.84 1682.825 
349 1840 994 13482.168 1693.751 
351 1842 1005 13481.622 1686.171 
346 1871 976 13484.619 1690.457 
381 1784 974 13426.202 1676.946 
381 1783 1034 13480.976 1688.998 
372 1817 954 13460.481 1684.138 
358 1863 930 13516.803 1690.427 
359 1849 980 13478.836 1690.524 
380 1804 978 13449.069 1681.406 
374 1787 964 13451.286 1684.978 
328 1868 980 13485.041 1690.488 
