690 3689 1900 13447.758 1685.945 
702 3642 1900 13453.13 1687.524 
685 3703 1834 13455.283 1680.414 
668 3726 1859 13482.188 1684.462 
671 3710 1897 13458.792 1681.63 
673 3661 1902 13441.227 1681.569 
702 3672 1859 13463.865 1684.697 
673 3707 1886 13456.256 1687.535 
704 3683 1851 13440.74 1679.592 
697 3667 1875 13420.287 1680.173 
737 3601 1859 13432.335 1682.136 
683 3713 1818 13443.602 1682.09 
713 3659 1882 13446.519 1680.665 
722 3658 1879 13444.803 1682.172 
704 3682 1870 13459.752 1682.645 
678 3724 1824 13462.066 1684.557 
690 3685 1866 13452.753 1684.65 
722 3596 1906 13426.364 1678.645 
660 3723 1881 13454.37 1685.881 
668 3716 1882 13472.926 1682.617 
747 3588 1900 13429.747 1681.034 
737 3581 1915 13426.269 1679.642 
736 3635 1859 13442.927 1680.981 
720 3644 1863 13458.858 1684.083 
721 3637 1907 13456.869 1684.179 
691 3655 1872 13444.408 1684.355 
685 3656 1918 13443.298 1680.386 
705 3670 1862 13437.775 1681.179 
724 3613 1865 13439.645 1682.783 
737 3619 1853 13424.343 1675.731 
702 3620 1950 13419.033 1680.391 
659 3729 1837 13444.403 1682.861 
750 3595 1890 13437.017 1682.603 
713 3647 1849 13443.374 1686.852 
666 3731 1819 13451.403 1687.353 
674 3735 1756 13457.914 1685.015 
672 3667 1892 13448.841 1684.483 
685 3647 1904 13434.093 1682.172 
720 3628 1946 13460.333 1682.612 
682 3665 1890 13450.632 1683.107 
657 3787 1875 13487.61 1690.174 
668 3700 1842 13463.421 1684.476 
699 3667 1904 13446.383 1680.004 
688 3703 1825 13445.55 1685.893 
687 3649 1903 13455.827 1684.479 
711 3651 1884 13454.131 1684.955 
712 3629 1851 13460.418 1685.441 
725 3628 1910 13420.821 1678.989 
697 3687 1848 13469.03 1686.166 
726 3664 1857 13458.099 1684.451 
697 3662 1889 13453.48 1684.032 
691 3665 1892 13446.353 1680.434 
688 3668 1895 13452.356 1682.389 
690 3697 1829 13464.366 1682.804 
702 3644 1882 13461.598 1684.488 
725 3650 1874 13435.494 1680.998 
689 3698 1840 13440.46 1682.793 
659 3710 1883 13454.238 1687.049 
653 3697 1892 13445.735 1682.864 
688 3673 1871 13464.363 1684.33 
698 3685 1862 13467.028 1688.386 
687 3700 1887 13463.249 1685.762 
