120 646 328 13632.348 1712.419 
123 632 324 13518.115 1693.206 
121 634 338 13598.98 1712.988 
122 618 340 13574.114 1708.092 
148 568 308 13390.133 1679.192 
125 627 323 13581.613 1710.511 
145 575 332 13476.938 1690.479 
124 635 302 13612.913 1707.934 
131 633 308 13537.633 1685.495 
140 577 344 13448.29 1689.249 
131 625 302 13576.876 1711.724 
135 626 328 13584.256 1708.81 
139 600 331 13496.613 1693.27 
119 634 348 13589.502 1707.077 
146 583 331 13497.905 1690.708 
87 665 313 13532.66 1699.246 
124 632 323 13512.572 1686.938 
140 603 312 13543.182 1711.782 
127 623 344 13561.434 1698.396 
107 642 336 13555.723 1702.19 
128 616 348 13530.237 1699.119 
136 619 346 13627.044 1706.445 
122 628 343 13605.164 1707.137 
131 631 306 13573.061 1708.978 
144 593 334 13486.214 1692.197 
134 596 354 13535.149 1697.475 
138 617 339 13578.371 1700.92 
131 631 337 13580.04 1706.969 
117 635 335 13556.245 1700.578 
114 642 339 13601.449 1698.917 
112 631 323 13564.98 1716.895 
112 655 298 13532.828 1696.795 
137 614 349 13585.506 1708.213 
125 628 348 13556.629 1701.245 
134 626 341 13545.809 1696.638 
119 635 323 13616.403 1715.239 
124 636 321 13570.064 1703.677 
130 627 336 13589.44 1709.117 
118 653 319 13602.723 1711.951 
127 625 347 13519.522 1693.335 
125 635 317 13545.369 1695.339 
145 587 310 13472.297 1691.847 
122 639 300 13607.543 1714.677 
124 629 320 13595.908 1708.221 
134 627 323 13537.138 1689.223 
135 614 330 13589.604 1711.492 
111 660 337 13574.926 1693.049 
88 662 282 13516.0 1698.025 
112 623 337 13542.169 1713.578 
131 615 330 13582.886 1708.652 
121 654 333 13611.503 1706.682 
125 634 316 13527.421 1697.103 
125 600 350 13511.79 1694.377 
143 600 322 13502.645 1697.65 
116 640 342 13572.933 1709.582 
