946 4836 2520 13433.344 1679.785 
887 4937 2465 13439.331 1679.692 
939 4875 2411 13410.847 1676.458 
929 4876 2443 13431.809 1679.164 
915 4915 2442 13432.033 1680.246 
914 4839 2497 13428.111 1680.809 
936 4829 2497 13423.858 1682.432 
906 4919 2478 13449.387 1683.235 
902 4922 2500 13458.682 1684.221 
881 4946 2433 13446.536 1687.238 
897 4928 2445 13432.992 1683.904 
885 4936 2470 13442.786 1681.487 
892 4959 2528 13439.887 1678.972 
895 4931 2455 13454.796 1681.042 
958 4800 2458 13424.341 1678.999 
906 4874 2494 13441.682 1682.177 
896 4861 2531 13422.194 1682.366 
892 4934 2442 13438.745 1679.671 
918 4868 2490 13427.619 1680.36 
911 4909 2435 13450.291 1682.662 
869 4950 2461 13436.245 1681.22 
840 4949 2485 13438.324 1685.072 
921 4846 2503 13423.988 1679.41 
930 4840 2495 13422.092 1681.647 
889 4946 2446 13442.301 1682.068 
890 4920 2428 13447.244 1684.304 
941 4850 2487 13434.753 1681.503 
872 5000 2458 13464.443 1683.919 
942 4843 2457 13430.998 1681.594 
932 4869 2459 13443.795 1682.178 
885 4934 2477 13439.373 1681.21 
889 4962 2427 13465.581 1685.054 
919 4905 2441 13444.429 1680.195 
913 4901 2534 13450.154 1681.366 
850 4928 2510 13431.829 1682.477 
916 4882 2526 13443.537 1679.24 
873 4940 2468 13448.356 1685.057 
857 4959 2460 13441.277 1681.2 
964 4810 2490 13416.177 1679.813 
982 4802 2496 13423.188 1679.256 
906 4859 2539 13423.764 1679.76 
947 4828 2453 13424.24 1678.081 
942 4869 2457 13428.382 1678.244 
936 4913 2382 13433.165 1680.82 
884 4925 2513 13443.802 1679.58 
910 4886 2466 13453.701 1685.043 
943 4838 2511 13434.795 1681.179 
880 4952 2458 13450.398 1681.842 
874 4942 2480 13436.29 1682.476 
899 4917 2441 13456.031 1685.277 
944 4838 2475 13423.629 1680.255 
887 4924 2465 13453.919 1683.236 
867 4956 2476 13450.861 1684.067 
924 4872 2489 13433.045 1680.721 
905 4916 2522 13463.287 1681.952 
933 4858 2493 13426.448 1681.367 
921 4869 2480 13440.794 1685.146 
894 4931 2426 13446.591 1682.502 
876 4949 2457 13452.6 1684.258 
847 4968 2452 13453.437 1685.031 
954 4812 2480 13423.514 1678.174 
880 4828 2543 13416.162 1679.624 
930 4829 2529 13412.426 1675.027 
842 4968 2482 13455.439 1682.987 
897 4923 2467 13451.986 1682.159 
928 4860 2528 13434.379 1678.835 
879 4956 2434 13457.824 1682.467 
876 4925 2494 13436.102 1680.649 
923 4823 2494 13424.231 1683.735 
916 4927 2437 13438.183 1683.241 
919 4851 2500 13439.908 1679.45 
885 4900 2467 13444.162 1685.51 
940 4850 2499 13427.732 1679.289 
958 4840 2446 13440.094 1681.787 
957 4826 2475 13424.796 1678.925 
907 4908 2460 13447.02 1680.937 
886 4925 2459 13432.454 1680.591 
923 4853 2495 13423.624 1678.84 
952 4783 2518 13418.452 1681.369 
974 4794 2531 13429.783 1678.873 
952 4847 2505 13422.181 1680.786 
923 4832 2496 13436.234 1679.364 
927 4889 2403 13432.153 1681.744 
924 4903 2422 13436.096 1678.924 
931 4858 2479 13450.774 1682.961 
934 4865 2464 13420.495 1679.544 
923 4849 2530 13415.383 1678.567 
911 4916 2451 13443.364 1680.211 
855 4946 2466 13453.297 1683.031 
925 4892 2478 13444.734 1685.121 
910 4845 2547 13432.509 1679.202 
929 4879 2423 13415.634 1680.627 
