479 2449 1256 13438.286 1679.864 
489 2427 1221 13464.085 1683.372 
435 2496 1238 13439.53 1677.656 
435 2495 1237 13465.577 1684.791 
451 2473 1267 13482.438 1689.646 
437 2537 1226 13484.013 1683.654 
405 2513 1227 13446.27 1680.275 
459 2419 1291 13432.593 1688.908 
443 2449 1293 13421.266 1674.521 
410 2532 1221 13475.613 1685.712 
472 2475 1254 13470.62 1687.976 
454 2493 1276 13481.135 1686.601 
467 2465 1235 13470.298 1689.17 
399 2536 1219 13468.214 1684.516 
458 2435 1290 13444.393 1683.292 
470 2461 1270 13486.345 1689.825 
453 2474 1286 13465.099 1689.496 
426 2509 1252 13483.9 1688.417 
480 2437 1234 13449.512 1686.119 
463 2447 1304 13470.193 1682.649 
493 2417 1258 13462.467 1686.804 
455 2473 1276 13469.001 1686.405 
486 2423 1252 13448.237 1684.869 
448 2501 1235 13476.352 1685.441 
460 2492 1212 13461.603 1686.887 
444 2478 1286 13492.244 1689.148 
439 2488 1281 13497.931 1691.75 
461 2472 1233 13484.492 1685.543 
458 2471 1268 13475.754 1685.467 
476 2456 1281 13482.992 1690.044 
491 2424 1311 13468.54 1683.794 
479 2441 1288 13477.325 1687.238 
388 2550 1218 13477.035 1683.33 
430 2505 1227 13457.392 1683.221 
449 2525 1220 13517.914 1687.902 
482 2450 1252 13452.097 1681.259 
480 2430 1252 13454.554 1682.266 
488 2440 1249 13462.719 1684.766 
451 2492 1236 13482.718 1687.172 
464 2504 1207 13484.669 1686.006 
451 2481 1230 13500.61 1690.334 
487 2454 1250 13477.118 1685.41 
450 2431 1292 13432.92 1682.707 
482 2427 1278 13446.487 1683.158 
478 2465 1235 13446.23 1681.205 
454 2485 1256 13473.837 1687.567 
428 2504 1244 13479.689 1686.748 
486 2427 1308 13457.48 1681.487 
471 2459 1267 13473.822 1683.86 
457 2457 1271 13473.834 1686.534 
432 2491 1243 13473.385 1687.667 
465 2429 1277 13459.993 1691.367 
462 2458 1272 13462.383 1684.831 
435 2503 1210 13453.21 1688.655 
496 2424 1235 13457.126 1681.09 
400 2514 1233 13462.071 1685.051 
464 2488 1251 13476.991 1687.698 
476 2468 1241 13458.486 1684.929 
516 2413 1317 13475.774 1688.633 
492 2390 1258 13442.537 1688.653 
455 2482 1252 13463.306 1685.288 
472 2477 1261 13461.071 1682.771 
