892 4953 2423 13457.441 1683.812 
944 4783 2522 13414.094 1675.306 
924 4874 2525 13440.008 1679.938 
897 4921 2501 13461.405 1684.536 
909 4833 2474 13427.68 1684.727 
921 4885 2531 13431.261 1681.23 
959 4793 2431 13404.496 1674.705 
922 4871 2524 13432.061 1681.268 
951 4825 2462 13426.701 1680.996 
932 4883 2486 13436.365 1679.644 
926 4899 2418 13433.446 1682.062 
943 4810 2491 13427.46 1680.409 
961 4728 2521 13391.49 1676.954 
903 4933 2447 13450.197 1681.232 
934 4858 2513 13440.06 1680.862 
946 4790 2516 13423.793 1678.66 
861 4968 2462 13444.796 1684.249 
940 4874 2447 13437.756 1683.023 
911 4920 2469 13447.85 1680.925 
935 4842 2551 13435.42 1677.393 
955 4836 2456 13431.043 1680.707 
949 4801 2513 13412.561 1681.782 
923 4885 2484 13446.946 1683.485 
942 4824 2511 13427.034 1681.891 
962 4788 2466 13399.95 1675.286 
903 4904 2460 13442.456 1683.99 
956 4789 2491 13409.037 1675.502 
955 4807 2459 13389.855 1674.345 
940 4868 2523 13431.945 1683.036 
949 4867 2511 13454.496 1679.703 
887 4933 2447 13445.984 1684.501 
919 4854 2501 13430.234 1683.081 
916 4874 2485 13443.851 1683.211 
901 4968 2513 13455.76 1683.946 
958 4786 2434 13406.338 1678.803 
953 4819 2462 13410.212 1675.011 
962 4813 2435 13404.145 1673.986 
926 4888 2505 13464.867 1682.169 
975 4688 2480 13369.297 1674.037 
950 4806 2463 13411.851 1678.63 
921 4882 2527 13443.17 1682.264 
942 4811 2489 13430.394 1682.149 
900 4876 2535 13445.06 1683.818 
918 4877 2507 13449.699 1682.203 
956 4799 2457 13416.648 1680.777 
936 4873 2451 13423.996 1679.245 
905 4932 2480 13450.47 1682.462 
869 4948 2474 13463.104 1684.606 
848 4971 2425 13440.688 1682.301 
849 4975 2391 13432.244 1679.628 
892 4875 2548 13419.083 1679.708 
876 4896 2520 13441.867 1682.953 
945 4838 2425 13451.813 1683.337 
895 4898 2525 13444.423 1680.675 
957 4808 2452 13414.274 1676.152 
885 4885 2538 13431.787 1680.168 
955 4788 2513 13425.441 1679.737 
958 4773 2502 13405.051 1676.278 
847 5005 2443 13456.441 1683.339 
913 4897 2426 13439.584 1682.239 
956 4753 2467 13403.315 1677.035 
905 4904 2497 13440.361 1679.491 
922 4897 2424 13430.68 1678.282 
906 4918 2469 13444.225 1682.479 
972 4773 2397 13399.731 1674.077 
952 4795 2477 13415.012 1678.275 
957 4797 2465 13417.798 1677.389 
950 4748 2519 13383.123 1676.176 
936 4872 2449 13441.999 1678.246 
907 4899 2483 13437.123 1685.206 
939 4853 2502 13432.591 1683.717 
933 4877 2472 13408.609 1676.429 
944 4860 2447 13425.917 1681.086 
972 4751 2480 13398.987 1677.649 
941 4808 2502 13428.269 1680.852 
863 4955 2453 13445.575 1687.45 
942 4872 2478 13423.079 1678.97 
