446 2507 1178 13472.885 1687.302 
425 2519 1232 13447.111 1678.958 
515 2405 1240 13446.703 1683.226 
425 2515 1207 13479.212 1685.582 
429 2513 1235 13475.066 1686.003 
451 2496 1238 13454.491 1685.052 
509 2393 1263 13460.841 1681.64 
463 2489 1235 13498.91 1692.891 
440 2506 1184 13455.827 1681.664 
447 2495 1344 13503.078 1688.633 
462 2462 1260 13461.626 1687.265 
418 2521 1201 13447.985 1676.916 
459 2471 1253 13486.179 1688.384 
455 2456 1278 13466.272 1687.628 
427 2498 1242 13472.884 1684.895 
428 2509 1236 13489.366 1686.844 
464 2453 1291 13472.133 1687.544 
459 2479 1290 13487.838 1684.3 
407 2517 1212 13483.623 1689.229 
449 2497 1191 13480.351 1688.77 
488 2449 1243 13477.142 1687.54 
505 2396 1304 13463.369 1692.136 
508 2404 1254 13431.695 1676.052 
479 2452 1249 13458.572 1683.166 
474 2464 1233 13458.547 1689.062 
487 2441 1266 13459.371 1685.15 
412 2522 1177 13440.048 1683.15 
416 2499 1243 13450.826 1679.98 
477 2445 1255 13456.187 1688.448 
503 2439 1314 13504.846 1690.666 
459 2461 1285 13457.21 1687.294 
494 2455 1232 13473.9 1684.015 
478 2475 1288 13497.144 1687.085 
471 2452 1256 13470.744 1687.686 
423 2504 1235 13484.711 1688.165 
451 2495 1245 13500.639 1689.088 
457 2494 1238 13472.106 1689.126 
471 2492 1252 13509.715 1688.506 
432 2509 1195 13456.42 1687.139 
483 2451 1244 13487.554 1685.705 
506 2370 1272 13412.348 1675.263 
477 2476 1255 13456.209 1685.719 
412 2511 1239 13453.502 1683.492 
431 2509 1255 13443.6 1677.692 
454 2458 1256 13478.968 1688.713 
424 2500 1240 13456.073 1682.364 
459 2441 1271 13447.232 1689.522 
481 2448 1253 13467.286 1689.762 
430 2517 1200 13451.012 1683.65 
513 2402 1226 13446.993 1682.95 
483 2444 1262 13465.832 1683.935 
453 2502 1214 13489.576 1687.289 
