268 1207 668 13477.775 1691.347 
197 1287 625 13492.233 1685.145 
223 1261 639 13511.557 1691.867 
248 1219 670 13494.676 1686.058 
260 1201 646 13485.74 1690.27 
247 1207 622 13477.734 1695.876 
254 1209 649 13482.052 1688.989 
245 1233 629 13504.252 1695.47 
212 1273 629 13501.877 1687.713 
243 1233 626 13531.075 1697.062 
242 1237 640 13507.877 1696.814 
213 1267 636 13489.28 1692.47 
240 1233 662 13530.96 1697.868 
222 1273 609 13467.183 1679.042 
236 1264 620 13546.572 1696.382 
271 1182 662 13481.71 1693.675 
226 1254 601 13509.951 1698.44 
247 1222 639 13484.709 1695.158 
237 1264 615 13529.46 1690.954 
229 1227 674 13466.75 1683.758 
250 1194 677 13457.882 1688.423 
252 1207 642 13497.274 1692.158 
274 1176 648 13454.637 1691.488 
225 1267 612 13502.821 1695.444 
213 1271 639 13525.786 1689.825 
243 1225 652 13462.004 1692.323 
250 1212 628 13475.675 1688.856 
236 1236 649 13522.796 1693.042 
203 1279 593 13473.977 1691.992 
236 1240 622 13529.291 1689.963 
247 1217 652 13508.092 1692.66 
250 1235 627 13511.936 1692.009 
247 1210 666 13493.64 1688.88 
266 1179 685 13468.884 1687.211 
230 1257 631 13509.352 1691.974 
231 1234 668 13511.004 1695.507 
244 1222 657 13498.025 1686.384 
211 1276 614 13503.138 1697.159 
250 1217 639 13478.321 1688.397 
221 1268 626 13544.682 1695.517 
230 1259 629 13518.928 1692.5 
258 1223 624 13460.647 1681.54 
248 1239 631 13494.864 1689.226 
235 1248 637 13510.792 1696.886 
240 1247 645 13518.01 1693.68 
224 1262 644 13497.56 1690.797 
249 1207 655 13478.916 1685.782 
238 1221 642 13508.061 1698.195 
243 1208 666 13475.003 1690.126 
210 1288 622 13508.184 1688.942 
249 1226 643 13511.522 1693.172 
230 1271 619 13522.381 1690.957 
254 1205 658 13513.07 1692.767 
219 1250 641 13492.311 1697.175 
235 1217 675 13464.653 1692.341 
241 1249 651 13505.263 1691.519 
244 1233 640 13526.012 1695.529 
215 1260 652 13521.059 1695.202 
243 1218 648 13497.528 1691.399 
237 1211 674 13447.898 1683.527 
261 1204 636 13500.478 1692.122 
213 1269 643 13491.832 1691.664 
238 1255 621 13484.258 1689.394 
232 1231 664 13490.723 1683.244 
204 1266 617 13489.573 1696.832 
247 1235 629 13499.832 1694.004 
253 1223 619 13468.636 1688.263 
234 1247 653 13514.991 1696.715 
252 1236 618 13511.677 1696.042 
243 1247 616 13531.593 1696.861 
252 1238 626 13509.492 1694.435 
234 1265 598 13501.894 1692.143 
225 1259 627 13533.647 1699.135 
201 1268 627 13497.034 1694.516 
258 1208 631 13440.226 1687.461 
251 1232 638 13493.066 1688.485 
245 1219 654 13472.094 1688.83 
242 1227 668 13524.349 1693.602 
252 1229 649 13494.897 1686.357 
221 1240 638 13492.207 1697.294 
243 1244 654 13512.115 1690.79 
259 1206 658 13478.654 1685.267 
252 1210 657 13467.463 1689.578 
225 1268 637 13475.853 1685.695 
257 1243 644 13494.661 1687.605 
228 1255 644 13495.34 1692.199 
227 1272 632 13523.072 1692.946 
260 1220 627 13491.179 1689.895 
243 1245 645 13513.583 1692.681 
255 1218 616 13485.796 1695.79 
248 1204 678 13497.179 1690.356 
234 1253 660 13533.521 1694.466 
227 1261 622 13514.542 1697.137 
238 1254 598 13512.361 1690.995 
201 1279 612 13501.636 1690.034 
219 1276 625 13527.074 1693.216 
252 1211 652 13495.546 1695.095 
208 1274 634 13466.627 1685.052 
218 1261 643 13519.788 1695.385 
