923 4894 2483 13436.597 1680.017 
888 4927 2534 13457.411 1683.068 
934 4868 2508 13451.836 1680.463 
907 4883 2448 13438.806 1681.224 
892 4888 2520 13442.248 1681.638 
925 4862 2481 13452.404 1680.263 
918 4917 2433 13449.566 1682.152 
907 4884 2461 13437.331 1683.721 
932 4911 2399 13427.886 1677.123 
912 4882 2442 13439.372 1679.301 
950 4843 2439 13408.448 1679.102 
909 4865 2489 13426.247 1681.868 
928 4808 2467 13415.817 1683.484 
823 4955 2476 13426.134 1679.265 
866 4896 2543 13433.178 1680.06 
852 4961 2429 13452.096 1683.955 
953 4820 2460 13427.131 1679.871 
909 4861 2444 13434.256 1683.738 
909 4888 2474 13425.156 1682.714 
938 4841 2491 13421.594 1678.53 
933 4877 2476 13447.578 1683.0 
902 4843 2529 13425.425 1677.234 
984 4675 2524 13383.93 1672.605 
847 4976 2444 13436.078 1681.891 
831 4987 2372 13428.762 1680.272 
962 4767 2483 13407.747 1677.76 
909 4880 2508 13429.886 1679.353 
924 4852 2521 13440.077 1678.477 
818 4980 2429 13416.249 1678.712 
943 4794 2529 13410.348 1676.492 
935 4809 2527 13414.131 1679.193 
944 4823 2509 13441.871 1679.041 
866 4985 2449 13437.92 1678.028 
944 4827 2479 13443.631 1682.521 
907 4896 2444 13431.432 1681.912 
934 4829 2435 13427.567 1682.905 
982 4732 2458 13391.454 1677.574 
921 4881 2406 13426.799 1682.064 
928 4841 2478 13436.778 1682.057 
812 5012 2429 13454.46 1685.048 
861 4955 2424 13430.244 1679.309 
888 4849 2515 13427.265 1683.429 
932 4862 2477 13450.428 1682.48 
902 4880 2491 13434.729 1682.196 
952 4774 2504 13393.456 1671.694 
909 4903 2463 13434.991 1680.427 
901 4948 2512 13457.117 1686.671 
873 4951 2452 13438.77 1683.269 
930 4878 2438 13444.141 1680.612 
849 4974 2473 13456.492 1686.062 
960 4816 2476 13418.121 1680.02 
946 4791 2482 13410.782 1682.431 
948 4781 2526 13395.486 1674.943 
925 4841 2485 13432.761 1683.003 
914 4879 2497 13444.616 1681.84 
867 4958 2403 13443.73 1682.88 
950 4808 2493 13411.022 1678.44 
951 4815 2479 13419.522 1677.413 
976 4771 2455 13419.421 1679.266 
894 4840 2567 13407.8 1674.65 
918 4847 2515 13422.451 1680.662 
871 4931 2478 13459.172 1686.886 
921 4892 2425 13445.449 1678.968 
897 4885 2551 13441.838 1682.553 
975 4750 2477 13412.676 1677.931 
932 4899 2458 13437.478 1680.513 
947 4808 2509 13421.018 1677.396 
934 4859 2497 13431.113 1680.557 
907 4902 2485 13436.208 1680.409 
964 4783 2429 13403.319 1673.121 
947 4751 2498 13398.197 1678.016 
905 4921 2462 13452.43 1680.426 
951 4827 2466 13411.352 1676.019 
897 4889 2513 13432.692 1679.641 
927 4846 2539 13425.247 1678.742 
945 4831 2453 13420.202 1682.711 
905 4855 2516 13420.474 1678.812 
870 4953 2399 13409.841 1677.007 
903 4874 2417 13436.968 1685.23 
867 4989 2347 13447.123 1680.314 
904 4949 2462 13449.428 1684.07 
809 5046 2446 13468.179 1687.361 
938 4845 2410 13436.449 1681.061 
937 4838 2432 13406.554 1679.697 
915 4903 2432 13441.186 1682.984 
940 4846 2461 13417.165 1678.988 
885 4957 2397 13451.218 1682.129 
921 4917 2490 13434.799 1681.846 
922 4841 2511 13428.537 1681.084 
934 4877 2449 13437.508 1680.645 
918 4841 2518 13434.622 1678.916 
936 4855 2508 13445.473 1681.485 
945 4794 2530 13409.745 1679.665 
904 4861 2471 13431.917 1683.491 
858 4976 2435 13442.145 1684.23 
908 4894 2451 13430.55 1683.329 
890 4906 2515 13439.22 1683.171 
939 4836 2485 13433.753 1680.999 
949 4780 2498 13403.561 1676.5 
955 4777 2492 13404.306 1676.3 
843 4958 2490 13433.555 1679.01 
884 4942 2528 13452.014 1682.496 
890 4893 2519 13430.007 1682.041 
942 4852 2423 13414.852 1679.667 
