355 1861 927 13460.979 1687.468 
379 1788 969 13449.198 1683.705 
339 1866 952 13500.612 1689.112 
338 1893 921 13494.012 1689.89 
323 1878 911 13493.29 1692.774 
319 1891 923 13470.995 1685.676 
291 1935 892 13481.22 1694.582 
376 1817 944 13474.405 1682.389 
343 1874 933 13490.926 1686.751 
313 1892 929 13469.762 1688.611 
324 1864 943 13503.458 1690.322 
322 1889 923 13492.533 1690.863 
313 1883 952 13461.8 1686.229 
341 1859 938 13500.961 1697.517 
370 1830 979 13495.68 1687.57 
371 1826 952 13462.595 1690.22 
321 1910 917 13495.926 1685.291 
365 1821 971 13493.999 1690.438 
380 1777 975 13469.674 1689.742 
345 1874 942 13469.665 1683.968 
342 1867 946 13502.993 1685.605 
330 1870 946 13462.688 1683.922 
337 1865 959 13460.286 1686.79 
291 1916 916 13472.223 1687.02 
319 1885 950 13461.331 1688.272 
328 1876 912 13487.714 1692.84 
339 1888 927 13507.568 1687.066 
327 1870 926 13488.583 1693.557 
317 1912 922 13520.04 1691.891 
336 1871 954 13449.212 1685.128 
384 1816 967 13466.577 1683.01 
341 1870 933 13478.941 1690.683 
314 1882 952 13453.969 1684.076 
302 1872 952 13464.233 1685.439 
319 1875 946 13475.301 1682.826 
339 1878 942 13481.668 1692.934 
379 1820 966 13469.853 1686.378 
381 1783 955 13438.323 1686.293 
327 1880 932 13467.105 1683.924 
385 1754 980 13383.571 1667.949 
354 1867 940 13507.041 1695.679 
295 1892 953 13458.783 1680.261 
362 1860 989 13528.657 1695.425 
339 1878 919 13494.619 1691.698 
353 1871 942 13489.913 1688.885 
333 1861 959 13469.224 1689.37 
394 1765 966 13440.265 1681.107 
386 1779 936 13414.31 1677.417 
369 1846 987 13537.505 1690.427 
321 1881 931 13485.687 1686.198 
302 1900 947 13497.1 1689.402 
389 1779 925 13436.003 1682.768 
332 1862 966 13442.786 1685.439 
351 1866 954 13492.76 1691.45 
349 1879 944 13465.215 1688.206 
326 1877 942 13482.274 1684.897 
349 1868 946 13485.911 1685.529 
324 1873 923 13484.12 1688.657 
382 1798 977 13453.423 1682.031 
326 1879 932 13477.904 1688.903 
324 1856 998 13489.499 1694.058 
330 1877 931 13495.534 1686.664 
