898 4934 2482 13425.851 1678.485 
864 4974 2420 13457.139 1684.052 
904 4908 2452 13445.55 1683.904 
982 4793 2510 13433.605 1679.388 
923 4893 2512 13464.905 1682.092 
903 4899 2481 13442.676 1678.686 
927 4904 2468 13449.867 1683.561 
934 4807 2523 13411.776 1676.909 
934 4855 2457 13434.623 1684.053 
899 4895 2492 13442.761 1682.167 
839 4970 2493 13424.401 1678.755 
924 4857 2493 13439.484 1680.597 
956 4855 2494 13432.378 1680.348 
858 4996 2389 13436.652 1680.588 
930 4854 2521 13424.416 1681.481 
938 4873 2486 13445.279 1681.34 
905 4891 2537 13447.834 1683.506 
964 4847 2514 13436.869 1679.735 
964 4788 2474 13422.535 1682.108 
877 4893 2519 13420.624 1679.178 
919 4917 2439 13454.613 1684.503 
832 4985 2418 13419.153 1676.926 
941 4865 2444 13427.259 1677.334 
914 4822 2525 13425.761 1682.257 
915 4848 2517 13430.196 1680.371 
907 4924 2460 13463.496 1682.759 
907 4908 2462 13432.01 1678.963 
888 4854 2540 13433.254 1679.409 
948 4794 2555 13433.522 1678.58 
901 4917 2462 13434.76 1681.158 
836 4975 2499 13444.822 1680.358 
904 4894 2489 13455.184 1683.006 
925 4818 2530 13410.415 1678.975 
913 4875 2485 13440.497 1682.144 
792 4998 2417 13418.418 1678.945 
884 4908 2497 13444.942 1682.781 
918 4813 2571 13428.082 1677.239 
858 4929 2483 13437.084 1678.265 
855 4983 2457 13453.765 1681.069 
903 4915 2503 13438.963 1682.177 
928 4864 2490 13433.249 1679.049 
899 4957 2480 13469.792 1687.346 
926 4883 2506 13437.053 1680.694 
922 4804 2524 13406.452 1680.474 
945 4858 2492 13440.249 1680.833 
942 4849 2512 13440.095 1683.447 
875 4970 2417 13433.107 1678.474 
929 4883 2437 13416.96 1676.293 
960 4797 2505 13413.622 1680.835 
928 4896 2482 13443.042 1681.946 
923 4904 2477 13458.267 1685.446 
927 4856 2494 13432.313 1679.723 
867 4935 2493 13437.048 1678.579 
882 4926 2515 13449.994 1681.837 
889 4881 2541 13424.679 1679.447 
930 4874 2449 13428.428 1679.1 
931 4878 2447 13423.11 1682.189 
