720 4359 2132 13428.29 1678.684 
842 4193 2207 13417.771 1676.763 
722 4368 2131 13424.908 1678.323 
781 4314 2160 13445.684 1684.16 
800 4325 2183 13459.699 1683.65 
781 4317 2155 13447.002 1684.623 
837 4253 2180 13450.224 1683.947 
813 4313 2181 13456.625 1684.481 
817 4292 2208 13457.065 1687.635 
769 4321 2125 13472.267 1682.938 
834 4170 2182 13426.184 1682.207 
840 4224 2208 13444.962 1679.406 
788 4340 2178 13465.324 1682.687 
844 4205 2132 13408.669 1681.538 
858 4121 2122 13368.282 1672.001 
778 4316 2185 13446.572 1679.934 
824 4264 2212 13467.396 1687.193 
778 4328 2125 13446.241 1684.185 
808 4295 2155 13465.306 1683.87 
849 4130 2175 13371.217 1675.687 
860 4113 2152 13369.515 1673.161 
776 4346 2210 13469.485 1684.989 
851 4167 2172 13413.618 1679.598 
719 4359 2137 13437.063 1682.266 
843 4248 2202 13442.289 1681.709 
846 4182 2189 13408.422 1676.36 
738 4369 2096 13440.146 1680.281 
801 4309 2205 13447.516 1686.841 
820 4277 2163 13444.689 1679.094 
798 4279 2248 13450.507 1682.49 
840 4194 2170 13419.234 1681.725 
804 4290 2195 13457.815 1683.9 
806 4314 2159 13457.911 1679.297 
855 4195 2167 13415.508 1673.265 
736 4358 2120 13452.232 1684.255 
729 4357 2167 13455.738 1683.607 
744 4359 2110 13441.06 1682.451 
785 4312 2216 13460.811 1683.734 
766 4358 2140 13453.237 1684.238 
817 4314 2148 13443.334 1681.478 
833 4274 2250 13481.92 1686.735 
775 4350 2167 13465.131 1687.168 
