362 1843 962 13450.521 1682.075 
340 1872 949 13496.983 1691.623 
328 1887 926 13483.878 1688.159 
341 1891 925 13522.206 1691.203 
372 1782 965 13471.64 1684.673 
394 1794 964 13453.749 1683.231 
344 1876 901 13494.745 1689.094 
377 1820 951 13455.683 1687.353 
328 1875 949 13476.242 1688.632 
313 1903 914 13480.479 1689.619 
327 1872 912 13477.395 1692.291 
375 1803 970 13436.758 1680.117 
340 1873 944 13508.487 1689.824 
351 1865 935 13498.356 1695.747 
370 1817 970 13471.408 1687.021 
381 1813 967 13466.784 1684.154 
341 1866 950 13489.054 1693.728 
311 1891 938 13499.541 1692.812 
373 1836 957 13450.762 1680.589 
365 1819 968 13474.606 1686.45 
335 1817 1004 13428.627 1684.376 
361 1823 967 13469.952 1689.667 
296 1891 942 13479.936 1684.22 
333 1872 954 13474.869 1689.36 
346 1847 968 13481.279 1691.854 
343 1828 991 13445.892 1683.725 
358 1867 973 13517.001 1691.532 
372 1824 969 13467.938 1684.797 
371 1818 965 13459.878 1691.064 
303 1902 924 13444.272 1682.815 
379 1786 952 13456.79 1685.453 
359 1824 988 13476.881 1692.106 
318 1903 915 13453.075 1687.541 
344 1799 991 13430.116 1686.266 
360 1851 964 13497.595 1690.223 
335 1867 990 13493.625 1691.294 
359 1853 951 13527.688 1691.857 
366 1860 946 13500.365 1689.685 
353 1834 978 13473.763 1682.611 
356 1871 932 13526.657 1692.421 
384 1782 920 13411.999 1685.082 
318 1882 946 13485.833 1692.156 
320 1904 911 13465.76 1684.963 
376 1798 971 13465.598 1686.043 
326 1894 898 13481.087 1688.183 
368 1813 988 13470.187 1685.593 
388 1760 957 13437.025 1689.429 
302 1898 930 13485.486 1687.513 
368 1834 964 13471.815 1686.764 
385 1798 977 13436.675 1679.825 
325 1845 906 13444.218 1696.155 
365 1813 949 13469.443 1688.904 
339 1874 938 13496.617 1691.783 
335 1884 941 13498.231 1688.866 
372 1813 980 13449.684 1689.267 
379 1817 901 13422.967 1676.17 
328 1870 950 13485.323 1683.445 
371 1804 977 13467.828 1686.339 
323 1890 980 13509.898 1690.769 
320 1912 907 13488.213 1688.484 
378 1829 957 13473.962 1682.647 
393 1778 951 13452.858 1683.904 
378 1782 978 13424.333 1671.067 
361 1812 979 13455.169 1686.689 
322 1895 871 13448.703 1677.979 
353 1827 979 13476.846 1688.939 
371 1842 977 13450.663 1680.769 
395 1695 908 13297.267 1665.421 
362 1807 951 13462.469 1689.196 
385 1768 918 13431.57 1686.597 
343 1872 931 13455.848 1687.032 
360 1837 960 13478.939 1691.394 
329 1875 948 13468.471 1686.479 
368 1846 959 13482.242 1684.753 
376 1821 962 13481.082 1688.253 
373 1855 940 13511.941 1690.572 
326 1878 922 13509.732 1694.848 
