852 4249 2171 13437.406 1682.41 
788 4312 2130 13428.382 1681.203 
780 4343 2154 13462.4 1685.228 
787 4327 2131 13442.877 1683.159 
831 4259 2146 13439.885 1683.153 
751 4340 2139 13452.846 1688.347 
796 4260 2245 13463.681 1681.375 
751 4364 2081 13449.531 1681.515 
805 4307 2171 13452.472 1679.535 
803 4269 2202 13433.321 1683.663 
795 4289 2099 13425.101 1684.577 
738 4368 2111 13431.403 1677.222 
787 4308 2155 13446.37 1681.363 
827 4258 2145 13446.141 1684.239 
744 4377 2042 13441.242 1677.292 
841 4274 2174 13450.76 1682.299 
778 4292 2158 13447.456 1683.322 
817 4272 2219 13442.688 1683.013 
727 4367 2043 13430.196 1680.633 
761 4361 2199 13466.815 1685.926 
798 4288 2129 13451.925 1682.894 
714 4370 2114 13429.24 1679.142 
771 4298 2198 13439.277 1683.471 
762 4288 2178 13418.979 1683.512 
797 4292 2187 13442.811 1682.805 
794 4305 2193 13453.65 1683.026 
713 4384 2125 13463.724 1686.97 
765 4339 2184 13452.793 1679.605 
829 4281 2147 13446.737 1684.192 
821 4301 2201 13456.967 1681.532 
731 4340 2206 13453.556 1678.832 
763 4349 2164 13448.903 1683.972 
791 4313 2110 13436.025 1679.853 
777 4310 2174 13443.412 1681.26 
767 4294 2203 13437.624 1682.542 
827 4283 2186 13448.176 1681.207 
850 4246 2183 13455.294 1681.661 
842 4250 2226 13459.632 1684.266 
820 4265 2205 13438.187 1684.415 
862 4211 2201 13422.349 1680.844 
773 4305 2163 13440.387 1685.241 
822 4273 2183 13448.844 1681.857 
804 4288 2144 13443.346 1684.138 
782 4303 2197 13437.715 1679.909 
819 4253 2250 13422.356 1679.676 
795 4295 2120 13441.865 1681.815 
706 4396 2103 13442.174 1682.171 
797 4282 2244 13443.837 1682.525 
786 4302 2142 13462.286 1679.809 
785 4322 2168 13455.118 1682.502 
768 4329 2193 13436.359 1683.294 
801 4269 2204 13458.703 1686.688 
821 4284 2194 13462.378 1686.474 
795 4289 2123 13433.372 1684.321 
741 4351 2167 13458.258 1686.964 
827 4253 2228 13459.372 1687.865 
802 4299 2129 13439.652 1681.82 
777 4287 2179 13457.481 1686.456 
800 4264 2220 13448.264 1681.447 
784 4328 2110 13440.435 1682.458 
