442 2498 1236 13459.211 1683.412 
437 2501 1221 13458.726 1688.674 
448 2509 1190 13474.426 1687.69 
423 2513 1214 13496.914 1690.632 
429 2520 1226 13482.216 1688.978 
494 2445 1258 13487.274 1687.481 
452 2485 1269 13476.971 1686.055 
480 2431 1263 13483.193 1687.245 
507 2379 1296 13438.584 1684.428 
505 2406 1283 13458.492 1684.418 
410 2496 1255 13460.116 1685.088 
448 2495 1270 13468.785 1686.697 
460 2436 1296 13421.789 1679.312 
448 2496 1243 13491.854 1690.192 
458 2464 1267 13482.713 1685.602 
375 2528 1149 13437.81 1677.789 
445 2477 1255 13492.376 1693.187 
421 2500 1236 13458.512 1683.439 
404 2518 1251 13452.001 1680.652 
483 2427 1301 13471.759 1687.046 
438 2497 1251 13445.453 1682.626 
480 2441 1283 13473.884 1679.552 
468 2443 1270 13483.608 1688.679 
453 2472 1251 13476.692 1689.516 
461 2476 1240 13471.221 1687.516 
472 2466 1238 13477.906 1681.24 
448 2461 1280 13466.589 1685.179 
403 2523 1240 13485.244 1691.121 
454 2456 1283 13473.341 1688.163 
448 2449 1292 13466.622 1688.151 
497 2411 1290 13470.745 1688.103 
467 2468 1209 13455.841 1688.388 
486 2419 1271 13466.28 1688.624 
483 2441 1247 13466.78 1689.388 
459 2460 1276 13479.706 1684.769 
477 2436 1253 13454.13 1690.932 
399 2525 1164 13443.519 1680.649 
455 2494 1238 13485.257 1682.581 
463 2433 1283 13480.24 1685.172 
461 2488 1247 13467.118 1689.078 
459 2486 1244 13487.469 1689.447 
415 2499 1261 13456.279 1683.122 
446 2501 1246 13442.2 1682.646 
453 2497 1234 13443.154 1682.061 
405 2522 1248 13477.594 1689.238 
500 2433 1254 13448.233 1685.114 
466 2487 1235 13487.695 1688.579 
467 2449 1285 13463.599 1685.175 
490 2423 1286 13458.136 1683.297 
441 2491 1318 13484.679 1691.529 
384 2531 1167 13427.535 1677.779 
508 2333 1254 13389.703 1677.399 
496 2409 1310 13470.029 1681.541 
485 2463 1236 13453.459 1679.693 
426 2496 1248 13457.249 1684.661 
413 2523 1229 13467.31 1682.962 
442 2476 1278 13489.271 1693.952 
493 2449 1273 13473.374 1685.034 
466 2439 1305 13438.795 1677.72 
433 2512 1245 13469.875 1681.333 
485 2417 1289 13450.698 1681.164 
444 2460 1275 13463.631 1687.614 
476 2460 1269 13470.615 1685.27 
456 2461 1238 13489.482 1687.587 
437 2485 1283 13485.522 1687.866 
421 2495 1236 13487.461 1692.359 
459 2441 1287 13461.667 1685.705 
489 2420 1285 13470.052 1685.826 
447 2460 1245 13471.29 1691.628 
481 2433 1303 13462.188 1687.701 
444 2505 1237 13454.771 1687.025 
499 2400 1271 13440.837 1684.876 
465 2441 1277 13459.768 1688.548 
447 2490 1250 13471.387 1684.625 
456 2447 1284 13485.275 1686.578 
456 2456 1269 13474.453 1687.292 
504 2382 1301 13433.85 1681.432 
436 2511 1231 13479.389 1690.435 
420 2518 1250 13473.931 1689.435 
490 2418 1274 13453.456 1685.136 
457 2466 1276 13451.818 1686.036 
496 2418 1242 13454.237 1686.574 
454 2445 1294 13437.797 1683.586 
463 2454 1247 13465.423 1689.301 
473 2465 1248 13458.112 1684.624 
448 2466 1253 13485.222 1690.289 
471 2470 1265 13485.287 1688.203 
484 2452 1284 13472.575 1686.369 
