925 4878 2489 13449.05 1682.851 
939 4868 2472 13418.273 1680.081 
930 4882 2525 13461.598 1680.01 
885 4943 2456 13438.612 1683.133 
868 4961 2432 13459.482 1683.972 
902 4886 2530 13442.976 1681.205 
896 4929 2442 13441.744 1682.494 
861 4933 2496 13444.448 1683.711 
831 4971 2418 13438.413 1682.922 
951 4821 2513 13427.338 1678.677 
911 4893 2517 13447.321 1682.425 
883 4910 2480 13438.892 1682.028 
891 4936 2429 13453.82 1681.522 
898 4905 2483 13448.212 1683.442 
941 4799 2516 13437.879 1682.79 
976 4815 2506 13436.643 1682.514 
921 4893 2513 13449.986 1686.336 
943 4823 2506 13425.526 1680.977 
941 4764 2529 13412.419 1682.243 
903 4916 2476 13450.533 1682.225 
879 4893 2555 13449.507 1682.39 
933 4860 2504 13442.758 1682.864 
859 4949 2463 13447.077 1682.244 
880 4955 2487 13443.427 1682.525 
943 4862 2479 13429.957 1679.264 
941 4831 2480 13421.182 1679.487 
892 4931 2436 13442.751 1682.807 
940 4840 2480 13414.651 1682.801 
924 4896 2498 13448.128 1681.344 
804 4997 2436 13438.88 1681.846 
961 4840 2427 13434.817 1679.611 
909 4902 2444 13440.874 1680.195 
864 4953 2425 13442.623 1684.188 
959 4860 2476 13453.457 1682.929 
866 4918 2471 13436.919 1683.239 
921 4902 2495 13435.665 1679.854 
943 4868 2415 13448.248 1683.541 
923 4859 2458 13439.987 1683.621 
901 4909 2502 13453.117 1683.354 
826 4976 2385 13429.511 1681.261 
929 4869 2522 13438.089 1681.944 
853 4936 2497 13425.471 1677.874 
924 4898 2542 13453.823 1679.709 
908 4919 2457 13448.138 1681.825 
921 4878 2470 13451.381 1681.544 
935 4884 2480 13427.501 1677.425 
880 4909 2514 13448.938 1682.827 
935 4844 2465 13422.459 1685.255 
900 4881 2517 13436.289 1683.299 
908 4897 2459 13459.43 1681.556 
873 4959 2382 13435.715 1681.107 
921 4937 2415 13452.005 1685.07 
893 4917 2474 13440.65 1682.612 
906 4927 2460 13451.868 1685.608 
942 4827 2534 13413.912 1677.476 
946 4853 2409 13429.6 1683.144 
913 4905 2417 13449.903 1683.493 
938 4816 2477 13428.431 1680.708 
949 4852 2505 13435.81 1678.69 
855 5003 2369 13431.408 1680.779 
927 4889 2408 13425.293 1683.057 
883 4987 2486 13461.744 1680.624 
892 4903 2539 13444.968 1681.911 
903 4910 2431 13458.566 1681.835 
887 4933 2479 13447.986 1681.939 
931 4864 2581 13464.007 1683.196 
927 4875 2461 13430.189 1682.057 
845 4967 2450 13419.561 1681.563 
933 4848 2521 13424.375 1679.574 
909 4903 2436 13424.626 1680.604 
944 4825 2488 13422.127 1679.23 
894 4899 2522 13426.036 1677.136 
866 4931 2423 13443.695 1684.001 
940 4866 2474 13426.039 1679.192 
827 4965 2424 13424.34 1680.703 
935 4871 2480 13443.542 1682.981 
971 4730 2508 13390.769 1675.877 
935 4829 2497 13418.041 1682.361 
