469 2474 1235 13464.292 1683.284 
498 2400 1266 13451.984 1683.535 
488 2424 1233 13446.706 1686.311 
476 2412 1305 13440.945 1683.598 
452 2469 1240 13482.527 1693.013 
482 2467 1296 13495.901 1689.042 
459 2481 1254 13452.779 1683.914 
447 2454 1274 13448.968 1689.297 
399 2519 1194 13451.567 1683.301 
458 2492 1269 13482.659 1689.922 
506 2374 1233 13406.239 1678.534 
455 2491 1210 13484.592 1689.485 
483 2401 1300 13443.381 1684.68 
516 2354 1222 13378.838 1671.943 
481 2438 1258 13482.706 1691.899 
408 2505 1245 13455.216 1681.915 
496 2346 1294 13400.973 1680.453 
491 2389 1310 13431.574 1680.44 
464 2471 1203 13462.429 1685.508 
469 2451 1311 13458.869 1686.602 
437 2506 1205 13474.052 1690.773 
456 2497 1260 13484.473 1691.385 
484 2426 1289 13450.749 1682.147 
443 2506 1226 13468.108 1685.635 
492 2435 1241 13457.309 1683.476 
502 2405 1249 13445.54 1681.767 
503 2404 1264 13454.592 1686.467 
455 2457 1272 13446.479 1689.19 
493 2421 1256 13479.581 1685.093 
462 2468 1254 13486.864 1689.142 
467 2460 1211 13464.248 1689.748 
415 2530 1225 13448.881 1685.248 
459 2474 1274 13467.716 1681.855 
462 2471 1262 13478.469 1687.133 
523 2352 1301 13422.482 1677.598 
442 2517 1236 13503.723 1687.936 
464 2473 1257 13455.2 1683.132 
463 2468 1282 13484.854 1687.463 
439 2483 1271 13483.578 1684.032 
444 2500 1264 13469.917 1684.12 
473 2396 1313 13418.038 1679.306 
487 2442 1217 13437.458 1677.447 
466 2470 1230 13444.49 1685.186 
504 2383 1293 13446.198 1681.221 
413 2519 1208 13446.41 1685.347 
497 2414 1290 13486.931 1685.145 
452 2484 1211 13486.048 1690.115 
502 2405 1267 13441.743 1682.705 
486 2442 1283 13466.175 1686.228 
483 2436 1258 13467.823 1682.882 
489 2432 1245 13449.874 1685.964 
