403 2517 1205 13434.703 1681.305 
519 2312 1232 13389.259 1672.412 
484 2451 1290 13491.744 1688.547 
471 2457 1279 13482.482 1689.135 
453 2499 1255 13510.401 1696.57 
451 2466 1281 13476.423 1689.054 
398 2537 1216 13442.875 1685.598 
459 2487 1268 13466.549 1683.599 
457 2460 1275 13469.731 1683.474 
433 2469 1293 13468.496 1686.396 
395 2515 1217 13449.566 1683.266 
405 2514 1218 13459.499 1687.799 
453 2459 1289 13438.809 1676.92 
485 2419 1289 13473.571 1687.995 
491 2376 1283 13415.739 1678.808 
505 2375 1267 13415.341 1679.565 
463 2472 1272 13477.034 1685.885 
446 2464 1291 13449.928 1679.327 
486 2430 1272 13477.321 1689.013 
464 2504 1264 13508.127 1691.871 
432 2511 1221 13468.236 1687.694 
439 2509 1186 13481.959 1688.727 
424 2515 1204 13464.312 1684.865 
487 2418 1288 13447.683 1684.418 
475 2456 1272 13456.186 1681.709 
491 2438 1222 13422.504 1683.889 
435 2506 1224 13468.521 1679.269 
495 2366 1285 13406.669 1677.699 
471 2424 1307 13471.869 1682.17 
505 2378 1231 13408.39 1676.874 
475 2451 1255 13495.085 1691.803 
467 2460 1254 13484.071 1683.438 
414 2512 1230 13467.479 1684.02 
478 2459 1264 13488.773 1687.402 
441 2519 1198 13479.101 1688.479 
472 2493 1251 13516.467 1688.502 
457 2459 1274 13458.731 1685.455 
468 2468 1252 13470.904 1687.202 
492 2438 1265 13459.138 1683.069 
398 2511 1229 13461.649 1684.224 
449 2506 1261 13468.393 1683.378 
493 2443 1248 13450.559 1683.516 
498 2354 1297 13410.405 1678.554 
414 2509 1239 13452.833 1683.468 
394 2515 1219 13443.314 1681.095 
471 2455 1302 13482.632 1685.959 
459 2465 1274 13472.133 1683.458 
498 2425 1282 13465.471 1683.897 
425 2491 1270 13453.536 1686.046 
402 2516 1205 13456.96 1685.584 
504 2435 1279 13487.719 1688.179 
