126 619 334 13558.043 1708.706 
109 645 339 13602.31 1706.562 
117 651 340 13652.667 1705.867 
122 640 318 13539.946 1701.256 
124 640 338 13571.027 1695.861 
94 660 312 13564.011 1698.817 
141 595 342 13511.373 1700.085 
133 626 339 13562.042 1700.747 
134 629 336 13609.359 1700.947 
115 626 344 13577.378 1704.552 
129 638 324 13630.727 1712.681 
126 614 348 13519.328 1692.534 
125 629 344 13573.599 1699.567 
101 657 301 13499.918 1691.649 
122 625 338 13547.824 1712.205 
121 639 324 13533.226 1697.387 
107 655 323 13531.169 1692.09 
134 618 340 13557.82 1705.317 
126 629 321 13597.206 1719.293 
144 581 324 13445.199 1682.725 
118 628 345 13591.944 1701.576 
122 629 363 13567.841 1702.076 
126 623 328 13581.749 1711.247 
138 587 354 13460.119 1683.37 
97 656 306 13490.889 1683.932 
125 622 353 13547.815 1697.829 
130 630 297 13597.316 1711.999 
124 622 352 13534.121 1704.17 
105 656 304 13556.201 1707.49 
105 661 292 13549.396 1700.906 
146 586 307 13473.115 1686.21 
128 626 328 13558.412 1702.502 
125 628 333 13543.762 1703.915 
142 588 340 13468.597 1690.062 
129 615 330 13547.879 1709.011 
125 619 344 13555.109 1709.369 
92 658 314 13572.614 1707.582 
128 609 359 13515.864 1699.726 
123 637 353 13585.991 1703.249 
122 629 327 13543.62 1706.465 
104 652 321 13562.268 1711.212 
142 625 339 13617.731 1708.62 
91 663 323 13546.859 1700.443 
120 647 333 13637.208 1714.238 
130 609 355 13537.922 1689.823 
124 626 336 13554.585 1702.034 
107 645 342 13546.735 1697.353 
136 606 372 13605.095 1713.317 
122 643 324 13527.776 1693.693 
