825 4983 2337 13398.6 1681.249 
875 4863 2560 13422.009 1675.956 
941 4821 2437 13418.893 1681.15 
867 4915 2487 13423.634 1680.139 
856 4929 2489 13430.813 1681.436 
940 4844 2522 13425.625 1681.833 
844 4978 2403 13435.743 1682.963 
959 4795 2442 13415.981 1679.544 
942 4826 2435 13435.08 1680.605 
903 4893 2497 13450.315 1682.891 
818 4979 2397 13430.247 1682.768 
940 4847 2451 13422.528 1681.616 
962 4822 2505 13421.592 1678.968 
898 4931 2422 13428.863 1683.235 
973 4784 2434 13412.338 1678.799 
943 4843 2455 13432.071 1679.86 
921 4838 2514 13432.205 1682.297 
957 4830 2520 13436.925 1680.595 
826 4981 2378 13430.835 1681.925 
877 4968 2475 13449.52 1688.16 
862 4939 2424 13451.278 1680.025 
870 4938 2476 13446.886 1685.612 
912 4893 2532 13424.972 1677.867 
920 4891 2524 13457.586 1683.946 
977 4769 2492 13401.078 1675.123 
858 4973 2450 13433.247 1677.845 
928 4834 2494 13426.926 1683.369 
906 4788 2530 13405.499 1680.851 
917 4920 2471 13439.766 1679.926 
898 4897 2428 13450.86 1684.482 
880 4935 2441 13446.056 1682.771 
880 4926 2474 13436.457 1681.989 
881 4917 2484 13443.709 1681.578 
959 4799 2430 13424.241 1679.289 
808 4955 2448 13450.724 1682.525 
925 4883 2507 13437.948 1683.168 
896 4914 2515 13455.406 1684.12 
863 4914 2517 13442.771 1680.327 
918 4902 2446 13441.711 1682.614 
908 4905 2438 13447.582 1681.664 
975 4760 2505 13402.025 1676.532 
957 4823 2400 13425.309 1681.217 
908 4904 2428 13448.719 1682.547 
904 4909 2455 13433.337 1679.943 
927 4873 2499 13441.341 1680.738 
944 4848 2461 13434.939 1677.608 
945 4818 2475 13418.511 1681.921 
902 4889 2537 13434.906 1678.925 
890 4929 2452 13433.418 1682.488 
942 4850 2430 13450.352 1683.909 
873 4922 2497 13424.567 1677.116 
937 4820 2512 13440.144 1679.179 
843 4952 2506 13447.516 1684.029 
806 4974 2415 13430.588 1681.134 
899 4904 2502 13438.373 1683.187 
917 4913 2422 13451.684 1684.388 
828 4987 2422 13438.686 1680.782 
892 4928 2460 13457.987 1685.818 
939 4854 2467 13432.212 1682.807 
973 4765 2527 13416.328 1679.688 
916 4906 2451 13432.613 1680.485 
885 4929 2478 13443.258 1679.528 
805 5002 2396 13432.186 1680.249 
937 4853 2511 13434.226 1682.301 
899 4893 2449 13437.38 1683.778 
959 4790 2509 13426.24 1684.085 
964 4785 2486 13436.19 1678.315 
901 4855 2527 13416.506 1679.194 
942 4868 2442 13442.69 1680.036 
883 4935 2483 13435.27 1680.974 
904 4894 2473 13439.914 1680.229 
884 4915 2481 13435.964 1682.457 
952 4777 2521 13396.641 1676.963 
943 4838 2494 13414.721 1676.225 
970 4779 2445 13403.763 1674.031 
932 4841 2521 13430.095 1678.659 
890 4939 2469 13438.921 1682.119 
895 4924 2469 13431.904 1678.971 
881 4896 2528 13440.492 1686.273 
938 4897 2469 13447.299 1683.615 
862 4947 2492 13433.969 1681.062 
976 4787 2469 13402.889 1678.224 
846 4966 2477 13450.416 1681.161 
930 4888 2491 13444.628 1682.087 
871 4942 2482 13440.327 1683.736 
938 4782 2526 13412.652 1678.993 
887 4941 2483 13433.198 1681.646 
893 4927 2471 13452.409 1683.169 
934 4905 2464 13443.111 1680.867 
930 4844 2479 13445.348 1680.697 
