548 3135 1491 13449.889 1684.443 
618 3040 1548 13431.708 1680.687 
563 3075 1518 13442.686 1687.966 
556 3094 1553 13467.901 1685.727 
538 3118 1566 13462.641 1680.908 
563 3090 1576 13474.679 1682.812 
566 3077 1561 13450.39 1686.756 
554 3111 1567 13482.943 1687.569 
588 3073 1563 13467.648 1684.033 
591 3073 1561 13456.174 1686.909 
602 3041 1613 13447.044 1680.915 
591 3072 1625 13483.151 1691.03 
612 2981 1585 13397.457 1673.19 
544 3117 1534 13445.623 1681.221 
533 3113 1565 13450.621 1681.714 
630 2965 1536 13411.013 1677.085 
597 3042 1612 13448.579 1682.982 
536 3159 1563 13484.111 1690.037 
534 3114 1570 13449.234 1680.906 
581 3091 1547 13485.947 1686.218 
621 2968 1517 13406.089 1677.322 
605 3072 1599 13490.647 1689.143 
610 3054 1543 13460.932 1682.489 
617 2975 1596 13410.23 1677.958 
614 3009 1572 13439.469 1683.656 
608 3021 1593 13462.496 1684.956 
609 3020 1564 13441.271 1682.369 
578 3079 1552 13444.961 1680.654 
563 3093 1583 13461.831 1683.44 
617 2973 1581 13413.518 1678.82 
615 2994 1579 13439.063 1682.155 
566 3105 1563 13463.226 1686.458 
538 3127 1524 13430.968 1678.719 
563 3085 1603 13474.244 1685.616 
576 3074 1568 13467.918 1686.817 
548 3118 1531 13470.4 1685.047 
568 3090 1602 13468.737 1686.695 
565 3104 1495 13467.744 1688.002 
541 3126 1505 13452.032 1682.463 
572 3084 1620 13485.752 1685.64 
611 3053 1550 13474.891 1688.09 
