463 2459 1284 13462.196 1686.5 
491 2432 1271 13481.988 1681.312 
504 2410 1233 13432.438 1683.616 
478 2465 1244 13484.467 1685.255 
485 2449 1228 13480.025 1688.112 
499 2394 1271 13435.276 1681.792 
447 2478 1249 13461.532 1688.645 
422 2509 1249 13463.91 1686.275 
495 2434 1277 13476.767 1687.927 
484 2436 1293 13457.081 1682.236 
477 2470 1261 13480.016 1689.903 
440 2504 1253 13483.178 1683.605 
445 2485 1245 13464.885 1685.171 
440 2503 1257 13478.255 1691.157 
408 2510 1247 13483.245 1688.19 
460 2439 1292 13439.647 1677.193 
490 2399 1278 13439.102 1681.895 
475 2411 1305 13447.8 1682.838 
485 2457 1273 13461.336 1685.443 
504 2420 1225 13458.821 1683.04 
526 2395 1267 13481.364 1685.967 
457 2468 1281 13477.852 1684.244 
478 2436 1269 13474.546 1684.687 
479 2443 1263 13456.753 1685.871 
491 2380 1283 13398.402 1674.617 
497 2403 1276 13462.653 1685.4 
465 2473 1269 13481.957 1686.998 
493 2431 1272 13486.033 1688.251 
443 2492 1290 13479.524 1689.012 
459 2519 1244 13490.451 1688.89 
474 2435 1275 13454.587 1683.373 
469 2470 1262 13462.593 1687.389 
482 2436 1268 13472.833 1687.618 
483 2438 1255 13484.512 1685.764 
453 2472 1276 13481.895 1685.348 
436 2494 1269 13448.746 1680.82 
443 2501 1254 13471.977 1689.906 
392 2526 1172 13430.915 1681.478 
520 2373 1279 13432.312 1679.961 
454 2467 1228 13495.04 1689.601 
426 2520 1208 13458.714 1683.101 
435 2493 1282 13467.81 1684.762 
461 2449 1285 13461.014 1683.247 
456 2437 1304 13469.19 1687.941 
454 2484 1289 13479.972 1685.444 
494 2465 1262 13479.746 1691.469 
500 2401 1279 13431.882 1676.976 
480 2450 1265 13470.628 1683.864 
481 2371 1294 13386.453 1671.237 
473 2462 1281 13502.436 1692.567 
486 2353 1281 13432.833 1683.498 
435 2515 1232 13483.805 1689.023 
456 2454 1282 13457.675 1687.102 
467 2476 1265 13493.36 1689.657 
460 2466 1272 13482.576 1687.383 
507 2372 1278 13438.636 1679.165 
500 2429 1270 13468.135 1688.368 
471 2417 1296 13449.314 1681.987 
471 2381 1283 13416.192 1683.297 
515 2366 1293 13447.107 1679.722 
452 2455 1290 13447.449 1682.475 
482 2461 1232 13503.243 1688.676 
