576 2988 1609 13426.733 1680.636 
571 3102 1578 13468.048 1688.735 
642 2876 1522 13354.441 1667.682 
605 2994 1553 13458.97 1680.647 
594 3064 1594 13467.095 1681.821 
488 3154 1493 13422.801 1679.607 
566 3029 1616 13430.124 1678.212 
603 3036 1561 13443.662 1686.314 
590 3093 1577 13487.425 1694.8 
590 3009 1607 13432.855 1679.529 
586 3036 1608 13454.75 1682.374 
621 2967 1540 13409.31 1675.461 
541 3121 1542 13481.656 1684.608 
585 3083 1582 13474.334 1688.099 
539 3132 1511 13457.486 1684.61 
594 3063 1575 13476.361 1683.228 
606 3043 1528 13470.014 1684.311 
557 3049 1616 13443.605 1681.139 
540 3097 1533 13472.685 1686.978 
573 3131 1549 13471.326 1687.567 
619 3010 1498 13420.141 1682.933 
501 3137 1473 13432.098 1681.959 
510 3148 1532 13429.298 1677.785 
621 2966 1534 13404.092 1678.997 
601 3000 1615 13433.938 1679.186 
628 2898 1564 13374.419 1676.185 
555 3116 1561 13461.997 1684.761 
621 2987 1546 13410.58 1675.042 
507 3132 1472 13442.72 1685.029 
507 3133 1531 13454.064 1683.39 
597 3015 1598 13454.567 1683.822 
605 3045 1569 13455.339 1684.268 
626 2927 1547 13380.389 1675.564 
616 3002 1607 13458.235 1683.188 
617 3030 1600 13453.198 1685.588 
526 3111 1523 13453.36 1689.33 
580 2996 1617 13434.526 1680.039 
535 3135 1542 13462.495 1682.92 
539 3105 1571 13440.356 1677.005 
547 3070 1586 13459.983 1687.846 
544 3095 1574 13479.984 1689.661 
600 3001 1634 13426.508 1678.728 
489 3148 1455 13430.714 1681.57 
501 3103 1584 13449.978 1682.268 
583 3089 1602 13468.455 1686.028 
599 3088 1564 13487.473 1689.449 
573 3082 1605 13468.004 1685.189 
620 2961 1562 13425.336 1682.046 
