367 1818 953 13479.172 1693.092 
309 1909 956 13474.937 1689.069 
337 1886 901 13497.586 1686.273 
366 1821 962 13462.379 1686.446 
350 1869 947 13512.228 1691.543 
366 1848 951 13496.739 1688.84 
369 1851 924 13507.859 1694.884 
375 1814 947 13483.54 1690.39 
363 1860 973 13498.785 1691.671 
356 1863 909 13464.897 1688.119 
338 1888 934 13491.957 1688.367 
386 1808 977 13482.83 1686.721 
362 1851 976 13519.505 1693.257 
318 1906 930 13495.652 1693.797 
330 1896 929 13479.473 1685.024 
350 1856 997 13484.81 1691.558 
323 1864 984 13464.675 1685.095 
343 1879 978 13526.345 1697.596 
381 1805 965 13478.099 1688.749 
328 1880 965 13493.63 1685.43 
394 1816 933 13483.179 1688.122 
368 1814 956 13471.405 1690.934 
375 1843 956 13472.745 1680.527 
324 1883 947 13486.929 1688.207 
319 1893 941 13479.501 1687.873 
332 1889 943 13477.479 1689.614 
355 1814 992 13465.769 1686.558 
352 1816 984 13457.848 1689.008 
322 1889 976 13506.729 1692.426 
319 1913 879 13473.998 1688.158 
334 1904 923 13511.876 1693.297 
351 1856 990 13524.006 1695.984 
372 1825 971 13470.724 1683.927 
351 1873 944 13504.311 1692.794 
368 1823 952 13478.009 1686.999 
307 1898 946 13496.661 1688.458 
368 1829 956 13453.023 1683.581 
388 1748 974 13422.96 1678.445 
400 1784 956 13465.816 1686.438 
353 1832 983 13481.47 1684.516 
379 1835 946 13498.241 1693.965 
324 1888 944 13492.211 1692.301 
356 1814 986 13454.966 1685.119 
388 1815 950 13444.898 1681.547 
383 1814 984 13481.434 1687.339 
305 1916 933 13538.189 1697.249 
365 1827 969 13460.249 1687.398 
348 1880 962 13522.223 1696.664 
353 1861 950 13489.364 1689.829 
319 1893 949 13479.364 1685.266 
362 1813 985 13449.714 1683.975 
