791 4343 2165 13459.918 1684.568 
812 4293 2177 13446.075 1681.024 
775 4312 2153 13440.287 1685.201 
766 4321 2122 13436.314 1684.664 
827 4287 2142 13451.664 1683.423 
772 4333 2179 13450.011 1682.638 
816 4283 2153 13453.579 1679.003 
820 4270 2194 13431.341 1680.218 
706 4352 2090 13421.91 1681.774 
781 4335 2153 13461.946 1682.991 
754 4320 2187 13428.039 1679.473 
816 4289 2115 13438.732 1681.087 
747 4344 2083 13440.653 1682.274 
782 4301 2218 13445.82 1681.835 
809 4273 2211 13429.887 1680.877 
832 4264 2157 13445.308 1681.204 
830 4269 2239 13459.854 1681.16 
796 4311 2151 13443.545 1681.188 
749 4328 2186 13419.907 1678.509 
712 4369 2042 13410.195 1677.369 
745 4354 2072 13416.669 1682.918 
744 4326 2089 13434.32 1684.866 
812 4262 2134 13452.132 1686.755 
791 4322 2109 13460.879 1682.464 
822 4302 2115 13434.287 1679.288 
823 4262 2216 13441.357 1682.773 
870 4246 2264 13464.065 1684.961 
763 4331 2117 13427.0 1684.737 
808 4260 2180 13443.716 1687.545 
806 4303 2201 13439.931 1680.714 
728 4349 2141 13445.84 1682.877 
748 4333 2197 13417.409 1680.669 
761 4358 2153 13442.197 1681.564 
764 4347 2168 13442.443 1681.558 
817 4270 2238 13453.986 1685.319 
803 4308 2208 13466.359 1686.528 
840 4266 2142 13443.488 1680.415 
759 4332 2137 13439.953 1684.698 
778 4318 2151 13461.611 1683.732 
807 4275 2171 13450.707 1684.818 
692 4366 2056 13405.675 1679.037 
794 4288 2227 13429.61 1680.626 
848 4248 2136 13443.582 1679.142 
876 4161 2229 13426.37 1677.955 
767 4306 2210 13417.73 1677.17 
