684 3693 1883 13452.877 1685.011 
629 3736 1841 13446.207 1684.699 
678 3719 1888 13457.691 1684.821 
705 3652 1919 13448.506 1681.306 
709 3653 1881 13455.57 1686.963 
685 3705 1881 13479.919 1687.576 
731 3627 1837 13421.513 1678.901 
700 3707 1844 13477.557 1686.271 
680 3698 1892 13462.292 1680.991 
707 3677 1898 13471.142 1685.267 
730 3553 1878 13416.606 1677.141 
650 3717 1898 13463.988 1684.944 
694 3692 1847 13453.985 1684.879 
724 3603 1891 13421.981 1678.467 
658 3753 1853 13458.567 1682.21 
699 3694 1889 13445.035 1682.253 
665 3688 1892 13448.427 1681.132 
705 3673 1918 13469.482 1685.975 
718 3669 1904 13464.81 1684.525 
662 3728 1864 13443.424 1683.586 
722 3608 1845 13434.832 1683.014 
738 3578 1885 13431.897 1677.005 
726 3566 1886 13420.418 1680.465 
749 3542 1828 13401.285 1675.393 
636 3735 1806 13455.903 1684.355 
681 3713 1879 13463.114 1680.487 
643 3702 1911 13453.799 1682.718 
675 3656 1906 13453.604 1686.92 
638 3720 1862 13447.289 1687.405 
701 3687 1859 13473.616 1687.406 
628 3760 1897 13462.31 1685.802 
729 3552 1925 13431.163 1679.33 
641 3742 1865 13453.9 1683.663 
735 3605 1834 13424.559 1679.218 
738 3552 1874 13407.388 1680.818 
636 3755 1856 13462.907 1682.992 
710 3626 1910 13429.353 1680.976 
728 3569 1932 13401.708 1675.381 
739 3582 1885 13416.525 1678.399 
716 3647 1867 13448.673 1684.95 
731 3570 1922 13412.677 1678.952 
733 3605 1877 13433.988 1682.338 
671 3689 1899 13453.775 1680.769 
636 3736 1890 13451.774 1680.203 
646 3736 1845 13452.692 1683.532 
748 3521 1839 13354.842 1669.765 
728 3613 1855 13414.868 1677.622 
656 3733 1852 13464.896 1679.04 
669 3726 1859 13474.244 1686.438 
658 3732 1843 13458.93 1685.358 
722 3610 1862 13419.982 1681.988 
677 3695 1877 13454.051 1690.752 
689 3686 1891 13448.473 1680.16 
647 3701 1812 13436.904 1688.305 
659 3703 1889 13454.756 1683.407 
