236 1237 676 13498.95 1684.247 
251 1243 615 13472.892 1693.672 
213 1277 619 13526.421 1697.606 
253 1245 642 13559.824 1693.356 
270 1172 651 13424.063 1683.711 
227 1240 654 13513.506 1696.91 
223 1233 663 13470.292 1684.295 
256 1235 631 13504.964 1696.631 
219 1262 638 13504.931 1695.017 
276 1168 651 13422.548 1686.279 
249 1277 637 13575.514 1696.775 
230 1250 640 13544.009 1693.38 
268 1209 653 13521.648 1700.674 
241 1230 659 13520.361 1697.953 
211 1284 607 13499.198 1692.312 
217 1262 620 13502.068 1697.992 
264 1185 663 13482.763 1687.933 
205 1281 630 13521.62 1698.548 
255 1239 654 13523.297 1698.559 
242 1232 662 13475.279 1682.645 
238 1259 613 13534.199 1698.106 
212 1279 648 13543.725 1699.759 
266 1202 655 13499.355 1687.379 
224 1234 657 13455.672 1695.199 
215 1279 634 13510.732 1691.289 
180 1292 601 13440.633 1678.902 
233 1224 658 13501.348 1698.025 
269 1164 647 13445.615 1683.983 
214 1235 664 13446.705 1689.368 
234 1245 640 13513.86 1696.232 
251 1218 678 13517.288 1691.636 
258 1199 666 13436.56 1682.614 
238 1232 665 13489.105 1688.456 
196 1284 612 13472.459 1686.102 
205 1288 609 13485.706 1689.081 
255 1275 661 13560.337 1693.124 
179 1290 579 13470.362 1684.224 
233 1260 645 13523.233 1698.45 
237 1265 630 13546.718 1697.914 
258 1213 636 13491.001 1694.238 
257 1224 664 13541.471 1696.645 
270 1203 627 13494.318 1691.319 
225 1242 656 13496.642 1697.414 
206 1287 577 13464.982 1684.473 
244 1246 641 13523.758 1695.804 
259 1215 664 13459.216 1683.832 
243 1214 681 13477.578 1687.24 
246 1228 670 13517.825 1693.915 
