916 4899 2466 13431.196 1678.418 
907 4892 2512 13427.164 1681.31 
962 4823 2450 13418.574 1677.981 
918 4853 2449 13418.189 1681.85 
913 4917 2443 13444.333 1681.045 
885 4899 2509 13432.596 1681.126 
842 4947 2477 13425.317 1677.775 
939 4860 2415 13428.913 1680.689 
911 4947 2446 13438.104 1682.853 
918 4852 2476 13439.004 1682.684 
947 4831 2467 13437.401 1681.084 
861 4980 2424 13441.583 1679.888 
923 4839 2478 13426.41 1682.497 
915 4886 2494 13443.082 1683.333 
953 4781 2496 13431.532 1680.449 
920 4875 2445 13431.048 1681.036 
978 4682 2467 13378.963 1677.335 
963 4770 2497 13415.024 1681.494 
962 4794 2478 13404.156 1681.618 
924 4870 2504 13437.51 1680.923 
919 4882 2454 13425.401 1681.591 
935 4806 2529 13425.154 1679.019 
852 4938 2493 13439.017 1680.913 
929 4866 2488 13423.476 1679.232 
931 4880 2419 13447.34 1684.228 
911 4857 2525 13419.954 1677.07 
808 4987 2382 13417.3 1680.365 
900 4871 2530 13424.779 1677.137 
950 4848 2470 13422.429 1681.6 
926 4804 2542 13407.741 1675.801 
911 4906 2510 13448.471 1679.825 
968 4789 2457 13414.63 1680.305 
884 4951 2421 13423.436 1677.466 
915 4900 2431 13432.856 1680.047 
924 4862 2459 13434.61 1681.031 
910 4947 2452 13440.267 1683.294 
933 4844 2492 13417.136 1677.622 
914 4914 2495 13455.418 1681.594 
907 4860 2549 13427.188 1675.586 
955 4823 2450 13411.652 1679.022 
937 4843 2486 13446.329 1682.141 
956 4808 2484 13401.442 1674.144 
874 4951 2360 13431.134 1680.831 
941 4841 2485 13419.175 1675.646 
953 4847 2476 13429.371 1679.929 
965 4758 2514 13398.601 1678.966 
929 4873 2499 13423.907 1678.681 
894 4945 2492 13441.004 1680.823 
919 4883 2440 13430.012 1679.175 
932 4851 2456 13429.956 1681.082 
907 4877 2503 13430.067 1681.958 
909 4922 2464 13439.222 1678.867 
991 4740 2496 13409.881 1677.161 
961 4831 2440 13420.875 1679.552 
918 4886 2462 13430.234 1680.208 
915 4874 2521 13443.436 1679.942 
904 4934 2494 13478.621 1684.241 
942 4871 2464 13439.544 1680.217 
942 4841 2422 13434.619 1684.985 
928 4866 2460 13438.814 1680.698 
862 4979 2411 13437.63 1682.342 
817 4969 2417 13423.4 1680.881 
900 4881 2513 13429.22 1680.236 
955 4834 2503 13434.651 1679.009 
882 4911 2503 13420.233 1678.265 
872 4952 2411 13443.1 1680.916 
948 4838 2533 13424.897 1681.577 
922 4873 2444 13439.829 1681.543 
906 4945 2488 13463.554 1686.958 
946 4864 2471 13426.257 1681.386 
880 4907 2508 13414.86 1676.269 
883 4911 2501 13437.043 1681.951 
841 4977 2408 13437.698 1680.292 
917 4848 2512 13406.886 1675.712 
871 4957 2447 13448.951 1682.673 
931 4863 2480 13452.023 1680.226 
915 4814 2546 13412.232 1677.788 
945 4827 2506 13416.256 1683.727 
961 4806 2497 13411.355 1677.496 
952 4817 2512 13395.983 1679.058 
869 4968 2468 13447.893 1681.934 
943 4840 2494 13427.697 1679.565 
967 4776 2475 13411.776 1674.577 
923 4814 2528 13427.143 1679.731 
894 4895 2523 13444.436 1682.929 
907 4881 2455 13445.96 1682.556 
930 4889 2452 13446.893 1678.897 
971 4761 2523 13414.71 1678.835 
848 4955 2441 13439.355 1682.839 
922 4884 2412 13422.639 1680.565 
850 4953 2458 13449.11 1679.516 
913 4840 2509 13418.127 1680.527 
946 4833 2516 13429.668 1680.617 
941 4840 2499 13414.62 1677.19 
900 4892 2495 13437.668 1681.643 
944 4775 2549 13427.84 1680.309 
925 4863 2496 13421.392 1679.919 
