510 3123 1582 13463.141 1685.418 
506 3136 1480 13437.57 1683.936 
569 3128 1556 13485.889 1688.114 
528 3141 1577 13451.075 1680.747 
635 2939 1564 13403.285 1679.371 
575 3090 1568 13487.274 1690.577 
627 3001 1575 13437.259 1677.887 
603 2981 1621 13421.66 1681.721 
480 3145 1479 13431.035 1680.467 
551 3105 1475 13464.229 1688.187 
547 3097 1569 13472.424 1685.75 
567 3101 1578 13464.413 1684.866 
606 2999 1604 13448.541 1683.419 
487 3142 1466 13415.428 1678.393 
603 2996 1561 13452.475 1686.635 
513 3135 1552 13463.191 1688.127 
584 3073 1604 13491.823 1686.118 
521 3129 1471 13449.756 1684.453 
594 3022 1550 13442.862 1688.839 
609 2991 1605 13440.889 1681.897 
609 3013 1608 13442.394 1681.449 
605 3078 1612 13490.928 1686.455 
590 3032 1529 13451.118 1686.62 
618 2979 1599 13417.774 1680.738 
546 3128 1571 13472.935 1686.608 
625 3051 1581 13473.385 1685.86 
588 3087 1580 13471.621 1684.131 
545 3091 1581 13460.549 1683.76 
589 3066 1594 13463.597 1689.079 
611 3005 1585 13429.634 1680.831 
547 3107 1573 13461.332 1683.088 
551 3080 1576 13442.035 1685.198 
577 3082 1558 13470.909 1688.418 
574 3045 1632 13453.002 1683.39 
