937 4894 2531 13453.111 1684.354 
965 4824 2460 13421.322 1679.016 
886 4935 2474 13452.968 1681.669 
864 4952 2475 13431.051 1681.861 
945 4858 2476 13456.971 1682.672 
857 4938 2486 13437.77 1683.633 
905 4923 2495 13465.527 1686.089 
864 4984 2447 13457.087 1683.633 
954 4816 2474 13425.979 1680.732 
893 4944 2485 13451.85 1682.813 
927 4876 2513 13457.585 1684.861 
916 4931 2492 13469.645 1687.556 
881 4920 2507 13445.472 1682.225 
896 4914 2539 13455.536 1682.67 
860 4940 2487 13434.865 1681.992 
927 4906 2455 13458.011 1682.302 
946 4844 2500 13444.613 1683.654 
950 4835 2440 13430.247 1675.35 
863 4939 2571 13461.354 1682.509 
971 4806 2438 13420.379 1678.095 
964 4834 2472 13439.064 1681.075 
945 4850 2513 13452.62 1683.097 
955 4862 2452 13429.139 1679.363 
913 4921 2496 13443.896 1680.914 
892 4929 2496 13450.931 1688.269 
862 4957 2466 13438.348 1683.011 
901 4937 2440 13439.765 1683.127 
890 4979 2455 13467.257 1687.325 
978 4778 2438 13400.11 1674.052 
967 4757 2439 13390.089 1669.994 
857 4954 2480 13437.646 1680.049 
902 4899 2501 13446.255 1683.868 
966 4788 2511 13410.974 1677.141 
897 4849 2557 13414.811 1674.423 
947 4836 2536 13434.885 1681.696 
957 4804 2489 13426.718 1678.373 
867 4945 2479 13444.431 1680.642 
962 4826 2518 13424.812 1678.449 
944 4840 2525 13427.774 1679.676 
836 4985 2423 13443.743 1683.829 
917 4903 2492 13448.111 1686.993 
901 4784 2551 13385.468 1674.719 
949 4856 2460 13443.619 1679.159 
865 4921 2505 13435.251 1681.021 
939 4870 2493 13431.909 1678.881 
832 4987 2343 13428.106 1681.984 
976 4714 2491 13387.94 1676.741 
928 4902 2485 13469.101 1683.182 
948 4769 2481 13403.359 1679.065 
912 4806 2542 13411.888 1680.604 
