922 4869 2502 13439.002 1684.078 
948 4807 2488 13418.565 1679.701 
955 4780 2480 13420.291 1681.739 
845 4970 2432 13460.36 1683.572 
916 4891 2481 13445.139 1683.196 
932 4893 2571 13453.36 1682.326 
906 4929 2472 13439.322 1678.339 
951 4838 2459 13425.544 1680.733 
873 4962 2464 13442.073 1681.18 
943 4795 2446 13427.227 1683.776 
856 4991 2435 13437.974 1681.758 
893 4917 2484 13440.689 1684.205 
894 4949 2500 13463.727 1683.943 
866 4967 2478 13460.065 1683.501 
925 4840 2467 13439.193 1685.488 
885 4937 2482 13437.376 1684.925 
901 4915 2489 13452.632 1682.546 
938 4844 2498 13425.924 1680.725 
933 4859 2473 13424.077 1679.61 
911 4928 2486 13449.294 1683.36 
923 4888 2501 13457.78 1684.036 
886 4916 2505 13446.802 1679.719 
869 4933 2513 13446.355 1683.045 
933 4873 2511 13435.175 1678.47 
891 4955 2468 13442.229 1678.229 
937 4790 2544 13409.401 1678.168 
911 4935 2460 13443.417 1681.776 
845 4976 2435 13449.506 1681.007 
888 4910 2509 13441.851 1684.207 
874 4925 2502 13438.177 1681.619 
929 4813 2511 13435.487 1683.775 
914 4881 2474 13446.871 1684.735 
914 4904 2441 13435.067 1680.106 
870 4952 2456 13457.917 1686.731 
855 4979 2356 13442.62 1682.589 
990 4786 2529 13430.862 1681.716 
878 4954 2482 13450.126 1685.477 
812 4977 2398 13431.733 1683.235 
964 4828 2474 13430.958 1681.68 
934 4851 2494 13446.93 1682.896 
833 4973 2445 13435.185 1680.142 
907 4903 2493 13448.926 1683.932 
947 4856 2466 13426.816 1682.382 
827 4975 2450 13440.322 1681.664 
912 4910 2469 13428.881 1681.895 
940 4849 2468 13405.805 1677.497 
899 4908 2490 13453.975 1686.653 
935 4881 2467 13454.925 1685.004 
913 4902 2431 13446.478 1681.07 
907 4919 2478 13444.43 1684.499 
946 4839 2522 13437.639 1682.102 
924 4856 2495 13425.291 1682.345 
947 4820 2487 13425.173 1680.551 
906 4898 2498 13438.143 1678.823 
798 4981 2437 13426.019 1677.905 
848 4966 2467 13430.788 1684.066 
900 4961 2444 13452.418 1684.908 
948 4825 2490 13405.57 1678.101 
986 4819 2541 13440.163 1679.393 
890 4952 2419 13457.521 1683.154 
