675 3684 1845 13462.361 1682.978 
670 3728 1848 13470.251 1688.841 
669 3688 1906 13440.19 1680.316 
677 3646 1889 13446.055 1685.04 
686 3677 1827 13458.773 1684.928 
661 3671 1910 13452.827 1683.433 
669 3706 1862 13462.431 1685.079 
667 3680 1890 13440.246 1681.371 
687 3679 1887 13448.228 1683.276 
672 3698 1881 13453.514 1681.111 
644 3729 1816 13460.416 1683.808 
672 3699 1880 13461.803 1686.906 
685 3680 1866 13456.537 1681.719 
665 3720 1878 13455.772 1683.517 
669 3714 1865 13448.844 1679.915 
688 3613 1927 13433.706 1680.334 
643 3721 1865 13443.16 1680.532 
680 3710 1811 13441.357 1685.897 
662 3740 1806 13428.251 1679.584 
631 3753 1817 13435.461 1683.409 
685 3651 1889 13446.241 1683.287 
703 3672 1886 13463.441 1687.563 
638 3736 1768 13450.708 1682.648 
679 3695 1893 13444.543 1679.31 
724 3675 1877 13464.406 1684.478 
650 3760 1833 13468.126 1681.782 
720 3648 1869 13469.261 1685.875 
605 3767 1841 13453.395 1681.888 
653 3712 1858 13457.871 1684.957 
679 3705 1864 13447.266 1680.866 
702 3683 1859 13445.426 1682.632 
704 3673 1891 13441.248 1681.043 
634 3736 1817 13440.293 1685.232 
709 3667 1839 13445.454 1684.645 
682 3688 1881 13439.716 1681.457 
757 3637 1924 13478.684 1685.578 
630 3732 1846 13455.523 1682.843 
678 3708 1842 13460.702 1684.725 
624 3733 1844 13442.925 1677.632 
693 3644 1900 13445.329 1683.058 
693 3687 1809 13453.497 1683.968 
655 3688 1892 13443.853 1683.911 
650 3729 1825 13448.244 1683.633 
666 3678 1909 13434.213 1681.94 
582 3730 1835 13422.8 1683.142 
665 3687 1854 13479.394 1682.343 
595 3761 1793 13445.445 1683.124 
647 3731 1784 13441.784 1681.926 
675 3707 1822 13459.517 1685.003 
676 3690 1882 13464.599 1682.024 
680 3697 1866 13451.657 1684.907 
677 3656 1888 13447.682 1686.14 
698 3653 1913 13447.155 1682.97 
648 3729 1818 13444.621 1686.074 
695 3679 1810 13457.542 1683.358 
678 3677 1868 13435.6 1683.297 
692 3678 1912 13458.103 1681.659 
679 3717 1835 13463.344 1681.733 
719 3658 1904 13458.569 1682.533 
632 3743 1833 13444.979 1685.132 
638 3704 1886 13434.313 1679.031 
684 3681 1841 13456.214 1684.231 
689 3646 1887 13446.625 1683.066 
680 3640 1917 13444.31 1678.462 
684 3717 1807 13467.111 1685.473 
673 3696 1886 13441.616 1675.884 
643 3711 1867 13461.906 1685.7 
671 3714 1812 13454.647 1681.963 
695 3702 1814 13451.386 1680.88 
