894 4956 2440 13455.293 1682.746 
980 4779 2536 13422.495 1678.84 
926 4793 2531 13423.649 1684.277 
901 4952 2496 13468.275 1683.065 
841 4958 2426 13424.66 1680.16 
784 4997 2346 13391.369 1673.496 
914 4932 2475 13438.052 1679.916 
891 4940 2500 13462.504 1681.501 
922 4856 2495 13432.694 1684.904 
931 4881 2448 13434.012 1679.863 
855 4968 2423 13437.414 1684.315 
818 4986 2422 13427.23 1676.85 
882 4902 2455 13443.992 1684.606 
922 4888 2483 13451.264 1685.397 
891 4890 2545 13448.444 1683.926 
924 4900 2504 13457.845 1681.619 
921 4866 2505 13439.101 1684.579 
930 4914 2489 13457.866 1683.434 
850 4974 2436 13441.306 1679.957 
887 4917 2514 13451.636 1682.626 
915 4905 2541 13441.785 1685.339 
929 4857 2528 13435.998 1682.156 
870 4963 2400 13442.383 1680.329 
894 4939 2493 13464.678 1684.561 
895 4921 2485 13449.887 1684.289 
822 4965 2439 13417.661 1680.327 
976 4834 2516 13448.612 1683.598 
898 4842 2544 13429.505 1678.884 
945 4867 2524 13453.698 1683.388 
892 4883 2576 13449.468 1680.794 
873 4936 2418 13444.947 1686.127 
950 4837 2515 13440.596 1680.324 
934 4837 2527 13418.21 1679.789 
866 4944 2455 13445.753 1684.662 
962 4855 2462 13435.625 1681.06 
918 4820 2529 13414.626 1678.494 
909 4919 2445 13462.025 1683.661 
919 4801 2544 13405.899 1681.117 
948 4843 2498 13432.713 1681.264 
981 4730 2462 13377.086 1672.39 
856 4955 2375 13434.075 1683.449 
869 4941 2404 13441.386 1683.722 
818 4959 2452 13426.073 1681.262 
916 4899 2531 13450.904 1681.999 
836 4958 2442 13422.203 1676.122 
800 4994 2377 13422.152 1679.723 
846 4971 2340 13439.696 1681.504 
916 4832 2539 13427.643 1681.221 
