229 1258 625 13496.116 1694.187 
224 1263 630 13516.633 1692.542 
247 1242 651 13516.163 1690.644 
272 1192 616 13449.564 1684.913 
217 1271 609 13514.701 1695.744 
262 1186 675 13498.194 1693.766 
216 1279 623 13552.469 1698.135 
240 1218 641 13491.905 1698.926 
263 1195 647 13457.792 1682.945 
192 1293 603 13491.495 1695.037 
220 1270 587 13482.156 1694.721 
235 1245 665 13507.81 1692.774 
238 1233 660 13490.798 1695.773 
213 1261 605 13500.969 1699.42 
259 1205 670 13495.427 1688.499 
211 1291 636 13549.471 1695.461 
218 1259 651 13493.303 1687.211 
235 1258 611 13538.934 1696.265 
263 1238 632 13533.909 1697.263 
253 1243 649 13524.343 1690.998 
254 1228 640 13535.218 1692.233 
255 1223 691 13492.945 1692.237 
240 1253 657 13529.989 1695.006 
236 1249 635 13521.379 1697.295 
217 1267 652 13503.247 1690.5 
257 1206 651 13444.463 1685.278 
273 1170 642 13420.622 1683.248 
248 1228 668 13518.866 1697.864 
256 1214 653 13482.832 1684.986 
241 1246 633 13514.682 1701.191 
235 1252 649 13541.176 1693.812 
256 1206 658 13459.125 1686.524 
254 1223 677 13502.603 1695.57 
250 1235 651 13522.45 1697.491 
256 1201 667 13502.558 1691.39 
242 1230 655 13511.005 1698.129 
236 1246 637 13521.626 1695.049 
231 1263 622 13516.017 1694.776 
250 1234 652 13523.682 1694.833 
237 1246 665 13497.993 1692.476 
244 1249 631 13510.798 1700.738 
225 1259 647 13549.469 1700.538 
225 1273 625 13513.019 1694.687 
284 1131 623 13370.865 1673.881 
230 1258 620 13548.52 1700.252 
241 1252 616 13458.516 1681.336 
234 1254 629 13507.747 1687.63 
227 1268 647 13514.75 1695.734 
219 1255 674 13536.171 1700.814 
229 1257 659 13515.741 1690.481 
269 1181 657 13473.469 1683.724 
241 1240 644 13502.356 1691.116 
245 1238 649 13559.194 1690.327 
241 1244 639 13519.324 1697.283 
266 1217 625 13482.836 1688.663 
218 1286 616 13486.334 1685.203 
221 1268 631 13537.281 1696.903 
230 1257 638 13517.511 1696.666 
226 1245 636 13474.992 1696.947 
237 1219 673 13510.196 1687.707 
231 1230 658 13535.459 1696.025 
267 1190 662 13462.928 1688.74 
190 1301 624 13514.212 1694.963 
228 1256 636 13532.784 1693.868 
215 1274 637 13495.752 1684.145 
