131 625 322 13571.768 1707.547 
126 609 359 13518.607 1702.142 
129 594 362 13499.678 1694.587 
124 634 335 13575.882 1701.672 
84 653 295 13473.901 1698.963 
142 607 339 13542.553 1692.965 
123 650 349 13639.813 1712.577 
105 651 307 13574.769 1703.399 
139 605 319 13515.37 1694.246 
127 618 350 13616.279 1709.968 
131 617 324 13583.576 1711.355 
132 612 336 13566.121 1711.761 
141 598 344 13505.788 1700.585 
147 597 334 13586.875 1701.936 
140 600 338 13569.853 1703.075 
137 624 357 13632.538 1708.714 
144 597 343 13549.507 1702.395 
104 664 294 13558.172 1698.303 
105 652 302 13522.949 1703.963 
99 653 336 13535.975 1693.275 
98 657 307 13530.905 1690.211 
126 626 341 13563.042 1694.69 
142 596 324 13524.859 1705.948 
124 625 342 13583.623 1708.978 
137 633 335 13616.459 1705.623 
114 652 306 13565.265 1698.094 
88 653 291 13490.898 1699.319 
139 610 317 13508.257 1696.676 
88 658 303 13425.235 1690.02 
149 564 325 13419.667 1682.413 
100 654 308 13484.914 1696.045 
148 578 351 13460.627 1689.53 
141 605 344 13506.268 1688.388 
