942 4806 2558 13433.517 1682.979 
831 4972 2437 13423.066 1681.631 
902 4927 2459 13442.614 1681.904 
943 4861 2473 13434.018 1685.084 
921 4895 2505 13455.189 1682.202 
883 4914 2511 13437.056 1678.542 
879 4938 2503 13456.715 1685.109 
853 4953 2467 13421.917 1678.782 
871 4942 2478 13434.808 1682.952 
899 4971 2451 13463.84 1685.541 
929 4913 2472 13460.978 1686.694 
904 4881 2483 13424.398 1682.532 
838 4953 2475 13444.023 1680.148 
884 4878 2516 13426.001 1679.76 
883 4950 2500 13448.34 1681.641 
851 4951 2503 13452.227 1682.887 
890 4947 2461 13458.23 1683.125 
917 4937 2483 13440.425 1681.419 
869 4877 2516 13422.653 1679.846 
837 4993 2415 13442.117 1682.253 
828 4999 2373 13423.62 1679.493 
884 4961 2453 13456.361 1682.357 
943 4814 2555 13441.106 1678.47 
863 4914 2532 13442.435 1683.033 
931 4859 2536 13435.965 1679.431 
852 4978 2424 13453.579 1686.434 
904 4871 2485 13432.353 1682.891 
897 4874 2496 13425.179 1682.775 
910 4917 2501 13432.819 1680.681 
958 4844 2517 13455.04 1685.191 
904 4921 2478 13446.304 1684.52 
921 4864 2546 13433.286 1679.417 
897 4877 2487 13437.037 1682.971 
863 4972 2417 13444.764 1682.533 
945 4855 2539 13452.37 1683.136 
934 4907 2507 13451.255 1682.507 
877 4938 2430 13448.951 1685.618 
891 4935 2510 13459.474 1687.289 
864 4963 2465 13465.49 1682.247 
985 4870 2524 13451.156 1684.9 
927 4827 2552 13423.734 1681.223 
900 4924 2471 13449.611 1680.717 
990 4667 2417 13337.208 1664.651 
877 4943 2470 13449.659 1678.217 
