816 4230 2201 13437.927 1683.672 
813 4269 2214 13442.24 1679.85 
739 4371 2096 13443.591 1685.169 
789 4281 2174 13420.871 1684.449 
857 4212 2186 13430.367 1683.774 
747 4356 2118 13450.653 1679.78 
754 4339 2121 13443.695 1682.904 
798 4267 2229 13437.841 1678.071 
858 4160 2198 13400.595 1674.169 
789 4314 2199 13452.932 1681.419 
824 4192 2205 13435.557 1681.317 
802 4276 2218 13424.459 1678.099 
819 4237 2226 13448.264 1683.436 
745 4389 2094 13457.736 1681.46 
817 4263 2182 13442.708 1682.306 
758 4328 2140 13435.865 1681.755 
763 4331 2139 13445.621 1683.457 
724 4339 2120 13422.558 1683.664 
782 4326 2082 13444.496 1683.82 
822 4287 2157 13456.601 1685.083 
749 4336 2134 13432.822 1681.544 
777 4282 2188 13441.038 1685.38 
846 4167 2206 13407.755 1675.99 
710 4374 2150 13447.713 1682.239 
820 4240 2207 13422.028 1678.256 
726 4337 2203 13446.098 1681.846 
818 4219 2237 13416.159 1675.442 
861 4266 2172 13451.591 1682.714 
744 4342 2105 13429.528 1681.383 
762 4340 2139 13440.872 1680.414 
771 4260 2232 13439.606 1681.976 
739 4323 2180 13423.123 1682.566 
829 4235 2175 13424.523 1679.732 
811 4291 2181 13441.374 1683.788 
803 4269 2208 13444.5 1681.027 
825 4235 2212 13430.294 1679.966 
804 4301 2168 13463.095 1685.381 
742 4325 2149 13427.073 1680.747 
758 4319 2176 13445.97 1681.536 
712 4350 2123 13423.192 1681.063 
734 4364 2121 13452.282 1682.944 
826 4225 2143 13438.163 1684.81 
756 4338 2120 13428.922 1681.165 
724 4347 2155 13433.091 1681.46 
776 4306 2181 13450.236 1682.816 
780 4329 2135 13454.259 1684.374 
761 4353 2154 13467.252 1680.098 
729 4344 2141 13435.24 1681.117 
822 4218 2257 13418.061 1677.09 
819 4279 2180 13439.566 1679.647 
808 4264 2158 13445.837 1685.621 
779 4295 2164 13440.006 1687.211 
796 4285 2201 13431.034 1680.131 
795 4305 2230 13462.027 1684.231 
821 4241 2223 13420.45 1681.593 
803 4278 2193 13450.201 1685.905 
826 4262 2202 13437.498 1682.408 
786 4323 2136 13452.875 1683.576 
806 4280 2165 13438.705 1685.67 
834 4267 2165 13434.135 1679.674 
808 4273 2170 13446.198 1681.43 
802 4266 2197 13436.345 1684.084 
802 4314 2179 13472.217 1683.266 
831 4230 2183 13414.817 1678.605 
863 4133 2099 13382.551 1674.691 
807 4265 2189 13428.82 1680.215 
800 4254 2217 13434.486 1677.766 
820 4293 2166 13456.994 1684.106 
794 4324 2171 13449.48 1686.239 
812 4241 2207 13443.089 1681.113 
842 4211 2252 13432.464 1683.289 
732 4335 2149 13430.38 1681.913 
771 4326 2145 13454.74 1685.765 
