763 4344 2175 13459.987 1683.147 
814 4284 2190 13464.889 1684.136 
825 4261 2235 13456.795 1682.918 
841 4153 2173 13418.475 1680.922 
843 4177 2124 13397.197 1681.766 
823 4279 2200 13462.173 1683.338 
840 4215 2172 13430.695 1682.705 
842 4220 2114 13407.214 1681.006 
750 4378 2125 13443.059 1683.407 
784 4201 2239 13400.412 1676.695 
801 4336 2125 13449.83 1680.586 
863 4196 2156 13428.91 1678.443 
732 4345 2160 13460.988 1682.928 
830 4218 2183 13437.902 1682.604 
842 4190 2176 13399.183 1677.458 
826 4198 2218 13417.799 1677.388 
777 4352 2181 13455.865 1685.695 
825 4282 2221 13461.718 1686.098 
761 4341 2148 13451.6 1686.335 
830 4105 2219 13379.906 1672.367 
832 4198 2201 13445.767 1683.078 
826 4180 2236 13404.008 1676.858 
836 4176 2206 13428.974 1679.076 
734 4300 2217 13443.586 1679.838 
751 4357 2076 13433.294 1680.597 
838 4190 2175 13408.082 1679.997 
830 4264 2216 13444.886 1681.888 
814 4313 2168 13477.178 1686.495 
828 4191 2220 13410.855 1680.968 
851 4161 2159 13413.602 1679.82 
834 4211 2214 13413.633 1677.794 
845 4183 2215 13410.764 1677.669 
858 4154 2213 13407.467 1680.116 
760 4334 2215 13445.459 1684.256 
873 4181 2195 13413.06 1679.79 
798 4325 2179 13470.342 1686.163 
782 4340 2160 13471.278 1681.759 
833 4187 2193 13415.732 1680.092 
829 4290 2164 13440.332 1678.428 
834 4207 2203 13426.344 1677.777 
833 4209 2174 13431.535 1683.086 
741 4375 2127 13436.072 1680.94 
847 4192 2158 13423.648 1679.491 
821 4283 2157 13450.807 1682.182 
810 4324 2214 13488.691 1685.776 
