433 2497 1229 13476.108 1690.138 
452 2474 1250 13457.853 1686.279 
454 2481 1215 13478.681 1683.684 
510 2375 1227 13435.852 1676.253 
453 2471 1230 13460.773 1687.992 
463 2457 1202 13449.162 1689.11 
496 2435 1237 13449.165 1681.05 
442 2488 1216 13484.083 1686.843 
493 2418 1252 13456.644 1685.438 
480 2461 1271 13464.597 1686.038 
448 2474 1272 13496.421 1690.005 
465 2464 1246 13453.521 1685.974 
486 2423 1272 13479.903 1685.653 
491 2448 1288 13475.838 1682.475 
456 2460 1261 13471.419 1688.753 
478 2450 1217 13469.519 1685.287 
424 2498 1225 13482.42 1688.488 
411 2508 1239 13459.369 1687.132 
477 2452 1233 13464.669 1682.752 
435 2495 1231 13463.523 1684.219 
475 2435 1258 13470.987 1686.878 
498 2420 1246 13440.773 1679.71 
451 2485 1239 13464.009 1686.359 
429 2496 1296 13444.303 1683.708 
439 2481 1223 13467.017 1690.54 
464 2467 1259 13486.882 1687.867 
448 2467 1297 13456.062 1682.857 
482 2449 1238 13459.547 1683.162 
410 2490 1253 13457.227 1688.74 
437 2501 1208 13481.771 1685.283 
438 2494 1219 13469.164 1681.052 
433 2493 1250 13437.829 1679.899 
421 2513 1288 13479.647 1686.938 
449 2474 1241 13447.114 1687.532 
423 2517 1174 13454.329 1686.151 
470 2445 1266 13467.28 1683.462 
474 2419 1290 13459.119 1687.288 
436 2489 1239 13473.9 1687.559 
480 2436 1273 13473.28 1685.954 
455 2439 1238 13447.327 1689.425 
437 2480 1265 13451.061 1682.507 
450 2478 1212 13471.243 1684.469 
469 2451 1277 13453.099 1682.626 
422 2497 1237 13467.862 1689.714 
481 2453 1255 13455.969 1679.899 
482 2441 1261 13468.097 1686.901 
458 2492 1195 13469.262 1687.425 
509 2400 1301 13445.761 1685.723 
433 2526 1242 13493.364 1683.956 
445 2491 1264 13481.752 1686.938 
440 2485 1229 13468.175 1688.239 
468 2457 1243 13452.002 1686.835 
496 2415 1310 13507.852 1693.222 
518 2350 1293 13401.472 1679.284 
515 2373 1249 13421.599 1678.778 
446 2457 1230 13466.363 1691.358 
488 2425 1265 13453.418 1682.772 
460 2442 1290 13457.398 1682.702 
463 2426 1290 13449.06 1684.135 
442 2500 1239 13463.716 1682.114 
411 2511 1234 13481.397 1683.957 
485 2448 1278 13445.895 1684.842 
425 2510 1195 13458.411 1686.638 
467 2448 1267 13472.115 1683.324 
458 2482 1241 13468.481 1687.096 
505 2389 1279 13461.401 1684.178 
490 2417 1290 13441.094 1677.738 
461 2455 1279 13442.334 1680.917 
424 2488 1235 13452.422 1688.992 
485 2420 1252 13467.635 1687.359 
420 2495 1250 13472.745 1687.203 
462 2445 1262 13456.649 1689.264 
486 2440 1255 13477.309 1684.961 
396 2541 1203 13486.663 1685.929 
444 2506 1211 13478.853 1693.539 
457 2452 1291 13460.958 1680.915 
454 2487 1257 13463.726 1685.459 
435 2475 1242 13467.687 1691.688 
447 2480 1246 13474.405 1685.334 
466 2417 1302 13441.286 1680.868 
455 2462 1284 13482.718 1688.712 
449 2476 1256 13485.047 1687.333 
463 2448 1245 13453.903 1688.108 
462 2417 1303 13452.003 1678.671 
471 2476 1264 13488.714 1685.913 
461 2470 1272 13477.764 1686.931 
513 2349 1255 13404.083 1676.886 
491 2442 1261 13467.544 1685.759 
479 2426 1285 13459.69 1687.211 
403 2531 1194 13472.495 1688.584 
439 2482 1244 13481.027 1689.504 
485 2432 1234 13471.55 1686.805 
489 2433 1271 13452.239 1684.152 
474 2443 1287 13488.998 1689.179 
469 2430 1289 13439.045 1681.505 
445 2503 1211 13456.231 1680.183 
507 2420 1234 13454.404 1684.974 
477 2437 1277 13476.789 1684.233 
448 2498 1239 13438.205 1687.95 
461 2438 1189 13473.27 1690.289 
