343 1874 927 13485.315 1682.413 
388 1765 977 13416.806 1681.494 
337 1873 949 13487.8 1688.28 
324 1871 951 13492.04 1691.039 
365 1836 961 13465.582 1685.528 
325 1887 942 13500.77 1688.683 
358 1842 953 13474.671 1688.125 
327 1881 960 13505.605 1690.452 
319 1892 948 13496.598 1695.733 
319 1877 968 13490.968 1687.312 
357 1855 944 13474.073 1689.895 
369 1838 946 13469.701 1687.1 
369 1802 970 13489.501 1691.044 
384 1810 972 13456.615 1685.056 
355 1861 944 13479.555 1691.775 
364 1825 962 13456.002 1680.236 
379 1776 973 13434.708 1683.371 
387 1794 963 13494.109 1689.776 
392 1760 955 13419.831 1678.623 
390 1800 961 13452.602 1677.975 
339 1876 956 13484.858 1691.97 
322 1893 899 13454.651 1681.042 
363 1813 973 13456.251 1686.274 
315 1883 958 13497.478 1693.46 
334 1889 939 13507.193 1690.593 
356 1836 970 13476.672 1685.045 
315 1902 940 13482.493 1688.245 
357 1839 934 13463.942 1691.591 
301 1890 968 13456.656 1681.305 
359 1853 938 13466.227 1684.855 
350 1830 981 13477.479 1688.051 
320 1875 933 13471.634 1692.022 
350 1838 976 13479.482 1688.254 
345 1860 940 13500.593 1691.924 
348 1860 967 13473.653 1688.973 
362 1866 923 13493.11 1688.648 
377 1797 973 13463.352 1682.953 
373 1789 989 13461.194 1687.869 
337 1874 943 13504.523 1692.791 
349 1876 929 13480.282 1688.075 
352 1870 965 13513.237 1691.776 
357 1843 964 13457.216 1687.657 
363 1837 950 13493.938 1685.14 
387 1813 980 13442.308 1681.136 
372 1822 970 13461.576 1686.14 
393 1750 962 13380.635 1679.079 
343 1883 946 13482.906 1686.804 
367 1836 951 13451.442 1682.962 
361 1841 940 13465.723 1687.704 
373 1834 960 13481.897 1690.343 
356 1872 966 13489.911 1690.555 
330 1892 907 13486.727 1685.43 
320 1898 937 13502.99 1690.695 
377 1819 970 13458.417 1693.725 
331 1871 943 13504.356 1693.321 
290 1903 931 13461.405 1685.632 
346 1882 911 13481.753 1682.174 
357 1853 935 13493.976 1689.599 
386 1835 955 13500.604 1692.207 
339 1874 963 13495.413 1686.573 
329 1875 949 13489.35 1686.777 
354 1860 921 13505.231 1693.175 
352 1847 986 13503.222 1687.983 
374 1824 979 13466.686 1685.455 
361 1838 965 13471.992 1690.495 
348 1837 982 13499.598 1689.416 
326 1863 944 13494.201 1694.369 
347 1846 952 13487.999 1695.653 
292 1929 913 13478.021 1685.881 
347 1849 969 13470.587 1687.265 
369 1841 905 13470.473 1678.947 
373 1799 963 13468.779 1686.082 
