584 3078 1529 13445.572 1683.325 
567 3089 1528 13468.717 1685.324 
633 2986 1576 13431.547 1678.155 
592 3036 1596 13455.157 1685.526 
563 3099 1557 13460.608 1688.335 
579 3063 1563 13446.226 1683.775 
587 3066 1545 13460.588 1684.275 
527 3146 1490 13466.076 1683.935 
614 3047 1597 13468.943 1683.342 
594 3030 1601 13457.682 1683.081 
603 3071 1551 13453.623 1689.162 
617 3031 1593 13451.202 1684.833 
576 3109 1578 13458.57 1683.705 
639 2979 1535 13443.637 1681.317 
629 3031 1567 13478.669 1689.023 
577 3031 1609 13413.339 1682.584 
605 3052 1511 13432.767 1679.18 
536 3107 1525 13451.55 1687.955 
618 2987 1587 13425.145 1678.288 
575 3073 1579 13467.665 1685.571 
576 3066 1596 13447.282 1684.691 
538 3060 1605 13438.865 1676.989 
642 2979 1584 13442.242 1683.446 
571 3095 1561 13458.522 1686.943 
593 3073 1533 13468.015 1688.422 
563 3134 1588 13486.273 1687.541 
596 3062 1589 13484.688 1687.327 
591 3012 1603 13419.836 1682.661 
579 3075 1555 13446.52 1683.11 
566 3057 1585 13461.308 1689.556 
534 3119 1522 13473.734 1687.793 
576 3076 1569 13466.941 1689.149 
571 3004 1608 13430.442 1683.851 
613 3042 1632 13481.029 1682.474 
577 3075 1582 13457.24 1681.9 
577 3070 1561 13452.899 1684.12 
577 3068 1559 13474.693 1685.748 
562 3090 1546 13469.74 1687.831 
579 3085 1533 13466.079 1684.249 
575 3083 1545 13450.198 1684.683 
565 3109 1546 13473.961 1687.226 
598 3030 1595 13471.742 1685.113 
518 3153 1507 13453.616 1684.09 
591 3063 1529 13473.165 1685.601 
555 3124 1586 13496.101 1684.127 
573 3063 1583 13455.665 1683.322 
547 3145 1522 13462.544 1681.653 
568 3072 1603 13468.603 1689.184 
600 3044 1593 13479.691 1688.095 
531 3086 1533 13445.73 1688.484 
