616 2964 1525 13402.125 1676.119 
608 3031 1555 13453.604 1680.698 
589 3074 1540 13463.501 1689.543 
587 3049 1541 13466.921 1688.153 
545 3099 1574 13455.108 1687.237 
608 3001 1567 13432.428 1686.339 
568 3130 1564 13473.266 1687.029 
560 3114 1554 13493.754 1689.821 
576 3051 1593 13461.551 1681.297 
566 3093 1560 13488.01 1689.041 
611 3004 1564 13430.371 1682.048 
542 3133 1504 13473.412 1686.827 
567 3095 1554 13473.977 1688.644 
609 3034 1498 13420.399 1681.451 
604 3013 1594 13434.402 1684.523 
566 3094 1593 13466.904 1682.51 
581 3075 1564 13463.129 1683.486 
619 2959 1545 13381.435 1671.679 
611 2999 1578 13457.381 1686.697 
618 2946 1560 13391.549 1678.613 
583 3079 1550 13475.557 1686.936 
602 3024 1569 13453.022 1686.206 
596 3060 1581 13468.31 1687.992 
611 2955 1590 13395.196 1677.167 
536 3164 1486 13469.607 1684.188 
573 3114 1563 13480.996 1687.789 
507 3138 1542 13440.664 1682.381 
598 3057 1626 13453.515 1681.844 
590 3035 1602 13454.138 1681.356 
610 3013 1564 13425.667 1677.806 
565 3095 1607 13459.085 1684.806 
571 3043 1607 13424.227 1685.018 
578 3062 1564 13456.637 1687.855 
612 2985 1511 13404.195 1677.888 
568 3111 1532 13466.447 1688.316 
577 3092 1577 13483.738 1687.099 
600 2975 1597 13418.46 1678.445 
616 2958 1498 13378.31 1676.452 
610 3036 1546 13436.212 1678.274 
612 2982 1535 13391.151 1676.131 
618 2981 1540 13395.642 1676.338 
547 3137 1599 13478.61 1685.921 
592 3075 1560 13455.302 1685.36 
575 3043 1604 13451.534 1684.265 
574 3016 1610 13432.205 1683.872 
560 3095 1570 13471.267 1687.862 
505 3146 1503 13445.059 1684.251 
582 3015 1592 13425.241 1684.844 
586 3070 1546 13459.446 1685.751 
543 3100 1587 13474.087 1689.555 
620 2979 1522 13390.931 1675.692 
606 3015 1585 13432.877 1686.495 
622 2952 1545 13394.93 1676.071 
585 3064 1594 13448.731 1682.198 
575 3038 1605 13443.316 1686.179 
570 3114 1537 13483.53 1681.964 
605 3069 1591 13465.209 1685.035 
556 3103 1565 13450.291 1682.118 
615 2980 1585 13432.58 1682.343 
610 3020 1555 13452.956 1679.864 
