127 619 344 13577.288 1693.604 
140 628 320 13533.383 1694.549 
135 598 341 13505.251 1706.455 
132 616 324 13508.837 1702.32 
143 614 336 13611.128 1709.634 
101 654 319 13572.824 1696.84 
132 633 301 13573.131 1712.6 
103 660 305 13592.431 1705.406 
136 614 345 13572.357 1703.88 
129 618 342 13573.613 1699.98 
141 619 320 13596.693 1706.654 
109 647 329 13587.857 1709.285 
106 643 314 13573.336 1714.108 
121 613 348 13503.026 1689.754 
121 641 322 13536.578 1699.059 
131 628 336 13557.446 1702.066 
121 639 319 13569.339 1702.251 
145 577 342 13492.471 1693.067 
100 655 327 13560.547 1698.167 
126 626 332 13566.297 1707.505 
118 613 351 13507.908 1695.506 
131 635 323 13535.759 1693.636 
128 631 329 13588.898 1705.55 
118 646 337 13598.711 1709.385 
109 649 327 13571.882 1701.455 
133 625 302 13552.621 1700.027 
131 628 336 13565.24 1700.436 
142 596 343 13511.172 1697.761 
125 624 337 13545.813 1707.416 
144 580 326 13418.41 1696.34 
117 638 328 13608.179 1715.373 
110 653 321 13609.13 1696.347 
133 618 315 13577.842 1707.876 
130 615 347 13557.546 1694.463 
123 629 308 13586.584 1707.691 
122 622 338 13582.923 1705.618 
132 620 333 13549.436 1697.928 
120 637 328 13603.678 1712.287 
125 601 346 13473.378 1695.36 
105 650 304 13541.667 1702.869 
113 647 323 13547.279 1697.654 
143 592 342 13509.464 1689.552 
96 650 331 13569.643 1700.266 
130 626 311 13581.258 1695.196 
114 637 349 13635.693 1710.031 
130 619 331 13589.908 1707.543 
110 638 340 13530.959 1689.918 
126 635 340 13624.732 1704.312 
131 626 342 13568.805 1706.058 
113 650 317 13550.028 1688.775 
118 636 348 13558.219 1703.651 
119 638 315 13578.358 1702.57 
119 643 307 13547.263 1702.843 
104 655 318 13558.733 1704.258 
119 647 320 13555.064 1696.51 
103 652 311 13563.191 1700.075 
93 663 316 13622.212 1708.654 
128 598 358 13517.049 1693.819 
147 590 332 13475.87 1684.805 
142 598 337 13501.796 1690.716 
