680 3649 1910 13417.906 1676.597 
683 3676 1896 13444.32 1678.61 
703 3684 1868 13467.278 1686.554 
650 3722 1805 13449.686 1684.142 
730 3588 1870 13420.791 1682.635 
711 3664 1846 13453.799 1681.644 
741 3568 1853 13392.693 1674.52 
738 3585 1904 13425.465 1680.614 
695 3662 1879 13457.044 1684.555 
688 3673 1875 13436.741 1683.874 
696 3644 1913 13442.566 1680.931 
657 3720 1844 13429.746 1680.595 
714 3640 1858 13438.399 1679.207 
685 3617 1943 13416.084 1675.967 
737 3596 1849 13429.182 1678.179 
656 3715 1847 13457.018 1683.098 
695 3661 1893 13458.712 1683.253 
680 3709 1829 13446.399 1679.093 
709 3622 1895 13458.154 1683.737 
691 3677 1871 13450.304 1684.426 
713 3655 1890 13451.045 1681.976 
664 3715 1846 13450.876 1684.495 
675 3713 1853 13455.855 1685.273 
716 3623 1861 13441.188 1678.783 
700 3640 1914 13436.019 1679.834 
699 3685 1854 13461.452 1682.553 
665 3667 1925 13454.57 1684.484 
634 3721 1834 13452.08 1686.21 
664 3719 1824 13446.038 1682.531 
616 3781 1813 13458.323 1685.65 
664 3695 1832 13449.088 1686.209 
683 3671 1909 13444.212 1680.351 
698 3621 1921 13429.829 1678.466 
668 3674 1923 13426.878 1680.723 
671 3708 1864 13468.04 1683.873 
750 3504 1859 13379.453 1673.983 
687 3685 1826 13430.524 1684.224 
712 3654 1902 13445.926 1683.201 
724 3615 1894 13417.802 1676.551 
694 3634 1858 13450.171 1687.321 
685 3677 1883 13465.377 1682.974 
634 3718 1867 13436.521 1685.432 
716 3641 1793 13424.393 1680.882 
618 3774 1802 13463.615 1686.358 
649 3725 1860 13451.039 1684.83 
650 3723 1866 13450.66 1681.509 
693 3691 1871 13447.925 1682.791 
714 3652 1805 13423.837 1683.108 
728 3632 1867 13421.366 1676.621 
679 3687 1888 13451.368 1681.234 
736 3562 1901 13423.636 1681.974 
656 3717 1800 13454.455 1682.055 
706 3668 1824 13448.024 1680.509 
669 3598 1923 13418.349 1675.784 
727 3613 1887 13428.851 1681.935 
644 3745 1885 13467.919 1684.296 
685 3700 1828 13457.938 1681.265 
672 3722 1841 13448.852 1680.238 
705 3623 1917 13446.443 1682.362 
702 3641 1908 13441.646 1678.633 
685 3670 1902 13454.349 1682.445 
653 3709 1875 13440.208 1677.853 
736 3604 1915 13427.776 1676.951 
650 3729 1801 13428.401 1684.14 
740 3530 1869 13382.893 1674.236 
626 3734 1770 13425.45 1684.723 
726 3627 1882 13432.048 1680.983 
716 3633 1862 13436.493 1680.262 
697 3679 1886 13460.051 1683.114 
706 3655 1879 13447.341 1682.955 
679 3655 1894 13454.901 1680.58 
722 3588 1919 13456.659 1683.849 
703 3673 1832 13469.731 1683.911 
706 3624 1906 13436.524 1680.33 
660 3722 1826 13452.028 1682.896 
733 3608 1874 13431.527 1681.196 
718 3618 1875 13437.468 1680.384 
684 3672 1875 13453.371 1684.257 
652 3724 1870 13447.199 1684.202 
652 3764 1827 13456.082 1683.796 
739 3542 1862 13395.408 1674.004 
725 3628 1796 13435.303 1679.404 
718 3630 1912 13435.959 1685.187 
721 3615 1859 13420.756 1681.748 
682 3665 1889 13458.835 1682.694 
634 3703 1845 13451.004 1686.701 
666 3714 1854 13435.588 1679.127 
736 3593 1864 13419.216 1683.255 
683 3687 1812 13454.225 1683.32 
675 3705 1917 13467.299 1685.931 
645 3729 1859 13441.576 1680.576 
623 3733 1849 13442.478 1685.776 
706 3642 1882 13435.463 1685.43 
686 3693 1890 13450.976 1684.584 
