251 1214 681 13476.407 1686.202 
243 1254 654 13535.457 1695.597 
218 1257 652 13522.785 1696.812 
211 1255 658 13499.198 1692.896 
254 1214 647 13477.522 1682.862 
228 1249 632 13533.671 1697.387 
246 1244 641 13503.101 1691.176 
228 1240 647 13509.272 1700.083 
252 1215 666 13494.343 1683.825 
230 1220 663 13492.759 1690.087 
218 1269 652 13527.461 1690.49 
247 1230 651 13480.027 1693.182 
203 1268 615 13473.742 1696.649 
225 1270 613 13538.481 1698.626 
236 1230 664 13483.552 1691.839 
251 1210 644 13481.711 1698.665 
212 1275 602 13518.97 1694.051 
226 1251 659 13480.072 1687.555 
218 1264 651 13511.475 1691.478 
252 1210 651 13444.159 1684.745 
226 1263 648 13544.154 1696.516 
246 1237 630 13531.993 1690.339 
238 1225 645 13516.695 1697.054 
235 1258 618 13502.63 1690.752 
230 1251 617 13477.455 1695.786 
240 1235 624 13546.883 1689.938 
248 1199 657 13494.951 1691.996 
252 1222 611 13508.834 1689.047 
247 1224 627 13496.357 1695.361 
240 1229 641 13518.368 1701.985 
245 1224 667 13495.764 1686.867 
257 1205 647 13501.378 1698.152 
263 1206 640 13501.757 1694.905 
236 1249 618 13505.129 1697.976 
249 1219 631 13490.683 1693.109 
248 1206 684 13489.07 1685.868 
213 1274 635 13489.467 1690.418 
276 1217 637 13529.77 1694.037 
248 1212 627 13505.649 1695.08 
260 1207 669 13505.425 1691.84 
258 1195 688 13487.248 1692.018 
232 1245 641 13500.28 1695.672 
248 1237 627 13497.131 1691.31 
244 1238 641 13512.696 1698.112 
227 1258 644 13489.496 1685.806 
209 1276 603 13534.271 1694.604 
246 1230 652 13468.201 1687.298 
213 1293 622 13555.005 1691.116 
232 1223 669 13463.632 1685.023 
250 1217 657 13490.231 1691.277 
256 1220 624 13484.354 1693.448 
223 1255 640 13501.529 1696.768 
208 1266 632 13504.19 1693.739 
223 1253 620 13487.721 1698.552 
210 1248 661 13453.159 1686.264 
245 1227 629 13506.803 1695.541 
272 1211 646 13499.923 1695.464 
247 1229 621 13494.223 1696.794 
255 1229 629 13483.876 1698.596 
257 1225 647 13464.96 1685.608 
217 1275 617 13472.902 1683.755 
249 1223 611 13492.279 1688.139 
249 1214 654 13494.884 1689.1 
220 1256 622 13512.656 1696.571 
247 1237 649 13477.07 1683.434 
249 1224 631 13474.027 1684.72 
221 1271 622 13535.443 1692.108 
246 1222 654 13495.01 1691.394 
219 1268 630 13495.337 1690.272 
207 1275 652 13516.568 1693.588 
199 1277 637 13461.87 1686.602 
239 1223 665 13471.315 1687.977 
246 1232 621 13502.122 1693.371 
253 1226 625 13490.826 1690.821 
203 1277 609 13511.43 1691.769 
242 1234 659 13490.726 1688.333 
238 1215 667 13480.373 1691.052 
223 1261 630 13550.279 1694.814 
209 1273 646 13488.335 1685.54 
186 1281 585 13478.714 1693.85 
239 1243 661 13517.985 1696.926 
219 1264 629 13506.298 1689.185 
228 1257 634 13482.611 1685.169 
224 1266 627 13478.451 1691.953 
248 1241 635 13503.378 1691.023 
247 1211 660 13489.751 1685.703 
246 1232 643 13507.309 1692.268 
225 1260 628 13502.114 1696.844 
232 1256 629 13503.051 1687.296 
211 1272 638 13504.042 1688.667 
212 1288 605 13492.787 1692.154 
229 1266 610 13512.695 1689.52 
275 1173 689 13490.072 1695.307 
214 1269 624 13519.891 1692.053 
248 1224 636 13511.966 1693.188 
