134 630 315 13569.522 1699.304 
130 629 341 13582.421 1706.401 
125 630 331 13546.793 1708.987 
128 607 340 13528.037 1706.529 
116 636 327 13613.643 1713.498 
111 641 318 13641.016 1717.061 
105 650 302 13568.626 1709.441 
122 620 350 13529.718 1692.593 
123 626 332 13606.959 1700.939 
131 611 336 13548.011 1707.075 
115 654 343 13617.581 1707.422 
140 613 325 13556.372 1708.239 
142 587 342 13457.398 1691.249 
132 623 342 13588.301 1701.99 
130 586 355 13495.826 1688.672 
125 626 345 13584.817 1701.207 
122 639 307 13581.044 1708.074 
121 633 318 13553.567 1705.543 
115 601 359 13487.424 1701.072 
116 630 328 13572.308 1710.432 
104 658 298 13531.579 1697.709 
134 619 345 13584.696 1704.935 
138 629 327 13623.623 1715.447 
140 610 346 13571.173 1700.879 
143 611 338 13578.496 1702.322 
122 640 305 13609.534 1703.964 
140 611 320 13579.095 1698.647 
151 585 337 13464.331 1685.864 
118 642 342 13561.507 1692.306 
117 645 327 13608.404 1712.168 
126 627 341 13559.608 1708.004 
121 636 344 13573.89 1704.225 
103 653 318 13551.608 1707.648 
113 640 337 13609.107 1709.848 
120 635 330 13598.15 1707.068 
122 636 322 13551.027 1702.758 
126 596 352 13472.317 1690.421 
129 618 332 13589.735 1703.339 
117 646 314 13576.328 1710.464 
139 596 349 13543.332 1698.189 
108 651 319 13604.676 1708.708 
126 610 347 13550.688 1697.009 
118 622 349 13532.011 1701.616 
137 604 344 13543.478 1701.482 
91 667 268 13500.547 1688.086 
128 625 342 13591.007 1705.695 
123 615 354 13558.292 1704.328 
127 614 350 13531.862 1693.344 
123 632 319 13569.37 1709.306 
133 632 320 13576.394 1698.874 
157 558 326 13409.271 1673.222 
121 634 305 13599.116 1704.101 
126 618 347 13506.297 1695.917 
118 635 330 13620.296 1709.217 
86 658 300 13477.273 1693.946 
116 650 309 13589.72 1697.046 
135 616 335 13575.138 1703.11 
115 623 346 13526.95 1703.329 
143 602 339 13596.8 1707.302 
145 589 318 13483.69 1691.807 
128 609 347 13495.201 1692.279 
122 628 347 13559.642 1695.719 
118 637 313 13531.561 1706.119 
65 659 281 13437.906 1692.768 
123 645 326 13637.909 1702.713 
