597 3031 1558 13436.791 1683.66 
621 2992 1563 13433.035 1680.596 
601 3022 1533 13429.92 1687.199 
597 3026 1575 13446.035 1683.785 
596 3081 1620 13479.911 1691.027 
597 3031 1584 13443.736 1680.31 
628 2970 1566 13391.444 1674.17 
615 3007 1588 13429.439 1681.535 
609 3045 1515 13453.732 1682.022 
611 3024 1528 13442.486 1680.582 
523 3139 1512 13472.274 1688.983 
583 3109 1609 13511.539 1691.192 
609 3035 1555 13447.707 1681.8 
520 3145 1560 13461.296 1683.672 
600 3027 1601 13446.911 1682.268 
633 2990 1564 13434.903 1684.323 
625 2983 1592 13452.384 1685.298 
508 3154 1504 13451.951 1684.165 
601 3033 1573 13440.958 1683.367 
529 3132 1511 13448.332 1682.372 
557 3130 1573 13510.059 1689.602 
617 3005 1557 13410.66 1678.403 
610 3020 1614 13452.72 1685.715 
588 3078 1553 13480.23 1691.248 
566 3120 1534 13488.879 1687.856 
605 3043 1554 13443.661 1682.819 
