361 1849 994 13479.621 1690.819 
333 1860 966 13480.645 1686.568 
384 1831 964 13480.408 1687.274 
371 1841 954 13483.373 1690.082 
333 1860 963 13485.63 1686.158 
355 1859 899 13469.839 1689.788 
376 1832 980 13493.742 1690.434 
345 1860 954 13483.03 1686.248 
330 1874 934 13483.303 1691.548 
344 1858 933 13511.359 1691.721 
298 1901 955 13508.887 1694.758 
366 1836 929 13484.016 1690.155 
339 1855 972 13478.049 1689.383 
357 1842 952 13474.024 1691.525 
335 1882 942 13482.97 1685.717 
365 1846 961 13485.466 1689.684 
341 1866 941 13495.316 1695.988 
339 1856 963 13478.067 1690.859 
356 1872 928 13513.332 1688.422 
340 1887 938 13486.237 1686.151 
373 1815 984 13474.956 1683.974 
359 1805 988 13463.671 1691.189 
338 1869 945 13449.196 1686.958 
319 1862 943 13462.789 1692.575 
322 1898 929 13492.978 1686.36 
356 1843 943 13490.282 1688.777 
339 1844 961 13491.056 1689.201 
339 1897 921 13507.407 1693.125 
343 1861 958 13482.506 1687.285 
340 1847 946 13476.224 1691.522 
322 1905 943 13483.431 1687.285 
333 1870 951 13465.515 1684.669 
362 1845 971 13470.725 1685.679 
363 1850 967 13472.552 1683.731 
316 1870 963 13461.527 1685.442 
354 1844 959 13491.798 1693.078 
358 1856 904 13453.153 1686.37 
353 1856 957 13512.725 1689.988 
365 1835 941 13494.083 1688.354 
341 1866 957 13466.266 1682.483 
357 1846 978 13488.357 1688.871 
363 1855 933 13475.14 1692.045 
307 1886 921 13485.793 1694.08 
338 1864 973 13478.297 1690.91 
347 1865 948 13490.961 1687.774 
406 1826 981 13508.01 1692.208 
333 1859 951 13483.564 1689.547 
337 1865 947 13491.715 1687.129 
341 1873 944 13517.289 1692.474 
341 1887 945 13502.623 1685.64 
367 1838 927 13491.203 1694.743 
369 1844 917 13479.877 1693.194 
368 1833 962 13484.994 1689.465 
328 1892 942 13495.158 1690.198 
371 1852 951 13481.471 1690.55 
358 1850 968 13464.8 1686.614 
358 1848 952 13485.152 1685.747 
342 1850 952 13455.727 1691.448 
339 1892 937 13462.496 1688.832 
308 1893 929 13471.966 1689.25 
343 1871 955 13474.286 1683.333 
355 1832 930 13479.813 1690.722 
356 1864 937 13495.877 1689.166 
335 1859 976 13478.704 1691.264 
339 1842 952 13487.53 1693.484 
328 1889 962 13513.425 1692.331 
317 1868 943 13484.619 1692.584 
345 1852 913 13504.018 1693.943 
368 1834 957 13473.23 1684.497 
345 1862 952 13481.742 1687.819 
332 1866 951 13461.581 1687.121 
308 1915 888 13469.16 1680.465 
