462 2440 1295 13459.996 1685.438 
464 2468 1259 13469.549 1687.753 
418 2507 1258 13436.332 1682.009 
481 2446 1311 13458.466 1689.237 
477 2426 1278 13458.31 1689.38 
468 2465 1257 13477.111 1687.797 
487 2436 1212 13447.77 1684.834 
467 2489 1253 13505.653 1693.775 
497 2424 1244 13445.622 1683.563 
449 2514 1247 13489.686 1688.652 
496 2412 1244 13452.064 1685.012 
431 2501 1220 13478.582 1691.102 
477 2439 1233 13466.152 1686.711 
476 2467 1292 13475.276 1686.75 
465 2461 1268 13474.003 1687.799 
447 2511 1253 13461.014 1685.434 
478 2441 1251 13459.488 1686.152 
482 2442 1272 13462.321 1679.178 
433 2502 1260 13461.693 1686.099 
492 2385 1300 13420.492 1681.014 
480 2463 1214 13468.467 1681.362 
482 2399 1236 13458.298 1689.763 
434 2492 1237 13452.315 1689.572 
417 2515 1220 13445.626 1683.762 
498 2402 1263 13438.336 1681.519 
461 2482 1264 13477.266 1686.325 
483 2438 1257 13474.316 1684.52 
507 2408 1254 13431.687 1681.233 
503 2415 1214 13452.067 1688.239 
507 2374 1256 13420.547 1674.984 
473 2431 1311 13487.645 1692.208 
498 2393 1269 13403.972 1678.488 
460 2472 1288 13471.934 1689.889 
435 2494 1242 13453.53 1689.275 
452 2494 1289 13500.867 1688.157 
425 2496 1258 13464.215 1685.727 
471 2472 1255 13482.134 1684.699 
496 2398 1258 13447.879 1687.832 
510 2394 1229 13420.66 1680.121 
496 2381 1287 13421.619 1679.292 
399 2523 1205 13456.384 1680.809 
466 2462 1265 13485.359 1692.641 
433 2497 1234 13486.807 1690.536 
496 2405 1271 13428.314 1680.706 
482 2461 1221 13453.53 1685.473 
498 2411 1262 13457.845 1685.64 
490 2435 1313 13480.051 1689.23 
440 2477 1262 13459.987 1688.307 
480 2437 1248 13468.777 1687.913 
476 2469 1229 13439.257 1683.119 
508 2373 1279 13436.459 1680.813 
471 2459 1237 13448.625 1687.56 
495 2445 1241 13462.619 1683.582 
431 2515 1153 13452.224 1686.87 
471 2436 1227 13473.398 1687.471 
494 2397 1270 13440.792 1684.749 
