794 4282 2168 13446.51 1685.329 
805 4279 2197 13438.409 1679.628 
817 4251 2199 13441.932 1680.891 
818 4233 2189 13420.443 1681.961 
801 4242 2166 13441.713 1685.759 
839 4210 2217 13439.402 1682.787 
821 4258 2169 13451.109 1682.317 
767 4333 2126 13448.326 1682.185 
800 4306 2222 13448.95 1678.771 
808 4296 2158 13453.422 1681.918 
819 4294 2165 13463.659 1686.481 
808 4231 2228 13431.155 1678.515 
723 4407 2121 13461.435 1682.755 
807 4291 2183 13455.904 1684.015 
829 4232 2202 13429.734 1680.902 
821 4236 2189 13421.643 1679.989 
754 4317 2183 13459.963 1685.326 
769 4335 2145 13427.605 1682.258 
842 4225 2190 13424.917 1682.138 
843 4209 2213 13412.489 1677.951 
838 4231 2123 13411.446 1680.919 
823 4219 2180 13430.187 1679.373 
802 4253 2173 13457.939 1681.987 
814 4246 2195 13442.977 1681.602 
811 4222 2244 13449.477 1683.305 
714 4359 2123 13444.96 1682.18 
821 4217 2234 13429.831 1678.484 
738 4367 2086 13426.686 1676.468 
754 4321 2205 13451.5 1681.304 
809 4296 2185 13443.246 1682.697 
833 4243 2203 13446.164 1678.959 
829 4211 2205 13425.662 1679.03 
865 4205 2250 13455.288 1682.173 
786 4331 2180 13456.212 1682.785 
746 4324 2211 13433.721 1683.748 
772 4319 2184 13434.034 1680.872 
803 4299 2145 13445.042 1682.271 
802 4287 2203 13443.069 1678.732 
818 4221 2205 13431.138 1678.848 
813 4262 2220 13437.646 1680.281 
804 4269 2190 13448.219 1684.206 
817 4222 2196 13423.245 1681.007 
784 4347 2190 13452.586 1680.323 
883 4164 2205 13410.204 1676.357 
788 4309 2174 13436.849 1679.393 
807 4235 2199 13435.943 1681.343 
816 4225 2222 13418.765 1679.335 
795 4278 2202 13428.009 1680.328 
828 4267 2171 13439.17 1681.451 
744 4356 2084 13426.486 1680.904 
848 4237 2162 13436.891 1680.481 
812 4318 2143 13455.652 1682.226 
825 4238 2182 13426.52 1680.47 
821 4238 2184 13439.811 1681.635 
806 4263 2212 13452.798 1683.829 
792 4239 2227 13436.392 1679.797 
769 4328 2170 13438.955 1683.438 
793 4315 2169 13446.176 1684.677 
856 4250 2130 13441.635 1679.636 
822 4221 2211 13413.518 1677.697 
784 4294 2235 13441.528 1681.38 
758 4321 2210 13442.543 1683.822 
836 4243 2133 13430.506 1677.057 
822 4256 2190 13432.688 1678.406 
772 4277 2178 13440.228 1685.599 
773 4334 2206 13453.276 1680.644 
817 4241 2183 13447.218 1681.255 
834 4253 2145 13447.68 1681.903 
791 4328 2169 13463.163 1686.897 
766 4354 2178 13461.358 1686.074 
835 4261 2151 13436.724 1681.913 
804 4292 2193 13449.84 1683.546 
794 4307 2210 13453.634 1685.201 
826 4255 2171 13435.433 1684.487 
