247 1227 640 13474.276 1694.166 
219 1246 670 13509.079 1689.22 
243 1207 639 13515.368 1694.122 
269 1186 667 13445.58 1685.172 
265 1206 658 13517.318 1695.822 
236 1235 676 13489.233 1691.307 
231 1244 655 13515.579 1689.435 
261 1213 650 13469.598 1695.204 
195 1283 609 13499.516 1691.008 
248 1200 683 13486.74 1694.73 
239 1234 674 13502.064 1682.974 
260 1228 631 13480.77 1690.97 
259 1217 645 13505.101 1689.559 
217 1238 668 13494.536 1689.693 
242 1258 649 13536.495 1699.677 
259 1212 659 13480.033 1682.382 
266 1195 666 13502.49 1690.92 
231 1243 645 13537.204 1689.267 
240 1233 668 13502.144 1689.891 
243 1229 686 13505.056 1691.861 
216 1261 662 13493.796 1684.901 
274 1199 641 13494.263 1690.966 
253 1227 665 13498.956 1691.593 
258 1238 623 13498.28 1690.947 
247 1263 619 13511.265 1700.07 
238 1226 654 13488.355 1695.543 
248 1239 648 13524.803 1693.972 
230 1280 661 13574.401 1702.844 
242 1232 665 13524.937 1695.427 
231 1253 660 13525.275 1685.961 
217 1237 674 13494.188 1684.468 
252 1218 636 13524.504 1695.536 
231 1259 619 13530.675 1691.832 
225 1245 666 13485.133 1689.658 
226 1258 665 13503.513 1690.752 
235 1275 634 13486.243 1685.433 
247 1213 665 13489.414 1692.194 
248 1247 621 13490.642 1689.906 
256 1237 664 13531.432 1694.015 
243 1239 627 13527.715 1693.383 
251 1213 657 13505.365 1696.723 
198 1302 597 13522.032 1691.705 
253 1214 682 13505.123 1689.123 
242 1247 665 13510.654 1689.691 
193 1288 636 13504.46 1692.1 
201 1284 616 13488.197 1684.767 
254 1237 625 13481.362 1696.858 
208 1283 601 13511.383 1692.351 
