270 1214 646 13498.331 1697.786 
255 1240 661 13550.283 1697.666 
203 1282 596 13463.089 1691.223 
231 1260 618 13488.746 1690.96 
246 1220 674 13509.28 1689.365 
192 1287 609 13510.645 1691.022 
220 1272 617 13511.406 1686.817 
261 1224 663 13540.938 1695.405 
215 1267 644 13490.612 1688.961 
230 1262 632 13504.538 1694.676 
276 1200 632 13478.82 1684.634 
242 1253 647 13535.307 1695.908 
202 1287 604 13525.904 1688.197 
225 1273 609 13511.946 1688.994 
271 1189 625 13461.507 1688.121 
272 1152 628 13412.888 1684.857 
262 1169 659 13435.42 1685.952 
224 1271 625 13511.751 1687.082 
225 1269 610 13477.603 1689.842 
233 1259 611 13478.252 1686.398 
248 1258 653 13554.927 1694.21 
215 1280 617 13536.761 1694.268 
231 1251 664 13542.252 1693.1 
223 1233 679 13494.209 1686.804 
250 1246 650 13537.892 1699.506 
229 1266 646 13547.741 1702.302 
227 1235 668 13506.089 1687.455 
222 1266 649 13492.81 1687.483 
200 1273 625 13517.976 1700.142 
215 1280 633 13524.608 1696.258 
262 1216 650 13509.768 1692.65 
260 1242 657 13564.232 1707.297 
235 1253 645 13545.783 1696.412 
206 1269 637 13472.411 1684.084 
230 1262 614 13503.915 1696.896 
244 1236 667 13526.127 1693.294 
207 1274 613 13536.215 1696.251 
212 1273 626 13518.473 1696.281 
218 1273 611 13475.169 1693.843 
261 1197 672 13423.566 1688.504 
190 1281 623 13445.724 1682.282 
256 1194 675 13445.961 1683.373 
221 1271 631 13532.913 1697.005 
