830 4258 2181 13446.031 1683.196 
814 4230 2234 13449.333 1682.877 
777 4340 2133 13461.601 1684.181 
800 4297 2172 13456.292 1686.378 
849 4194 2195 13429.885 1678.96 
703 4385 2142 13437.9 1680.306 
742 4365 2142 13455.328 1684.366 
838 4254 2221 13462.42 1682.683 
773 4306 2144 13440.045 1685.201 
798 4281 2178 13434.696 1684.017 
791 4253 2246 13434.647 1681.538 
839 4208 2173 13428.74 1678.646 
775 4286 2133 13435.727 1686.741 
844 4154 2201 13397.895 1675.756 
805 4262 2192 13449.53 1686.074 
856 4204 2159 13431.226 1681.326 
853 4180 2192 13425.053 1681.022 
803 4311 2091 13434.582 1679.776 
749 4345 2144 13448.771 1684.417 
842 4181 2202 13418.013 1679.893 
736 4314 2165 13445.137 1689.06 
751 4362 2126 13444.399 1683.847 
785 4280 2193 13433.878 1683.881 
809 4278 2202 13457.491 1684.126 
827 4272 2121 13442.465 1680.484 
839 4171 2210 13418.894 1678.338 
804 4278 2171 13450.247 1684.819 
780 4334 2119 13454.545 1684.848 
784 4307 2179 13453.481 1684.286 
795 4347 2199 13459.455 1683.845 
808 4292 2125 13453.38 1685.719 
813 4276 2202 13446.303 1680.218 
804 4306 2145 13429.778 1680.353 
772 4334 2162 13472.033 1687.34 
855 4165 2166 13414.596 1678.385 
821 4266 2182 13427.166 1681.276 
750 4344 2181 13462.74 1683.696 
818 4276 2165 13455.556 1682.4 
773 4321 2155 13450.679 1685.066 
818 4267 2174 13433.231 1680.251 
794 4278 2209 13450.213 1683.532 
859 4144 2186 13404.646 1674.527 
805 4291 2193 13445.618 1682.513 
841 4222 2187 13420.946 1679.566 
807 4286 2164 13429.683 1680.881 
838 4206 2191 13437.353 1684.523 
836 4212 2190 13434.253 1685.159 
814 4280 2189 13443.777 1681.501 
799 4303 2158 13449.387 1680.352 
815 4275 2214 13458.408 1685.931 
800 4308 2143 13433.074 1681.019 
743 4333 2165 13438.611 1684.396 
804 4304 2154 13440.595 1683.422 
772 4344 2114 13460.779 1685.112 
823 4262 2226 13459.579 1685.715 
802 4285 2172 13440.814 1684.317 
782 4296 2180 13454.174 1686.253 
835 4215 2208 13438.8 1683.488 
789 4306 2171 13456.213 1684.037 
841 4237 2130 13441.324 1682.314 
784 4303 2223 13468.947 1682.737 
828 4210 2252 13439.285 1683.305 
789 4319 2129 13451.542 1683.951 
790 4283 2221 13449.805 1682.14 
739 4360 2202 13457.02 1685.96 
