763 4292 2220 13446.06 1682.077 
813 4262 2236 13430.705 1678.106 
729 4365 2073 13433.592 1681.152 
816 4244 2205 13446.896 1683.923 
794 4273 2211 13443.062 1684.727 
829 4252 2150 13424.611 1678.776 
816 4306 2179 13457.205 1682.671 
792 4327 2181 13460.258 1686.905 
856 4128 2159 13381.117 1674.382 
854 4176 2162 13419.103 1679.484 
841 4202 2194 13417.84 1679.513 
837 4235 2187 13423.443 1679.69 
776 4306 2192 13423.279 1676.138 
811 4260 2206 13423.15 1679.08 
781 4345 2138 13484.782 1686.566 
830 4272 2124 13423.193 1682.627 
863 4126 2145 13389.539 1676.034 
828 4241 2151 13440.285 1679.918 
794 4276 2186 13449.739 1682.808 
838 4187 2195 13422.482 1681.107 
827 4234 2182 13431.069 1679.111 
810 4287 2129 13456.332 1685.95 
807 4283 2225 13457.489 1680.925 
807 4338 2101 13448.787 1682.411 
790 4303 2147 13460.896 1685.324 
763 4351 2141 13443.839 1682.131 
795 4309 2115 13437.737 1681.944 
794 4296 2165 13449.681 1684.586 
770 4349 2158 13457.484 1682.044 
752 4329 2176 13436.843 1681.67 
818 4244 2180 13427.112 1680.302 
832 4228 2217 13443.635 1684.312 
853 4199 2168 13405.554 1676.466 
767 4288 2209 13444.264 1685.489 
760 4352 2160 13455.138 1685.207 
820 4265 2182 13421.902 1681.66 
785 4279 2195 13447.797 1684.626 
795 4321 2133 13433.877 1684.249 
813 4233 2206 13433.357 1679.079 
847 4154 2173 13418.173 1678.273 
809 4254 2204 13437.595 1680.931 
816 4281 2180 13469.629 1686.152 
779 4339 2172 13459.79 1685.062 
718 4379 2042 13423.302 1678.395 
775 4313 2182 13439.16 1682.751 
764 4299 2227 13431.302 1677.75 
837 4235 2177 13424.849 1682.147 
796 4270 2192 13440.901 1682.95 
778 4305 2183 13435.452 1677.625 
819 4229 2192 13433.17 1680.457 
808 4284 2166 13453.266 1684.328 
837 4222 2166 13440.642 1683.135 
773 4344 2171 13468.722 1685.085 
793 4292 2210 13445.321 1684.356 
812 4251 2236 13455.475 1682.393 
839 4217 2186 13436.408 1678.212 
704 4413 2139 13447.064 1682.183 
831 4259 2151 13435.188 1677.506 
728 4364 2062 13433.176 1681.384 
825 4248 2173 13450.083 1681.743 
756 4314 2187 13443.697 1683.019 
839 4205 2143 13428.2 1682.41 
737 4363 2115 13445.82 1682.462 
812 4262 2185 13441.979 1682.834 
849 4204 2164 13409.969 1679.745 
750 4363 2132 13439.466 1682.143 
778 4347 2089 13450.198 1684.743 
830 4246 2137 13422.822 1677.774 
792 4306 2135 13468.766 1686.364 
832 4234 2160 13432.195 1681.42 
826 4283 2155 13454.977 1684.013 
794 4317 2148 13451.595 1677.349 
799 4278 2187 13431.764 1682.885 
840 4235 2127 13407.495 1678.275 
787 4332 2168 13464.456 1685.589 
818 4263 2177 13440.446 1682.582 
777 4305 2211 13429.238 1679.857 
820 4262 2160 13434.512 1683.018 
815 4251 2183 13420.998 1679.68 
836 4282 2130 13462.882 1680.842 
839 4221 2163 13429.246 1678.735 
797 4310 2147 13438.511 1680.894 
845 4224 2192 13428.517 1680.331 
814 4306 2180 13459.916 1680.825 
769 4315 2185 13445.639 1683.555 
810 4307 2128 13445.303 1682.427 
842 4200 2198 13440.915 1680.545 
808 4206 2237 13424.572 1678.664 
807 4273 2185 13456.951 1683.428 
801 4300 2222 13452.01 1681.875 
823 4282 2182 13444.677 1679.542 
825 4230 2187 13440.053 1679.897 
756 4274 2213 13426.323 1682.914 
