902 4905 2511 13449.608 1682.82 
941 4855 2517 13432.668 1677.001 
938 4858 2473 13450.457 1685.712 
879 4898 2446 13448.114 1686.066 
978 4754 2476 13404.044 1681.96 
909 4902 2496 13435.088 1682.233 
938 4850 2433 13440.206 1685.933 
863 4943 2457 13439.504 1683.809 
885 4937 2420 13446.348 1680.937 
855 4969 2481 13455.962 1683.866 
935 4902 2466 13451.892 1682.12 
882 4939 2436 13448.617 1684.771 
949 4852 2465 13436.277 1678.373 
918 4857 2499 13434.173 1680.471 
889 4928 2443 13455.924 1681.458 
905 4907 2498 13451.725 1681.291 
983 4747 2445 13390.92 1677.525 
856 4995 2438 13448.677 1683.298 
885 4910 2493 13435.148 1682.233 
951 4873 2460 13446.849 1682.265 
953 4794 2466 13429.916 1680.225 
830 4978 2444 13434.506 1679.905 
965 4839 2530 13419.93 1679.334 
891 4890 2519 13428.92 1678.204 
977 4789 2445 13401.602 1674.816 
831 4989 2478 13425.082 1680.644 
972 4759 2473 13389.499 1673.274 
927 4884 2447 13441.711 1684.531 
920 4856 2561 13433.972 1679.258 
945 4817 2489 13405.381 1679.949 
936 4869 2475 13438.809 1681.967 
877 4925 2458 13445.857 1683.087 
917 4822 2548 13406.037 1679.38 
885 4943 2405 13416.921 1680.286 
903 4916 2443 13443.709 1682.82 
909 4898 2428 13420.677 1684.169 
924 4914 2491 13460.39 1684.029 
916 4880 2526 13451.336 1683.369 
894 4924 2459 13436.687 1684.532 
910 4884 2505 13438.295 1680.243 
901 4928 2440 13446.504 1680.19 
939 4837 2497 13427.96 1680.699 
888 4904 2498 13453.541 1682.396 
886 4924 2439 13454.563 1682.761 
881 4969 2416 13449.732 1685.275 
883 4970 2433 13470.039 1682.676 
886 4930 2455 13446.414 1681.802 
872 4939 2495 13445.39 1686.538 
883 4947 2522 13455.353 1681.931 
971 4788 2456 13408.067 1676.279 
787 4996 2412 13431.854 1679.127 
893 4930 2433 13466.554 1686.05 
888 4931 2449 13434.565 1677.834 
882 4927 2451 13454.27 1683.457 
899 4929 2470 13433.549 1681.369 
952 4821 2486 13426.778 1678.665 
907 4896 2510 13456.312 1686.862 
946 4840 2501 13434.301 1679.465 
925 4856 2497 13417.512 1675.889 
908 4919 2476 13429.183 1681.408 
974 4757 2503 13395.262 1675.33 
901 4924 2406 13445.906 1682.444 
852 4993 2410 13450.394 1681.645 
897 4930 2444 13427.573 1679.181 
957 4833 2463 13440.477 1678.622 
935 4838 2490 13435.526 1682.375 
919 4858 2497 13414.005 1677.682 
910 4884 2494 13452.925 1681.15 
881 4936 2454 13449.785 1683.071 
925 4855 2492 13418.197 1678.16 
831 4971 2478 13440.046 1679.839 
884 4912 2468 13446.143 1684.593 
882 4906 2469 13435.672 1684.595 
930 4875 2469 13435.407 1681.857 
982 4757 2476 13402.594 1679.558 
863 4970 2443 13442.779 1683.199 
891 4920 2456 13445.68 1685.154 
917 4829 2531 13418.907 1679.651 
922 4853 2503 13433.806 1680.034 
901 4833 2534 13433.147 1680.886 
939 4831 2516 13440.775 1680.497 
952 4843 2428 13443.25 1683.645 
884 4920 2500 13455.809 1682.363 
