569 3092 1510 13445.925 1683.318 
525 3148 1517 13448.202 1680.723 
515 3127 1538 13451.441 1686.535 
575 3080 1552 13464.092 1683.827 
597 3063 1539 13459.111 1685.043 
596 3039 1556 13457.351 1683.162 
597 3021 1581 13454.167 1682.025 
537 3154 1508 13460.186 1685.436 
613 3021 1545 13421.347 1679.591 
570 3086 1578 13434.695 1682.274 
569 3099 1537 13470.345 1682.943 
521 3118 1536 13474.504 1685.872 
574 3067 1533 13467.655 1690.547 
471 3164 1481 13442.079 1683.498 
642 2948 1549 13398.599 1674.327 
497 3129 1533 13458.261 1681.613 
552 3081 1551 13466.96 1687.808 
615 2990 1583 13433.157 1679.402 
587 3043 1575 13445.631 1683.735 
567 3077 1511 13444.106 1687.753 
534 3116 1544 13442.018 1684.437 
577 3069 1555 13467.522 1687.76 
533 3124 1544 13481.084 1683.587 
599 3037 1561 13433.792 1681.763 
593 3041 1576 13454.246 1682.555 
630 2962 1554 13410.327 1676.493 
564 3093 1538 13441.703 1684.324 
601 3020 1552 13435.163 1683.196 
626 2965 1576 13435.141 1682.495 
590 3062 1545 13442.933 1679.805 
580 3058 1627 13475.762 1685.705 
611 2941 1586 13389.624 1675.183 
564 3077 1572 13445.373 1684.786 
595 3022 1552 13430.196 1685.212 
610 3007 1574 13439.096 1682.772 
556 3113 1529 13447.932 1683.688 
562 3098 1551 13485.573 1687.784 
589 3042 1574 13456.946 1684.825 
575 3090 1527 13472.382 1686.601 
597 3050 1565 13436.303 1679.565 
578 3015 1515 13425.533 1688.222 
609 3013 1594 13454.986 1681.914 
576 3079 1546 13462.199 1683.719 
571 3085 1535 13484.55 1685.488 
592 3044 1551 13439.321 1677.22 
547 3111 1570 13459.975 1687.972 
590 3012 1566 13427.173 1685.695 
559 3074 1564 13436.485 1686.013 
523 3125 1528 13450.288 1684.736 
545 3077 1591 13458.063 1681.634 
632 2945 1517 13394.164 1677.297 
601 3052 1549 13437.744 1679.922 
559 3092 1559 13459.535 1688.511 
604 3026 1559 13443.754 1682.567 
574 3091 1566 13453.249 1683.305 
540 3115 1510 13467.948 1689.416 
585 3072 1611 13466.388 1686.305 
577 3077 1550 13455.465 1680.446 
584 3032 1558 13471.138 1687.578 
592 3022 1581 13426.805 1682.003 
595 3036 1590 13433.796 1680.743 
554 3114 1587 13484.402 1686.857 
595 3016 1565 13434.14 1684.298 
591 3029 1586 13452.24 1682.875 
517 3127 1524 13430.998 1682.44 
589 3028 1509 13433.227 1685.26 
591 3032 1586 13436.153 1681.709 
566 3076 1545 13449.214 1684.977 
577 3082 1525 13431.529 1681.742 
587 3078 1545 13441.778 1681.826 
608 3033 1582 13428.373 1680.229 
622 3006 1548 13438.023 1678.799 
619 2986 1525 13419.423 1680.772 
590 3010 1601 13417.659 1681.0 
616 2975 1564 13418.088 1680.076 
561 3111 1577 13463.355 1685.773 
626 2977 1556 13417.38 1681.064 
544 3120 1530 13460.279 1683.003 
580 3061 1573 13453.615 1687.12 
539 3136 1519 13472.009 1689.54 
610 3004 1599 13456.826 1684.495 
556 3084 1575 13463.981 1684.676 
602 3043 1560 13440.307 1680.594 
555 3083 1554 13469.317 1684.645 
611 2988 1544 13404.459 1680.316 
592 3015 1540 13431.395 1685.274 
576 3068 1571 13457.561 1689.3 
600 3014 1575 13451.082 1685.239 
569 3091 1553 13457.126 1683.837 
557 3076 1618 13469.081 1687.437 
554 3117 1530 13446.045 1685.989 
582 3030 1571 13461.151 1687.414 
586 3064 1627 13466.46 1686.089 
588 3025 1577 13449.878 1684.316 
591 3048 1549 13429.27 1680.39 
