493 2443 1307 13485.009 1690.664 
458 2452 1287 13462.476 1686.673 
447 2484 1277 13466.229 1686.06 
513 2375 1238 13428.062 1681.576 
495 2409 1255 13460.838 1689.057 
447 2492 1240 13477.372 1687.272 
426 2501 1247 13464.975 1687.411 
465 2469 1252 13470.865 1688.903 
431 2520 1233 13495.55 1688.099 
457 2486 1224 13460.555 1684.201 
485 2475 1272 13497.869 1688.602 
422 2504 1230 13484.693 1690.498 
492 2433 1310 13485.779 1686.528 
415 2568 1247 13495.104 1687.012 
444 2485 1224 13466.559 1691.165 
457 2452 1310 13472.528 1686.082 
504 2326 1254 13371.127 1672.587 
455 2487 1247 13496.249 1681.948 
457 2457 1277 13473.678 1685.078 
435 2497 1244 13474.881 1686.324 
454 2491 1233 13476.833 1690.811 
503 2388 1304 13456.491 1685.092 
491 2444 1278 13451.844 1680.551 
455 2471 1281 13469.586 1684.27 
434 2471 1242 13472.902 1691.663 
445 2506 1209 13481.944 1687.821 
456 2483 1276 13491.856 1688.232 
404 2541 1193 13455.333 1687.347 
448 2499 1225 13506.834 1689.501 
432 2492 1205 13466.647 1689.796 
510 2364 1249 13419.587 1678.786 
459 2473 1285 13469.355 1682.063 
426 2494 1249 13443.443 1682.662 
475 2457 1259 13468.173 1688.723 
407 2491 1242 13457.764 1689.673 
457 2461 1283 13472.527 1688.08 
500 2436 1298 13490.249 1688.611 
425 2466 1259 13460.957 1690.079 
457 2455 1273 13479.432 1682.476 
461 2479 1239 13464.933 1681.246 
466 2445 1283 13457.66 1687.267 
412 2495 1234 13461.838 1688.105 
463 2445 1286 13463.053 1687.428 
467 2455 1243 13457.031 1692.629 
468 2454 1273 13457.851 1680.395 
447 2498 1237 13473.547 1687.629 
443 2473 1286 13453.607 1684.541 
460 2483 1254 13475.135 1685.684 
436 2475 1292 13458.465 1684.49 
439 2488 1283 13466.273 1685.059 
437 2512 1231 13475.747 1687.182 
469 2487 1254 13463.086 1683.703 
457 2485 1239 13475.925 1686.095 
444 2493 1259 13495.001 1689.02 
489 2447 1266 13463.592 1687.456 
