921 4902 2454 13437.813 1677.609 
902 4897 2508 13449.539 1681.031 
937 4804 2563 13418.749 1676.735 
920 4885 2488 13435.396 1680.49 
941 4804 2557 13419.276 1680.047 
959 4831 2428 13420.242 1678.061 
925 4898 2458 13436.693 1682.759 
957 4823 2526 13437.872 1679.74 
901 4945 2451 13458.314 1685.145 
909 4897 2478 13463.542 1683.817 
886 4967 2501 13491.691 1690.962 
909 4914 2480 13438.183 1682.572 
911 4905 2457 13450.221 1682.819 
903 4946 2452 13425.828 1680.213 
917 4890 2475 13457.36 1684.154 
894 4898 2513 13445.361 1683.935 
959 4811 2423 13420.431 1678.78 
950 4846 2519 13426.039 1675.721 
927 4875 2469 13441.327 1682.938 
938 4859 2481 13422.688 1680.245 
902 4959 2507 13467.663 1683.477 
944 4849 2519 13408.293 1675.59 
899 4888 2518 13451.485 1682.086 
912 4867 2503 13425.817 1680.685 
945 4855 2488 13429.128 1679.008 
932 4866 2468 13432.12 1683.277 
877 4910 2511 13453.187 1685.466 
962 4824 2525 13417.995 1678.715 
964 4786 2499 13420.194 1677.982 
851 4990 2468 13467.457 1685.31 
954 4818 2544 13424.339 1678.191 
965 4804 2484 13429.762 1681.735 
911 4878 2543 13440.925 1678.643 
953 4843 2548 13461.027 1682.184 
957 4848 2500 13444.285 1680.051 
892 4954 2475 13472.542 1688.292 
967 4742 2484 13387.759 1672.599 
947 4732 2550 13396.742 1674.739 
974 4782 2433 13418.48 1678.12 
902 4891 2528 13430.861 1679.86 
853 4969 2425 13424.999 1679.966 
955 4826 2532 13423.713 1676.631 
907 4901 2510 13448.998 1679.758 
902 4896 2516 13435.13 1681.054 
919 4881 2435 13440.949 1680.485 
933 4875 2466 13426.622 1680.38 
943 4858 2476 13419.128 1679.315 
881 4958 2527 13453.353 1683.129 
1004 4778 2462 13423.45 1676.921 
950 4886 2449 13443.669 1680.081 
969 4785 2466 13406.327 1676.601 
946 4834 2425 13432.108 1682.779 
903 4890 2486 13436.104 1683.491 
898 4866 2508 13443.467 1685.188 
901 4931 2470 13464.845 1685.339 
803 5028 2378 13441.751 1681.281 
909 4931 2470 13434.924 1681.818 
930 4865 2553 13460.631 1685.067 
902 4880 2549 13415.245 1678.748 
915 4867 2479 13431.705 1682.29 
913 4930 2437 13435.764 1680.533 
917 4894 2476 13419.115 1679.962 
900 4827 2554 13424.025 1679.343 
903 4921 2459 13447.367 1682.059 
928 4869 2503 13448.623 1680.519 
917 4902 2463 13422.419 1678.698 
853 4978 2383 13441.699 1679.707 
940 4882 2463 13439.518 1683.007 
