111 645 318 13572.093 1706.265 
122 642 341 13593.719 1704.707 
137 618 332 13558.367 1702.85 
117 632 342 13547.811 1699.727 
144 605 345 13594.902 1706.609 
147 613 345 13555.259 1694.494 
113 648 330 13577.34 1703.651 
103 646 337 13545.538 1697.041 
87 677 315 13605.344 1699.681 
95 654 330 13603.725 1703.825 
125 640 326 13607.232 1695.667 
102 640 328 13586.532 1707.67 
112 634 345 13581.595 1708.191 
95 658 313 13540.007 1700.845 
118 638 331 13574.823 1705.799 
105 649 332 13528.842 1698.128 
122 634 318 13609.6 1700.769 
124 629 345 13608.76 1715.508 
108 654 311 13575.138 1701.516 
115 645 327 13567.194 1701.465 
122 637 325 13584.27 1705.919 
112 638 322 13602.486 1698.949 
104 656 304 13550.436 1695.646 
108 638 333 13551.684 1705.452 
125 632 339 13586.472 1709.641 
111 648 308 13594.685 1711.997 
121 635 335 13573.292 1710.394 
102 651 320 13529.963 1698.231 
124 638 314 13570.775 1703.744 
103 646 320 13542.569 1706.557 
117 638 331 13554.457 1707.074 
142 612 322 13543.046 1703.419 
116 643 324 13581.625 1701.242 
134 626 339 13605.785 1709.103 
113 647 330 13589.482 1693.894 
136 623 354 13642.618 1714.494 
116 641 313 13610.893 1706.586 
146 605 358 13561.005 1696.682 
109 643 320 13585.93 1702.08 
130 633 328 13645.37 1708.7 
117 643 324 13538.302 1699.647 
103 652 322 13523.176 1700.088 
109 635 310 13564.792 1716.708 
103 652 316 13563.26 1708.023 
113 644 320 13575.293 1704.312 
107 639 338 13594.784 1704.021 
102 650 324 13522.956 1689.342 
141 616 333 13583.232 1698.169 
118 639 324 13595.634 1714.612 
142 618 320 13535.277 1703.503 
97 661 300 13559.582 1704.367 
111 653 311 13570.109 1702.967 
120 637 335 13571.004 1710.826 
113 646 325 13559.808 1704.946 
109 649 324 13504.884 1695.861 
108 649 322 13526.916 1691.331 
