684 3709 1807 13456.88 1686.638 
674 3682 1854 13455.38 1687.757 
685 3693 1878 13443.893 1681.496 
679 3677 1854 13464.086 1686.211 
674 3754 1838 13473.119 1685.421 
651 3715 1876 13475.438 1685.364 
613 3765 1800 13459.36 1686.275 
707 3662 1884 13447.668 1681.899 
725 3662 1850 13460.522 1686.028 
664 3739 1841 13482.194 1687.631 
723 3607 1871 13408.285 1676.725 
675 3688 1838 13465.582 1685.904 
633 3739 1805 13463.378 1688.348 
646 3707 1853 13456.414 1685.99 
721 3656 1938 13469.823 1684.526 
645 3745 1883 13460.683 1683.824 
674 3700 1932 13464.265 1685.07 
669 3702 1830 13461.333 1686.45 
732 3593 1800 13402.27 1676.812 
726 3579 1881 13399.95 1677.386 
692 3677 1900 13451.188 1682.158 
657 3721 1855 13460.169 1681.985 
677 3686 1897 13467.036 1684.287 
724 3590 1875 13415.343 1677.319 
627 3748 1818 13459.711 1685.455 
688 3672 1840 13437.32 1687.326 
648 3697 1854 13445.697 1686.025 
668 3720 1907 13472.123 1685.781 
572 3772 1731 13420.86 1677.546 
667 3720 1837 13475.23 1687.435 
688 3705 1825 13429.647 1677.916 
744 3564 1920 13436.522 1682.726 
634 3720 1818 13453.737 1689.522 
725 3605 1899 13415.445 1676.13 
682 3706 1889 13461.142 1683.279 
708 3648 1882 13460.254 1686.257 
700 3606 1908 13425.159 1685.034 
697 3605 1943 13463.694 1683.091 
731 3593 1863 13420.073 1679.299 
689 3672 1855 13463.88 1685.102 
708 3669 1831 13441.195 1682.306 
730 3578 1887 13425.432 1683.147 
680 3712 1857 13476.296 1684.751 
704 3684 1894 13462.753 1686.777 
686 3665 1905 13434.031 1681.961 
682 3685 1862 13462.113 1683.757 
680 3697 1894 13463.782 1684.892 
687 3698 1845 13456.558 1686.193 
695 3696 1840 13447.311 1679.23 
732 3591 1866 13436.913 1679.192 
706 3675 1924 13451.322 1681.058 
664 3755 1826 13474.411 1683.487 
689 3632 1827 13435.281 1686.901 
727 3648 1858 13453.855 1685.214 
