506 2406 1284 13456.089 1684.807 
515 2360 1260 13428.598 1677.788 
400 2522 1233 13448.224 1681.416 
399 2543 1221 13454.93 1683.388 
474 2451 1314 13488.875 1687.744 
405 2523 1204 13459.587 1687.742 
469 2475 1255 13492.363 1690.287 
427 2528 1217 13476.754 1686.54 
493 2416 1270 13464.036 1691.71 
476 2434 1301 13485.96 1690.014 
413 2501 1215 13471.918 1691.421 
457 2513 1237 13489.529 1690.508 
439 2473 1267 13476.646 1692.184 
450 2482 1253 13476.27 1693.289 
472 2473 1274 13508.139 1690.681 
424 2520 1257 13505.422 1689.61 
390 2540 1189 13469.432 1684.273 
430 2492 1255 13454.635 1686.03 
499 2428 1241 13451.686 1685.205 
490 2407 1297 13481.632 1685.88 
427 2494 1241 13442.55 1685.958 
425 2487 1239 13467.356 1690.24 
441 2492 1252 13481.48 1685.245 
434 2516 1255 13489.784 1685.88 
498 2456 1295 13497.43 1689.83 
445 2501 1242 13471.971 1682.751 
441 2483 1222 13463.817 1691.38 
477 2458 1281 13489.855 1690.735 
481 2457 1288 13479.149 1683.247 
472 2489 1305 13501.91 1689.75 
498 2438 1300 13478.277 1689.998 
480 2479 1269 13504.001 1687.234 
