800 4298 2169 13453.847 1685.372 
783 4320 2152 13452.805 1681.596 
843 4266 2178 13451.248 1681.482 
845 4232 2162 13438.401 1680.58 
811 4291 2203 13451.907 1681.332 
840 4275 2238 13471.099 1686.333 
869 4126 2174 13399.466 1679.103 
844 4206 2200 13430.96 1681.969 
770 4328 2145 13467.523 1685.322 
745 4353 2173 13449.792 1682.811 
800 4279 2176 13436.091 1681.404 
857 4186 2184 13439.702 1676.555 
849 4214 2195 13446.054 1679.668 
817 4280 2194 13446.601 1679.543 
789 4302 2151 13426.832 1682.976 
796 4278 2176 13447.71 1681.876 
803 4310 2158 13428.767 1680.831 
803 4265 2142 13450.066 1688.513 
776 4319 2178 13464.961 1686.122 
776 4350 2234 13464.264 1684.057 
761 4387 2157 13456.924 1683.19 
816 4339 2148 13463.844 1688.098 
804 4286 2173 13460.885 1685.645 
823 4283 2128 13448.411 1682.273 
827 4289 2179 13458.261 1680.868 
765 4351 2124 13448.371 1681.464 
810 4281 2155 13428.096 1682.431 
782 4328 2125 13467.758 1685.122 
784 4287 2168 13453.255 1686.377 
801 4289 2171 13470.568 1684.454 
773 4343 2115 13451.332 1684.536 
853 4180 2163 13413.845 1677.882 
765 4358 2177 13446.183 1682.255 
784 4305 2157 13445.775 1685.512 
736 4345 2105 13437.84 1685.343 
845 4127 2219 13382.557 1673.136 
866 4174 2182 13417.732 1677.775 
794 4314 2202 13453.992 1682.267 
777 4335 2177 13460.105 1686.795 
