463 2459 1308 13461.749 1685.333 
492 2346 1279 13399.606 1676.197 
482 2393 1268 13434.67 1685.51 
498 2378 1274 13425.144 1680.831 
490 2422 1239 13446.187 1685.565 
493 2438 1224 13468.1 1681.709 
446 2487 1183 13478.333 1686.046 
458 2484 1269 13479.892 1687.203 
492 2421 1264 13450.337 1683.766 
463 2480 1247 13490.747 1688.65 
461 2468 1249 13475.159 1685.298 
432 2477 1249 13453.06 1688.121 
472 2467 1242 13481.191 1691.468 
521 2353 1250 13404.885 1678.057 
440 2487 1276 13480.071 1683.905 
482 2425 1279 13415.92 1675.519 
494 2420 1241 13446.104 1681.496 
388 2536 1187 13447.833 1680.251 
489 2446 1244 13450.579 1684.573 
453 2486 1262 13479.07 1686.788 
430 2493 1262 13470.275 1689.154 
504 2390 1260 13445.451 1681.309 
417 2472 1275 13450.578 1684.278 
469 2424 1325 13458.3 1685.388 
473 2486 1239 13491.326 1686.449 
484 2412 1273 13447.02 1680.42 
484 2388 1293 13425.322 1680.947 
455 2463 1296 13447.566 1685.411 
460 2453 1283 13462.38 1683.145 
470 2462 1257 13479.31 1685.373 
459 2470 1284 13485.765 1686.696 
464 2453 1264 13472.848 1686.5 
492 2360 1289 13385.176 1677.634 
480 2388 1302 13430.025 1681.65 
511 2383 1261 13431.012 1681.949 
489 2364 1287 13392.094 1681.131 
447 2502 1224 13474.693 1684.784 
445 2500 1247 13474.717 1687.647 
488 2423 1286 13446.102 1683.517 
495 2399 1231 13440.978 1685.048 
459 2497 1202 13473.136 1685.282 
474 2411 1299 13440.984 1679.936 
421 2478 1277 13426.09 1679.774 
449 2489 1264 13459.29 1684.951 
480 2453 1246 13471.628 1683.784 
468 2455 1247 13480.612 1687.527 
447 2490 1228 13451.424 1683.853 
408 2548 1205 13443.776 1681.712 
477 2457 1268 13443.163 1685.101 
457 2459 1279 13476.089 1690.684 
503 2430 1238 13441.112 1682.418 
468 2437 1293 13440.288 1685.901 
438 2520 1240 13504.003 1690.149 
461 2442 1286 13458.722 1687.02 
507 2344 1281 13402.307 1682.4 
473 2445 1291 13453.505 1682.042 
485 2429 1266 13460.164 1682.885 
464 2478 1251 13471.472 1686.995 
449 2489 1231 13469.756 1688.673 
488 2460 1260 13460.978 1685.634 
498 2362 1216 13423.288 1686.491 
425 2524 1258 13473.314 1686.31 
402 2521 1192 13443.377 1686.531 
440 2513 1190 13456.49 1682.35 
495 2357 1241 13441.05 1684.892 
516 2325 1255 13415.65 1683.047 
478 2392 1288 13438.154 1681.936 
445 2488 1252 13465.073 1681.394 
457 2455 1249 13463.195 1690.935 
491 2386 1267 13447.284 1685.504 
499 2362 1274 13419.618 1679.75 
466 2471 1280 13479.29 1682.209 
470 2464 1270 13454.414 1682.792 
466 2449 1285 13450.383 1682.842 
433 2521 1202 13440.308 1681.0 
443 2483 1237 13478.073 1689.643 
468 2426 1299 13456.431 1681.474 
443 2487 1270 13467.872 1681.526 
460 2445 1300 13462.149 1683.62 
495 2384 1263 13420.023 1676.148 
474 2411 1301 13410.177 1677.798 
477 2450 1234 13468.987 1684.118 
497 2402 1242 13439.249 1684.77 
483 2391 1289 13436.451 1678.934 
441 2492 1264 13468.823 1681.45 
499 2376 1276 13415.247 1681.828 
489 2399 1273 13434.892 1679.035 
462 2464 1255 13479.541 1690.037 
474 2446 1269 13451.497 1681.202 
438 2493 1241 13456.847 1688.093 
495 2393 1261 13420.404 1677.841 
451 2472 1264 13481.112 1686.277 
481 2445 1285 13490.917 1689.79 
433 2504 1239 13500.084 1695.179 
476 2453 1259 13481.95 1687.878 
