804 4315 2171 13466.714 1683.113 
731 4315 2167 13443.398 1684.345 
789 4298 2198 13447.452 1682.616 
808 4293 2126 13436.336 1677.566 
832 4256 2151 13429.745 1681.591 
775 4310 2173 13441.885 1681.931 
764 4338 2180 13452.392 1682.487 
820 4282 2220 13448.012 1682.152 
815 4238 2218 13428.203 1682.692 
797 4319 2139 13456.091 1681.946 
797 4265 2193 13439.493 1683.073 
819 4254 2161 13448.682 1683.829 
696 4374 2107 13424.065 1680.098 
849 4181 2166 13402.458 1679.898 
826 4259 2187 13440.295 1681.428 
812 4263 2231 13427.106 1681.827 
791 4286 2189 13453.873 1682.972 
784 4295 2209 13446.769 1685.001 
805 4272 2192 13456.535 1683.563 
791 4316 2166 13451.482 1685.808 
792 4298 2183 13451.764 1683.335 
855 4142 2188 13408.13 1677.552 
787 4304 2172 13450.291 1682.231 
884 4139 2163 13400.178 1674.667 
803 4243 2225 13439.393 1682.51 
763 4348 2152 13432.125 1680.342 
833 4247 2215 13447.62 1683.592 
790 4275 2198 13431.507 1683.488 
744 4340 2150 13458.791 1683.019 
786 4272 2167 13435.517 1684.034 
689 4391 2090 13427.816 1682.391 
779 4246 2180 13450.865 1684.254 
765 4320 2154 13441.523 1683.041 
781 4342 2100 13448.225 1683.614 
795 4231 2218 13435.872 1685.073 
783 4329 2162 13441.597 1680.976 
822 4290 2135 13419.418 1679.754 
756 4345 2178 13466.0 1681.662 
771 4288 2215 13449.389 1680.251 
851 4167 2186 13416.527 1680.273 
848 4193 2199 13417.908 1680.334 
780 4311 2166 13452.86 1685.186 
841 4227 2138 13444.919 1681.414 
777 4318 2156 13444.853 1682.276 
776 4315 2187 13443.131 1680.821 
810 4277 2102 13451.606 1682.581 
837 4195 2214 13408.631 1679.901 
810 4258 2178 13446.67 1682.466 
835 4192 2227 13418.754 1675.294 
806 4291 2248 13447.03 1679.578 
747 4352 2083 13425.956 1681.776 
844 4203 2208 13426.136 1680.27 
804 4260 2193 13449.325 1685.446 
801 4305 2143 13434.396 1684.19 
845 4136 2203 13399.166 1674.0 
806 4264 2211 13440.358 1685.589 
813 4275 2157 13443.295 1682.909 
791 4331 2143 13451.294 1681.988 
762 4338 2188 13457.22 1684.231 
833 4256 2212 13450.093 1680.587 
748 4343 2115 13441.375 1681.806 
785 4326 2142 13464.069 1684.643 
838 4235 2161 13432.821 1679.112 
834 4201 2172 13431.536 1677.69 
832 4207 2216 13408.649 1677.319 
730 4310 2203 13430.909 1678.278 
826 4236 2162 13434.644 1685.608 
768 4333 2132 13450.834 1679.762 
843 4234 2171 13430.16 1680.539 
789 4275 2202 13446.39 1683.312 
765 4337 2181 13453.55 1682.866 
730 4375 2106 13447.799 1683.727 
776 4319 2166 13431.245 1680.783 
805 4298 2168 13441.956 1682.073 
742 4361 2118 13458.627 1683.74 
805 4321 2122 13460.813 1682.814 
726 4342 2094 13432.866 1684.123 
861 4171 2132 13405.554 1677.004 
835 4212 2173 13417.502 1679.716 
837 4214 2187 13423.072 1678.194 
781 4278 2164 13452.379 1684.09 
811 4279 2149 13452.346 1682.0 
809 4292 2212 13457.07 1682.886 
830 4215 2136 13417.46 1684.114 
736 4369 2096 13448.118 1680.777 
713 4347 2164 13416.008 1677.824 
729 4366 2137 13441.935 1680.785 
783 4302 2212 13448.17 1680.177 
759 4344 2095 13434.53 1680.897 
777 4313 2168 13451.36 1683.605 
811 4267 2175 13451.018 1683.547 
851 4226 2154 13446.65 1683.286 
820 4235 2198 13455.185 1682.642 
767 4341 2113 13443.014 1682.879 
759 4319 2143 13446.279 1685.475 
778 4329 2131 13436.372 1683.543 
758 4339 2163 13444.167 1684.163 
803 4215 2233 13419.763 1679.894 
840 4239 2173 13428.651 1679.106 
