704 3636 1839 13460.566 1681.15 
651 3747 1831 13445.182 1684.592 
716 3630 1904 13425.318 1681.022 
719 3615 1875 13423.664 1681.266 
625 3746 1841 13451.007 1681.943 
704 3673 1866 13441.901 1681.771 
674 3711 1884 13477.212 1686.511 
695 3637 1923 13443.894 1680.706 
658 3728 1824 13441.764 1682.518 
679 3614 1936 13419.578 1679.1 
712 3648 1804 13442.714 1683.113 
732 3620 1852 13447.299 1682.641 
712 3589 1935 13426.159 1680.067 
730 3596 1901 13437.071 1680.088 
719 3646 1853 13440.915 1680.996 
714 3645 1855 13459.946 1684.723 
705 3632 1896 13436.302 1682.496 
714 3617 1883 13433.565 1678.851 
737 3611 1853 13434.541 1681.305 
720 3623 1854 13441.002 1680.364 
678 3716 1833 13470.613 1683.568 
699 3659 1900 13435.959 1684.647 
703 3636 1905 13435.438 1678.522 
630 3731 1813 13448.147 1684.122 
654 3754 1841 13461.202 1680.495 
696 3637 1908 13446.351 1680.965 
618 3756 1806 13424.07 1677.314 
703 3697 1902 13468.234 1683.529 
666 3720 1874 13468.738 1688.616 
718 3645 1872 13456.848 1685.194 
698 3655 1871 13438.502 1683.646 
662 3710 1891 13446.568 1682.784 
706 3649 1846 13423.371 1682.126 
668 3726 1838 13444.402 1682.738 
700 3693 1860 13465.361 1685.899 
696 3694 1895 13476.745 1685.107 
629 3735 1892 13445.224 1678.413 
686 3700 1921 13484.563 1687.927 
726 3613 1857 13408.826 1677.702 
657 3712 1875 13447.993 1682.553 
671 3736 1829 13450.808 1677.876 
729 3577 1883 13425.792 1684.393 
616 3768 1765 13452.849 1681.982 
705 3647 1829 13430.174 1682.8 
738 3604 1898 13434.288 1678.226 
734 3612 1894 13440.329 1681.728 
679 3724 1860 13457.393 1683.864 
637 3734 1827 13447.343 1681.66 
676 3709 1881 13499.743 1690.19 
707 3627 1899 13446.078 1682.132 
708 3638 1875 13426.169 1681.838 
694 3723 1856 13457.596 1686.599 
708 3655 1845 13436.35 1681.838 
667 3738 1807 13468.411 1684.776 
642 3742 1842 13453.462 1681.215 
705 3675 1903 13446.394 1680.44 
743 3572 1875 13426.002 1679.857 
696 3635 1869 13437.886 1685.976 
710 3672 1878 13446.297 1681.799 
707 3615 1891 13423.092 1682.212 
