836 4204 2205 13415.655 1679.352 
812 4274 2181 13448.583 1683.87 
838 4277 2200 13457.291 1681.486 
775 4254 2228 13442.193 1683.626 
797 4243 2206 13427.95 1675.73 
860 4203 2168 13419.55 1678.018 
807 4267 2188 13447.284 1684.609 
820 4279 2183 13459.772 1682.784 
739 4359 2112 13434.566 1678.315 
804 4250 2200 13431.911 1682.727 
789 4301 2205 13447.641 1681.333 
820 4186 2229 13403.063 1675.93 
823 4189 2178 13429.718 1683.633 
810 4326 2154 13485.502 1688.548 
824 4223 2192 13442.972 1682.757 
833 4182 2185 13411.982 1682.35 
747 4312 2187 13430.258 1681.247 
816 4264 2138 13451.211 1684.715 
745 4376 2064 13423.606 1680.265 
795 4343 2122 13461.023 1683.528 
777 4270 2227 13447.043 1681.659 
836 4250 2176 13458.938 1684.059 
766 4332 2192 13432.68 1679.235 
844 4201 2164 13417.668 1678.257 
847 4195 2170 13422.881 1678.821 
847 4174 2220 13414.267 1681.596 
787 4329 2186 13468.706 1685.641 
849 4130 2211 13398.295 1678.092 
768 4355 2105 13450.333 1683.867 
798 4287 2191 13449.808 1685.556 
818 4284 2147 13432.058 1679.281 
825 4238 2178 13433.528 1683.303 
769 4341 2117 13460.101 1684.761 
809 4240 2231 13435.417 1677.69 
818 4241 2178 13426.702 1682.825 
743 4338 2135 13455.143 1684.067 
737 4377 2141 13463.57 1684.462 
817 4256 2119 13441.021 1683.428 
748 4336 2141 13450.566 1685.437 
816 4290 2164 13440.29 1679.895 
764 4342 2175 13452.585 1684.248 
790 4299 2176 13434.586 1680.331 
858 4193 2188 13425.219 1681.552 
789 4255 2206 13408.772 1677.592 
803 4282 2204 13452.829 1684.444 
841 4197 2217 13416.477 1677.186 
845 4253 2161 13444.835 1678.399 
799 4310 2172 13452.416 1683.195 
833 4198 2205 13420.896 1675.163 
768 4307 2209 13463.321 1684.092 
801 4284 2157 13450.31 1683.525 
832 4208 2209 13422.929 1680.339 
863 4175 2131 13389.951 1677.318 
721 4347 2126 13435.705 1686.224 
826 4221 2208 13417.908 1679.165 
853 4207 2168 13432.236 1677.685 
791 4306 2175 13444.105 1679.132 
796 4291 2198 13452.183 1686.555 
845 4199 2167 13414.935 1679.336 
749 4343 2156 13432.065 1677.392 
797 4301 2176 13440.124 1679.039 
824 4228 2214 13432.789 1683.048 
