476 2459 1239 13457.528 1687.391 
425 2516 1236 13433.213 1681.068 
465 2471 1282 13456.695 1682.565 
448 2467 1279 13459.773 1683.294 
506 2436 1257 13458.706 1683.928 
470 2475 1211 13468.196 1686.657 
479 2463 1264 13471.299 1680.436 
470 2434 1270 13475.998 1689.754 
410 2518 1278 13482.401 1686.845 
444 2477 1275 13482.492 1688.52 
462 2451 1281 13472.001 1687.867 
496 2388 1279 13424.202 1680.548 
414 2526 1241 13483.836 1683.408 
454 2457 1273 13484.103 1689.046 
453 2482 1269 13493.398 1686.461 
498 2424 1241 13477.57 1687.041 
499 2395 1272 13458.673 1682.68 
454 2456 1305 13470.293 1688.032 
483 2403 1268 13442.971 1686.431 
470 2386 1305 13418.167 1678.385 
445 2469 1281 13474.695 1688.294 
469 2438 1211 13460.872 1688.433 
496 2423 1249 13450.021 1684.079 
445 2502 1189 13444.662 1681.636 
481 2411 1265 13445.867 1686.272 
482 2449 1232 13461.326 1688.229 
459 2465 1269 13470.777 1691.216 
474 2447 1285 13441.893 1684.167 
467 2467 1270 13487.754 1689.634 
400 2519 1257 13464.231 1686.914 
455 2498 1233 13487.687 1688.452 
428 2501 1224 13473.03 1684.227 
432 2487 1281 13470.815 1684.638 
436 2467 1216 13465.489 1692.584 
515 2383 1289 13443.239 1688.252 
430 2524 1207 13463.844 1686.5 
437 2501 1219 13476.238 1682.463 
447 2470 1270 13463.901 1680.643 
482 2454 1261 13479.122 1687.843 
472 2457 1221 13450.28 1688.79 
412 2532 1206 13467.585 1687.874 
420 2509 1270 13495.759 1690.139 
469 2481 1194 13468.761 1683.1 
467 2483 1234 13499.143 1684.675 
466 2485 1238 13491.641 1686.553 
460 2461 1296 13478.178 1685.961 
464 2466 1251 13491.128 1690.535 
493 2446 1303 13499.004 1686.066 
477 2460 1261 13485.135 1686.318 
471 2464 1253 13470.279 1686.72 
442 2512 1211 13480.026 1687.377 
464 2494 1268 13498.815 1689.964 
501 2418 1270 13440.389 1682.168 
443 2464 1250 13462.342 1692.582 
459 2497 1242 13482.684 1690.909 
477 2450 1271 13456.241 1688.494 
466 2446 1292 13477.927 1687.548 
497 2384 1263 13444.999 1685.97 
468 2457 1277 13475.757 1688.601 
415 2527 1173 13468.918 1686.207 
