244 1209 638 13489.3 1695.692 
209 1272 628 13523.813 1694.788 
210 1270 632 13520.238 1694.759 
244 1231 645 13506.34 1689.229 
240 1234 641 13514.68 1697.466 
251 1187 678 13436.365 1680.035 
234 1252 633 13530.256 1695.313 
252 1207 657 13473.622 1694.906 
226 1229 661 13496.745 1694.86 
225 1266 649 13511.676 1694.94 
201 1279 588 13497.735 1690.31 
238 1227 652 13498.981 1693.266 
247 1232 649 13487.831 1690.488 
210 1271 593 13490.163 1693.032 
250 1208 660 13474.028 1683.912 
239 1235 651 13491.291 1692.24 
207 1281 603 13480.682 1688.398 
252 1197 660 13507.309 1692.91 
235 1252 659 13516.455 1693.518 
240 1243 635 13515.011 1691.828 
226 1236 651 13490.355 1693.798 
215 1278 621 13499.196 1687.837 
230 1257 628 13509.247 1694.685 
252 1214 646 13490.962 1688.084 
238 1268 642 13556.048 1693.891 
215 1253 631 13503.527 1695.876 
242 1228 628 13511.794 1696.734 
219 1247 654 13509.483 1695.601 
223 1252 650 13539.891 1693.266 
248 1210 656 13501.838 1687.499 
179 1283 614 13438.312 1684.331 
228 1250 632 13525.478 1698.644 
245 1236 662 13512.811 1688.337 
247 1223 676 13474.656 1684.513 
232 1254 618 13530.357 1697.791 
257 1214 642 13471.516 1688.347 
239 1252 649 13524.401 1697.647 
257 1205 649 13440.828 1684.838 
269 1167 676 13461.154 1684.429 
242 1232 632 13509.734 1696.691 
247 1231 635 13521.032 1695.013 
225 1255 595 13497.881 1697.014 
239 1248 670 13518.488 1691.257 
248 1206 651 13488.577 1691.354 
229 1277 651 13535.491 1692.302 
240 1212 676 13482.219 1691.06 
252 1224 638 13481.941 1692.114 
259 1204 665 13486.481 1691.677 
251 1227 656 13499.839 1689.861 
242 1216 635 13468.349 1695.069 
222 1247 653 13514.465 1699.009 
248 1225 634 13505.606 1689.776 
255 1229 618 13488.406 1688.216 
212 1257 629 13514.142 1694.034 
253 1223 637 13495.133 1686.994 
197 1280 599 13479.784 1689.323 
224 1264 667 13536.327 1693.803 
248 1228 647 13501.091 1690.577 
261 1226 626 13454.921 1687.316 
281 1166 660 13448.805 1681.35 
251 1248 632 13533.15 1693.378 
218 1265 618 13521.064 1696.381 
189 1279 612 13476.978 1685.089 
269 1201 654 13502.094 1695.641 
206 1274 621 13500.957 1692.659 
243 1226 657 13504.051 1692.891 
255 1226 652 13485.623 1689.559 
244 1229 666 13504.881 1691.992 
260 1221 628 13522.747 1699.352 
252 1230 645 13476.881 1685.14 
232 1243 632 13498.599 1699.823 
206 1268 611 13514.71 1695.138 
