826 4214 2212 13425.667 1680.159 
813 4306 2193 13467.419 1682.789 
824 4260 2141 13438.764 1680.796 
803 4282 2220 13447.089 1681.497 
821 4224 2216 13423.124 1679.334 
776 4351 2156 13465.513 1682.662 
754 4327 2142 13451.163 1684.997 
849 4179 2233 13423.03 1678.04 
825 4231 2187 13422.972 1681.846 
825 4256 2187 13428.466 1680.354 
749 4334 2181 13447.852 1682.771 
831 4249 2177 13439.976 1683.184 
805 4214 2224 13413.479 1677.002 
846 4198 2226 13408.76 1676.074 
845 4190 2171 13406.671 1679.268 
677 4395 2042 13419.546 1680.754 
843 4204 2179 13422.335 1676.818 
839 4206 2208 13422.637 1680.429 
786 4326 2146 13453.058 1684.827 
806 4243 2217 13415.574 1674.791 
803 4249 2229 13444.912 1680.836 
762 4346 2137 13461.122 1685.876 
843 4203 2155 13424.953 1681.982 
840 4187 2198 13414.904 1677.25 
865 4166 2157 13431.194 1680.946 
747 4345 2179 13449.345 1680.641 
832 4250 2193 13440.421 1680.067 
779 4300 2237 13475.315 1685.883 
748 4337 2186 13438.966 1680.864 
710 4379 2114 13440.171 1678.869 
740 4361 2130 13435.101 1680.07 
746 4351 2147 13455.779 1686.038 
696 4398 2033 13422.032 1677.658 
839 4177 2210 13423.304 1678.004 
846 4225 2169 13431.255 1680.623 
758 4307 2216 13449.394 1684.496 
828 4237 2205 13431.076 1679.114 
763 4329 2140 13448.707 1686.388 
847 4182 2160 13403.711 1674.62 
859 4184 2150 13407.163 1678.635 
841 4200 2165 13439.449 1681.854 
804 4216 2218 13419.903 1680.211 
790 4238 2207 13430.768 1681.794 
764 4360 2147 13465.167 1682.975 
763 4325 2154 13439.694 1683.575 
823 4271 2171 13456.205 1683.976 
799 4309 2139 13443.238 1679.981 
821 4303 2183 13471.699 1685.195 
752 4355 2150 13446.009 1684.177 
867 4162 2152 13407.6 1678.147 
813 4301 2199 13466.896 1685.424 
789 4324 2115 13424.935 1680.827 
794 4309 2139 13442.225 1681.243 
842 4173 2178 13403.534 1678.366 
812 4274 2209 13446.985 1680.326 
768 4336 2159 13459.046 1679.34 
778 4352 2136 13476.154 1682.992 
822 4209 2227 13418.936 1682.693 
800 4292 2211 13437.365 1680.112 
831 4194 2210 13418.25 1676.837 
847 4176 2119 13406.167 1679.264 
838 4249 2161 13445.728 1681.161 
835 4234 2178 13428.541 1680.635 
791 4291 2174 13485.24 1690.212 
780 4323 2160 13464.761 1685.883 
758 4324 2172 13462.099 1685.296 
817 4202 2213 13433.133 1680.62 
852 4214 2111 13434.434 1682.312 
831 4114 2212 13395.151 1680.028 
839 4215 2171 13434.272 1677.377 
853 4175 2178 13408.938 1675.626 
791 4320 2202 13463.723 1687.031 
787 4271 2206 13436.225 1684.07 
791 4322 2112 13450.382 1683.631 
838 4191 2166 13434.354 1679.918 
823 4242 2190 13433.575 1682.764 
732 4377 2134 13440.475 1683.567 
835 4240 2150 13459.964 1681.993 
