721 3630 1870 13448.188 1684.083 
637 3725 1827 13434.444 1685.063 
689 3684 1853 13462.494 1682.772 
669 3706 1849 13469.891 1687.244 
692 3719 1824 13464.416 1682.367 
697 3692 1874 13448.021 1686.263 
668 3710 1850 13454.909 1685.369 
654 3720 1865 13449.197 1683.177 
666 3717 1828 13436.326 1684.617 
665 3707 1879 13450.235 1683.254 
739 3622 1846 13431.25 1678.892 
690 3690 1884 13461.667 1684.907 
680 3709 1851 13454.89 1685.933 
712 3588 1911 13423.615 1676.957 
652 3731 1822 13439.357 1680.547 
665 3695 1881 13465.684 1682.985 
618 3742 1833 13452.014 1682.517 
730 3603 1849 13424.122 1683.319 
634 3726 1861 13454.929 1683.352 
689 3694 1816 13457.113 1684.972 
679 3716 1907 13448.291 1684.128 
644 3711 1832 13443.008 1684.901 
675 3686 1888 13476.355 1687.499 
714 3576 1931 13420.638 1682.365 
728 3603 1909 13436.054 1677.659 
647 3713 1939 13452.705 1683.267 
640 3714 1844 13462.957 1684.741 
631 3725 1868 13445.376 1684.912 
671 3681 1893 13458.339 1684.548 
606 3752 1758 13432.424 1682.009 
719 3667 1881 13460.506 1682.167 
747 3595 1908 13441.888 1687.095 
629 3730 1859 13454.575 1684.442 
680 3722 1860 13462.094 1683.813 
711 3677 1916 13476.883 1687.52 
652 3690 1909 13429.197 1679.816 
703 3619 1945 13432.054 1680.744 
674 3700 1853 13461.027 1683.955 
725 3663 1867 13468.82 1685.857 
730 3625 1866 13430.513 1679.687 
715 3610 1897 13419.539 1682.087 
684 3693 1878 13459.842 1683.327 
680 3697 1860 13458.036 1686.956 
598 3774 1772 13454.909 1686.054 
665 3696 1863 13455.746 1680.56 
717 3627 1895 13422.603 1686.405 
645 3742 1821 13424.476 1683.528 
685 3703 1847 13462.121 1688.349 
628 3706 1857 13429.464 1685.063 
654 3707 1863 13450.997 1680.087 
695 3705 1839 13447.391 1681.691 
732 3616 1876 13441.003 1678.029 
675 3692 1859 13464.426 1683.64 
639 3724 1816 13444.191 1684.455 
649 3740 1856 13458.549 1683.426 
631 3749 1831 13458.424 1688.653 
639 3748 1824 13460.561 1683.546 
718 3605 1901 13422.584 1677.848 
717 3587 1912 13421.142 1679.89 
