91 657 312 13539.468 1705.784 
140 595 356 13491.151 1693.243 
137 608 338 13563.399 1700.843 
135 610 339 13524.523 1692.485 
112 645 346 13584.077 1703.395 
102 649 310 13560.145 1707.94 
120 621 347 13499.354 1690.927 
107 649 299 13558.679 1708.641 
138 600 339 13542.364 1697.921 
119 644 335 13609.473 1700.893 
125 624 341 13518.332 1698.051 
119 625 343 13577.565 1708.981 
89 658 311 13528.104 1701.266 
115 635 351 13585.277 1702.475 
115 636 341 13638.139 1710.241 
112 648 310 13547.696 1699.195 
101 657 287 13451.235 1685.913 
135 612 329 13581.924 1708.503 
101 654 328 13564.491 1701.592 
100 658 310 13529.82 1702.534 
143 608 339 13529.78 1695.005 
136 611 330 13506.233 1695.587 
133 602 348 13574.346 1699.411 
129 617 348 13570.426 1693.362 
144 620 329 13603.415 1702.165 
128 610 343 13584.293 1705.791 
146 602 337 13552.159 1702.614 
105 653 317 13609.307 1705.283 
149 609 325 13568.278 1705.849 
97 659 308 13581.057 1702.059 
145 579 338 13445.284 1679.488 
114 647 328 13598.179 1706.882 
139 621 312 13547.848 1701.682 
118 623 345 13573.528 1704.843 
137 606 328 13559.196 1702.224 
134 642 340 13653.712 1720.995 
114 645 333 13622.792 1700.211 
135 586 365 13498.991 1694.066 
138 603 338 13486.498 1697.645 
142 599 337 13568.899 1703.358 
128 620 341 13559.014 1697.715 
119 644 307 13584.82 1701.384 
117 647 337 13591.875 1700.055 
129 620 356 13553.328 1702.887 
119 638 343 13588.557 1701.912 
137 609 344 13538.604 1700.072 
118 632 345 13582.02 1702.644 
92 662 304 13569.905 1711.63 
105 644 328 13599.744 1703.873 
110 648 312 13549.958 1696.559 
111 651 307 13545.084 1697.701 
132 620 345 13584.229 1697.226 
106 655 318 13575.357 1703.145 
122 625 344 13582.743 1697.511 
126 635 346 13584.954 1696.773 
110 650 308 13529.642 1697.062 
133 596 349 13465.787 1692.027 
147 567 334 13447.273 1692.227 
