865 4931 2458 13442.464 1681.951 
953 4838 2559 13447.718 1680.505 
909 4863 2503 13426.329 1680.567 
906 4847 2534 13439.179 1681.833 
957 4833 2516 13446.438 1682.136 
903 4922 2463 13447.161 1685.189 
923 4883 2503 13416.48 1679.218 
899 4893 2499 13447.534 1682.711 
930 4854 2480 13411.055 1681.933 
860 4941 2481 13454.467 1682.057 
908 4868 2494 13438.359 1680.524 
899 4942 2434 13455.905 1682.254 
894 4904 2484 13441.671 1683.115 
806 4980 2419 13425.631 1679.864 
861 4953 2471 13435.321 1683.423 
959 4857 2534 13439.717 1679.779 
893 4900 2483 13444.005 1681.442 
918 4873 2526 13442.321 1679.052 
884 4953 2415 13435.945 1681.155 
961 4842 2460 13425.692 1677.825 
885 4947 2440 13452.341 1681.254 
947 4840 2457 13433.486 1680.596 
878 4875 2527 13411.567 1678.802 
897 4921 2450 13452.041 1682.243 
899 4929 2520 13443.513 1682.882 
886 4909 2473 13444.428 1682.752 
866 4975 2459 13447.145 1680.991 
975 4804 2495 13420.354 1679.411 
821 4990 2360 13420.604 1679.066 
894 4893 2511 13448.467 1683.29 
874 4913 2481 13445.506 1681.315 
983 4696 2465 13386.767 1673.744 
933 4940 2447 13476.814 1686.209 
905 4854 2516 13412.85 1680.819 
946 4858 2443 13427.152 1680.772 
921 4891 2497 13448.285 1679.579 
925 4866 2505 13435.79 1680.174 
884 4947 2449 13453.806 1681.36 
844 4944 2408 13454.239 1682.017 
908 4871 2536 13419.857 1677.695 
939 4906 2464 13440.836 1680.662 
916 4912 2510 13442.488 1679.347 
828 4979 2430 13438.317 1678.106 
968 4825 2515 13438.898 1682.966 
881 4932 2476 13438.959 1684.801 
930 4902 2476 13450.664 1683.124 
846 4943 2472 13424.436 1684.067 
926 4852 2491 13433.244 1682.716 
852 4967 2432 13439.405 1684.833 
865 4862 2532 13409.66 1679.813 
886 4945 2419 13436.474 1682.19 
907 4897 2474 13444.967 1684.823 
879 4944 2463 13433.044 1679.404 
914 4902 2483 13432.173 1681.443 
871 4958 2400 13420.143 1679.028 
860 4946 2390 13441.037 1681.385 
838 4988 2365 13422.554 1678.952 
905 4924 2458 13441.143 1681.722 
908 4909 2457 13430.229 1680.079 
923 4857 2514 13431.786 1681.604 
908 4841 2524 13423.014 1679.894 
870 4962 2400 13437.104 1683.12 
819 4973 2413 13430.257 1681.883 
915 4860 2503 13444.214 1681.427 
873 4940 2480 13424.94 1681.597 
859 4920 2529 13438.475 1679.513 
908 4867 2502 13426.637 1682.75 
873 4927 2495 13442.494 1683.7 
941 4868 2488 13440.303 1681.686 
892 4918 2501 13444.188 1681.429 
910 4883 2492 13439.561 1683.717 
865 4962 2445 13448.331 1680.251 
979 4790 2507 13427.616 1681.161 
925 4851 2503 13436.554 1682.908 
842 4984 2399 13442.305 1680.419 
920 4864 2545 13419.145 1679.076 
819 4989 2385 13429.035 1677.268 
903 4902 2493 13439.416 1684.404 
927 4879 2490 13439.728 1682.522 
834 4960 2466 13437.854 1683.151 
892 4915 2470 13442.593 1683.422 
