273 1223 668 13520.196 1686.158 
266 1178 677 13447.095 1678.653 
239 1252 630 13495.957 1695.337 
258 1219 641 13507.397 1691.313 
244 1214 663 13488.893 1693.113 
266 1227 638 13528.749 1695.29 
234 1245 661 13533.675 1698.719 
227 1267 641 13497.702 1690.145 
248 1244 673 13508.007 1691.647 
223 1285 623 13562.228 1699.145 
243 1258 650 13490.595 1686.303 
270 1186 639 13499.283 1688.416 
249 1247 654 13558.036 1702.926 
243 1228 656 13502.749 1692.586 
237 1252 654 13504.784 1690.581 
208 1291 641 13531.692 1697.133 
238 1218 657 13501.268 1696.005 
237 1215 677 13434.008 1685.507 
225 1265 646 13540.212 1701.427 
251 1186 660 13473.056 1691.358 
240 1256 609 13496.911 1688.493 
228 1271 595 13522.539 1694.252 
188 1293 592 13459.619 1685.381 
257 1238 647 13527.156 1698.492 
264 1207 654 13513.85 1691.674 
252 1237 657 13526.442 1691.939 
219 1266 642 13501.484 1695.082 
229 1259 660 13523.882 1691.055 
222 1270 635 13547.986 1694.496 
238 1259 638 13541.578 1697.985 
266 1174 646 13464.69 1689.085 
249 1193 660 13473.268 1689.217 
238 1264 621 13522.318 1692.289 
220 1268 637 13520.338 1696.525 
266 1190 669 13479.544 1688.403 
236 1220 660 13477.476 1693.202 
212 1273 636 13510.828 1691.072 
235 1216 664 13470.731 1692.25 
238 1256 642 13534.327 1694.478 
240 1249 651 13536.909 1695.369 
255 1203 661 13460.879 1687.126 
242 1232 663 13507.839 1692.347 
233 1262 651 13517.762 1695.22 
252 1246 629 13471.896 1689.545 
258 1200 642 13476.765 1692.416 
233 1248 651 13527.751 1701.993 
251 1245 652 13517.031 1692.443 
