342 1877 929 13482.748 1683.228 
356 1853 919 13482.896 1689.029 
346 1844 938 13476.364 1693.039 
367 1842 942 13480.584 1688.815 
326 1854 954 13464.862 1690.18 
367 1825 950 13470.838 1692.682 
339 1870 908 13465.298 1686.422 
342 1844 970 13496.55 1689.468 
350 1856 907 13483.896 1684.216 
387 1790 955 13437.108 1683.484 
310 1881 979 13481.455 1688.342 
386 1822 966 13485.001 1686.801 
373 1847 983 13481.302 1687.096 
345 1869 925 13450.718 1682.344 
353 1862 940 13473.203 1682.824 
351 1847 966 13498.724 1689.191 
373 1830 942 13503.58 1686.969 
358 1835 961 13470.516 1687.782 
337 1877 950 13496.183 1692.476 
371 1835 942 13472.11 1691.756 
334 1904 953 13518.13 1692.844 
330 1865 954 13455.386 1684.754 
359 1829 985 13519.394 1690.334 
362 1827 988 13498.416 1692.661 
345 1862 936 13501.19 1696.176 
328 1869 957 13482.311 1684.07 
359 1854 948 13470.115 1685.543 
342 1849 958 13480.365 1687.398 
338 1869 956 13492.245 1684.026 
353 1860 961 13483.433 1686.737 
363 1854 937 13496.943 1686.58 
392 1788 978 13458.909 1682.437 
352 1835 982 13484.025 1688.434 
370 1829 930 13487.312 1690.375 
344 1869 929 13454.57 1682.882 
363 1824 987 13474.105 1682.282 
355 1850 952 13501.307 1692.966 
347 1858 962 13477.207 1685.07 
350 1866 932 13475.583 1685.399 
345 1870 916 13468.671 1686.292 
334 1858 979 13473.454 1689.051 
340 1870 917 13448.43 1685.4 
356 1831 953 13475.516 1688.918 
353 1831 986 13458.444 1685.932 
347 1843 960 13474.332 1690.893 
374 1794 976 13450.496 1687.554 
327 1851 982 13481.897 1688.113 
339 1850 970 13470.557 1688.137 
346 1839 980 13484.659 1689.746 
318 1891 924 13492.383 1693.651 
342 1841 963 13451.116 1690.355 
376 1821 961 13456.233 1688.591 
348 1861 952 13492.79 1692.575 
374 1805 968 13473.901 1688.692 
338 1869 939 13459.388 1684.769 
362 1847 958 13508.656 1688.44 
317 1931 906 13521.655 1694.513 
353 1850 958 13470.388 1688.378 
321 1860 965 13464.084 1682.088 
357 1837 952 13494.735 1689.258 
364 1852 955 13480.152 1683.37 
352 1852 936 13483.216 1688.536 
385 1763 969 13423.166 1682.753 
354 1851 958 13468.988 1687.101 
344 1831 970 13439.19 1691.173 
321 1870 973 13478.101 1681.376 
343 1868 902 13488.373 1684.897 
371 1830 978 13481.847 1685.141 
335 1881 905 13470.103 1686.702 
369 1831 964 13472.666 1689.383 
305 1910 938 13491.615 1689.45 
341 1864 938 13477.074 1685.612 
343 1863 935 13459.82 1684.74 
375 1848 921 13473.589 1684.268 
359 1848 958 13487.745 1687.858 
343 1864 937 13468.946 1682.177 
