569 3083 1598 13471.473 1684.244 
507 3124 1568 13438.311 1683.386 
529 3129 1489 13462.985 1684.928 
557 3121 1556 13458.707 1683.2 
621 2903 1564 13361.981 1672.293 
521 3126 1540 13446.863 1683.602 
571 3068 1601 13461.2 1684.426 
577 3094 1532 13456.466 1683.817 
589 3034 1572 13466.845 1684.874 
510 3152 1543 13467.204 1682.796 
578 3077 1586 13470.339 1686.175 
590 3056 1576 13451.354 1682.717 
616 3043 1538 13466.486 1685.405 
599 3051 1574 13441.095 1681.609 
524 3145 1494 13454.999 1679.597 
608 3044 1570 13448.724 1685.006 
577 3091 1541 13461.96 1684.745 
617 2984 1578 13406.039 1679.483 
620 2981 1554 13422.79 1676.63 
628 2916 1499 13374.302 1674.985 
605 3050 1553 13422.782 1678.386 
590 3042 1619 13449.67 1683.821 
557 3069 1604 13450.849 1682.457 
574 3098 1572 13465.28 1685.773 
598 3035 1584 13457.035 1684.251 
583 3087 1567 13489.521 1687.307 
527 3120 1581 13463.071 1685.26 
585 3093 1526 13465.759 1689.987 
616 3012 1583 13456.761 1684.858 
498 3149 1515 13433.175 1684.626 
606 2984 1627 13419.951 1676.654 
604 3046 1571 13472.866 1683.209 
609 3048 1606 13472.327 1684.146 
564 3115 1527 13463.938 1685.604 
527 3117 1533 13451.923 1688.53 
577 3060 1574 13460.018 1686.892 
527 3129 1505 13459.892 1684.702 
590 3082 1555 13489.378 1689.399 
521 3136 1542 13437.031 1681.41 
527 3087 1589 13445.38 1679.916 
531 3122 1549 13460.706 1687.341 
524 3090 1596 13440.126 1679.159 
534 3131 1512 13427.754 1680.784 
575 3095 1556 13464.237 1685.72 
594 3029 1623 13435.014 1682.306 
576 3063 1582 13472.771 1687.86 
525 3123 1518 13426.802 1676.794 
605 2974 1607 13412.661 1681.829 
533 3122 1515 13417.996 1675.204 
621 2971 1559 13404.905 1678.94 
604 2994 1613 13459.062 1684.509 
568 3105 1578 13477.737 1688.031 
581 3057 1612 13448.982 1685.643 
533 3116 1557 13456.15 1685.081 
625 2997 1549 13426.193 1680.055 
558 3114 1531 13482.61 1688.078 
545 3119 1553 13470.344 1686.288 
585 3085 1557 13462.966 1686.32 
604 3090 1557 13490.328 1686.101 
558 3109 1553 13475.083 1688.782 
556 3063 1610 13426.672 1680.976 
568 3111 1571 13491.18 1686.443 
612 2981 1601 13432.152 1680.582 
585 3064 1564 13450.845 1679.304 
584 3055 1592 13449.755 1678.821 
562 3085 1580 13470.49 1687.788 
559 3062 1589 13467.772 1685.628 
583 3057 1576 13464.641 1682.857 
571 3076 1572 13469.163 1686.462 
611 3028 1567 13437.533 1679.313 
610 3011 1577 13461.905 1686.856 
532 3137 1503 13450.187 1683.604 
550 3058 1602 13459.387 1684.889 
