723 4338 2185 13445.799 1685.857 
844 4194 2152 13421.518 1681.43 
840 4182 2193 13422.943 1680.507 
820 4303 2156 13449.615 1680.895 
828 4223 2167 13426.284 1683.906 
850 4143 2184 13379.812 1676.247 
847 4232 2100 13411.376 1677.515 
827 4229 2212 13425.212 1680.062 
829 4248 2124 13438.67 1680.086 
772 4337 2129 13429.996 1682.408 
836 4245 2160 13437.28 1678.279 
867 4157 2170 13398.586 1678.058 
845 4178 2147 13414.169 1679.255 
842 4218 2227 13433.585 1679.849 
852 4179 2127 13417.47 1679.974 
821 4265 2194 13453.035 1684.548 
823 4286 2191 13451.334 1680.531 
774 4343 2145 13460.961 1680.963 
820 4290 2237 13470.28 1687.303 
832 4216 2167 13430.156 1681.328 
845 4165 2236 13390.715 1675.602 
769 4362 2112 13453.811 1682.54 
751 4326 2182 13420.777 1680.26 
843 4195 2180 13408.98 1675.366 
844 4207 2174 13423.246 1679.296 
757 4316 2213 13438.462 1680.906 
831 4222 2187 13407.341 1677.915 
823 4243 2208 13444.621 1680.972 
830 4255 2140 13432.292 1681.378 
849 4209 2135 13429.223 1682.422 
831 4260 2128 13425.729 1679.903 
825 4231 2160 13445.037 1680.414 
829 4216 2197 13436.113 1684.468 
772 4305 2206 13460.031 1683.591 
733 4335 2171 13414.056 1678.093 
760 4396 2136 13472.308 1685.29 
827 4182 2243 13409.73 1678.618 
832 4255 2153 13423.679 1680.519 
777 4324 2198 13455.861 1681.577 
804 4331 2179 13442.588 1680.2 
834 4244 2180 13436.923 1680.837 
815 4323 2202 13477.624 1687.056 
791 4334 2174 13486.636 1688.006 
782 4311 2208 13441.68 1683.42 
817 4302 2167 13459.682 1682.605 
808 4299 2206 13468.607 1684.691 
827 4273 2167 13437.916 1681.222 
754 4362 2151 13455.125 1685.53 
840 4176 2163 13413.12 1680.54 
839 4226 2164 13426.697 1682.429 
845 4205 2168 13420.529 1678.801 
829 4237 2203 13432.342 1683.464 
