370 1821 994 13466.632 1686.917 
361 1851 961 13486.983 1688.675 
330 1888 984 13503.631 1694.596 
373 1846 967 13481.218 1682.538 
371 1782 981 13435.844 1681.894 
392 1727 957 13389.337 1675.226 
343 1883 922 13479.518 1688.908 
331 1887 924 13464.949 1688.519 
379 1814 946 13439.74 1681.544 
342 1870 926 13514.337 1693.159 
287 1908 916 13460.206 1681.406 
327 1891 923 13491.015 1686.745 
376 1834 971 13489.498 1688.779 
282 1902 910 13438.331 1683.565 
306 1897 916 13457.822 1682.711 
308 1895 953 13488.402 1688.837 
303 1900 905 13421.1 1680.011 
324 1893 893 13482.904 1691.518 
353 1882 933 13504.155 1697.775 
294 1897 919 13458.064 1683.163 
347 1886 908 13474.84 1685.749 
379 1813 923 13438.741 1683.557 
368 1819 932 13474.506 1689.098 
372 1846 978 13491.504 1683.857 
363 1857 934 13502.877 1685.857 
373 1764 974 13396.628 1676.325 
350 1865 949 13483.725 1685.086 
343 1865 969 13509.193 1690.799 
386 1797 960 13463.383 1683.876 
347 1868 952 13498.574 1694.415 
345 1881 973 13518.403 1689.929 
364 1862 953 13472.842 1689.291 
377 1830 952 13490.422 1687.472 
388 1788 956 13442.445 1686.819 
357 1848 994 13520.932 1688.918 
298 1908 901 13471.71 1685.067 
393 1809 954 13480.744 1689.478 
344 1883 928 13498.336 1687.397 
318 1892 940 13474.953 1689.137 
359 1861 981 13514.844 1694.715 
370 1826 974 13473.705 1688.801 
394 1765 953 13407.82 1678.004 
335 1873 943 13489.937 1690.425 
334 1894 948 13490.745 1687.447 
396 1769 936 13412.661 1673.854 
359 1822 980 13497.312 1694.886 
366 1863 927 13492.898 1689.541 
354 1870 941 13494.808 1688.443 
384 1812 935 13440.702 1681.464 
364 1853 943 13500.804 1687.56 
377 1850 938 13498.878 1688.584 
333 1864 961 13480.099 1691.4 
390 1801 955 13475.779 1682.521 
