905 4897 2463 13443.27 1683.084 
950 4833 2508 13443.133 1681.964 
857 4967 2462 13449.165 1680.525 
898 4933 2471 13454.596 1681.951 
877 4922 2504 13451.234 1680.481 
839 4979 2388 13419.704 1679.273 
953 4813 2509 13435.882 1678.241 
886 4940 2439 13441.278 1680.346 
896 4910 2507 13449.128 1681.181 
901 4930 2385 13451.409 1684.396 
893 4914 2492 13450.703 1680.393 
844 4955 2378 13430.355 1680.703 
862 4966 2291 13409.059 1678.099 
993 4809 2518 13443.831 1683.94 
881 4937 2454 13430.715 1682.071 
893 4913 2506 13443.537 1685.864 
918 4907 2474 13440.446 1682.141 
858 4920 2516 13424.21 1680.589 
831 4991 2399 13432.891 1679.954 
891 4921 2500 13467.08 1684.374 
861 4955 2411 13429.821 1681.09 
938 4871 2407 13425.57 1679.003 
869 4953 2424 13448.056 1681.733 
905 4939 2437 13436.794 1681.073 
921 4920 2461 13443.223 1681.638 
894 4896 2458 13449.121 1682.872 
925 4914 2517 13443.687 1681.412 
860 4972 2401 13448.854 1678.934 
898 4902 2520 13446.894 1684.56 
834 5005 2393 13417.035 1678.617 
833 4988 2397 13430.672 1678.924 
960 4857 2505 13434.275 1683.625 
913 4899 2421 13444.135 1682.771 
934 4829 2513 13419.404 1681.846 
910 4898 2466 13442.657 1682.121 
968 4823 2440 13431.979 1679.978 
858 4947 2451 13428.17 1678.364 
839 4945 2487 13436.484 1681.877 
873 4952 2443 13464.458 1682.012 
793 4971 2425 13412.612 1677.302 
880 4922 2455 13446.189 1683.506 
841 4934 2407 13428.108 1684.629 
875 4914 2447 13432.539 1684.626 
948 4823 2544 13433.729 1682.192 
869 4948 2443 13449.554 1683.232 
812 4975 2347 13422.174 1682.766 
930 4895 2533 13452.754 1685.056 
913 4863 2541 13419.767 1678.127 
881 4952 2429 13443.514 1681.832 
877 4933 2508 13444.911 1679.405 
801 4964 2451 13426.967 1680.554 
838 4959 2460 13441.382 1681.963 
856 4937 2469 13427.602 1680.304 
935 4876 2514 13446.126 1681.255 
950 4784 2525 13428.811 1680.93 
968 4776 2530 13420.758 1682.18 
882 4928 2512 13447.884 1681.955 
834 4943 2505 13451.446 1679.99 
959 4811 2462 13435.605 1683.251 
904 4898 2521 13443.665 1680.122 
895 4924 2482 13451.808 1682.819 
871 4939 2448 13432.014 1678.627 
907 4934 2449 13456.161 1684.229 
932 4867 2500 13432.732 1681.784 
855 4934 2494 13434.359 1678.782 
910 4895 2492 13440.704 1685.845 
882 4943 2427 13434.491 1679.41 
905 4934 2485 13453.644 1682.411 
870 4942 2415 13431.044 1682.29 
