861 4967 2479 13449.864 1683.115 
927 4850 2517 13445.687 1681.49 
951 4840 2516 13452.427 1683.304 
851 4973 2423 13439.41 1681.842 
793 4998 2356 13420.167 1679.887 
893 4966 2498 13476.643 1685.957 
919 4875 2501 13436.697 1684.517 
957 4740 2555 13405.548 1678.297 
902 4922 2480 13450.355 1682.75 
945 4903 2492 13452.622 1684.246 
897 4898 2469 13443.771 1684.424 
866 4956 2544 13462.647 1687.565 
909 4909 2502 13435.723 1680.255 
956 4832 2529 13441.355 1682.79 
923 4882 2503 13452.965 1681.867 
957 4807 2433 13426.101 1678.01 
837 4979 2468 13444.05 1683.17 
909 4866 2497 13448.944 1682.644 
897 4876 2522 13432.328 1681.399 
932 4879 2509 13456.899 1680.346 
908 4868 2521 13433.955 1680.782 
959 4796 2478 13426.159 1679.508 
911 4883 2519 13443.583 1683.231 
943 4882 2485 13457.282 1682.725 
967 4732 2474 13390.915 1676.455 
959 4792 2440 13410.363 1679.646 
970 4716 2463 13388.826 1675.949 
958 4811 2465 13406.516 1678.937 
885 4925 2506 13431.426 1679.902 
912 4864 2509 13426.847 1681.406 
919 4852 2544 13446.579 1683.668 
896 4930 2454 13445.694 1683.42 
963 4744 2468 13395.641 1673.76 
957 4771 2489 13415.023 1677.555 
899 4904 2488 13439.731 1681.759 
955 4891 2484 13458.073 1684.143 
942 4848 2493 13436.112 1685.983 
907 4853 2496 13449.916 1682.634 
841 4977 2420 13432.406 1676.402 
910 4905 2434 13443.839 1684.268 
843 4983 2386 13431.503 1678.657 
905 4909 2462 13430.208 1680.966 
870 4969 2418 13435.435 1683.894 
927 4849 2506 13438.865 1681.494 
935 4851 2497 13416.91 1679.654 
910 4889 2498 13418.307 1679.45 
933 4865 2521 13443.779 1680.389 
926 4896 2517 13441.156 1679.087 
895 4872 2506 13447.335 1681.083 
898 4905 2504 13441.917 1683.033 
962 4761 2450 13396.335 1674.221 
879 4897 2526 13432.542 1681.448 
922 4863 2510 13433.844 1682.75 
906 4921 2430 13441.264 1680.159 
964 4762 2430 13374.566 1672.201 
904 4903 2495 13435.109 1681.458 
903 4876 2533 13441.462 1680.503 
