841 4253 2142 13436.891 1678.645 
815 4296 2232 13462.794 1685.039 
823 4242 2221 13426.024 1681.477 
785 4319 2214 13465.404 1685.288 
856 4114 2185 13380.921 1674.6 
759 4349 2133 13459.64 1682.776 
836 4256 2153 13445.495 1681.123 
857 4130 2167 13404.414 1678.006 
821 4234 2248 13448.988 1681.426 
746 4332 2147 13443.066 1680.471 
758 4330 2159 13450.032 1678.243 
766 4333 2124 13453.321 1683.62 
740 4359 2123 13442.277 1680.89 
800 4297 2132 13446.795 1683.566 
771 4344 2160 13441.486 1680.126 
808 4295 2217 13457.528 1686.817 
783 4340 2141 13432.598 1678.564 
782 4333 2099 13437.233 1681.761 
831 4238 2190 13443.295 1680.924 
767 4332 2117 13448.575 1684.201 
740 4341 2144 13435.232 1684.71 
840 4201 2210 13441.262 1679.632 
756 4331 2171 13446.33 1682.724 
725 4365 2085 13424.546 1677.29 
747 4328 2154 13425.397 1682.786 
843 4249 2199 13433.659 1679.577 
853 4164 2224 13426.693 1682.082 
830 4252 2198 13448.327 1682.92 
726 4349 2152 13433.492 1680.958 
778 4338 2090 13441.302 1681.896 
818 4264 2182 13463.645 1683.251 
768 4346 2136 13469.957 1683.606 
835 4244 2187 13451.34 1682.271 
791 4302 2170 13450.043 1684.63 
760 4347 2104 13459.045 1685.381 
829 4237 2201 13442.777 1683.03 
826 4285 2213 13452.345 1684.545 
769 4335 2148 13435.11 1680.439 
838 4219 2177 13432.082 1682.936 
797 4302 2129 13454.212 1682.195 
779 4324 2162 13437.498 1680.311 
782 4331 2106 13460.775 1684.194 
835 4222 2204 13445.625 1685.059 
759 4359 2095 13449.088 1680.792 
730 4344 2194 13465.601 1683.027 
857 4186 2161 13408.016 1678.342 
746 4320 2158 13443.445 1682.845 
775 4314 2180 13463.103 1687.731 
750 4337 2111 13428.929 1684.518 
836 4215 2186 13431.923 1682.462 
787 4305 2136 13451.184 1683.459 
776 4336 2118 13435.123 1681.721 
848 4197 2176 13431.761 1679.958 
855 4181 2175 13424.591 1681.118 
817 4208 2237 13459.068 1681.371 
803 4299 2178 13460.767 1683.512 
790 4334 2094 13427.583 1678.667 
837 4212 2229 13437.078 1686.187 
740 4340 2184 13428.592 1678.645 
802 4305 2165 13437.93 1683.922 
868 4159 2153 13414.806 1681.561 
734 4358 2140 13443.239 1682.174 
754 4333 2144 13451.376 1686.337 
738 4345 2207 13439.837 1683.577 
747 4335 2108 13439.883 1684.874 
851 4209 2095 13412.579 1679.367 
772 4331 2149 13465.004 1683.996 
786 4306 2129 13446.301 1684.711 
727 4322 2210 13441.77 1679.828 
742 4362 2013 13437.825 1684.774 
766 4352 2131 13460.188 1682.275 
792 4315 2182 13448.6 1682.993 
