671 3725 1830 13451.648 1683.828 
683 3721 1833 13453.984 1684.104 
723 3601 1869 13407.245 1679.493 
731 3532 1924 13392.982 1675.499 
701 3686 1847 13452.325 1683.599 
648 3739 1837 13439.963 1682.15 
690 3674 1877 13464.483 1685.382 
694 3681 1875 13451.619 1684.1 
741 3595 1894 13416.205 1676.753 
714 3651 1868 13443.516 1683.093 
712 3667 1865 13462.316 1685.056 
691 3637 1910 13431.461 1681.887 
689 3628 1863 13448.168 1687.593 
674 3651 1920 13435.798 1679.054 
672 3706 1864 13453.116 1682.984 
692 3643 1919 13432.018 1679.001 
692 3700 1809 13448.852 1681.343 
684 3711 1851 13432.218 1680.055 
668 3716 1815 13463.362 1682.699 
672 3708 1845 13442.304 1681.735 
645 3738 1841 13456.78 1678.258 
729 3621 1854 13441.045 1682.419 
655 3718 1945 13484.674 1685.451 
692 3659 1914 13451.717 1681.057 
618 3784 1799 13450.366 1682.956 
718 3613 1866 13427.852 1682.017 
669 3731 1861 13449.704 1683.35 
712 3642 1892 13449.557 1681.048 
644 3724 1862 13435.217 1679.217 
713 3613 1879 13426.514 1682.539 
712 3564 1900 13416.891 1677.525 
712 3650 1848 13436.315 1685.525 
636 3736 1829 13441.322 1679.862 
596 3760 1807 13430.079 1678.595 
621 3752 1847 13458.542 1687.2 
676 3693 1871 13459.432 1685.599 
731 3648 1849 13446.424 1683.116 
728 3625 1859 13442.918 1684.492 
711 3646 1899 13451.064 1685.164 
628 3746 1834 13434.766 1680.802 
688 3683 1908 13473.225 1688.797 
676 3614 1935 13418.429 1676.029 
742 3565 1830 13410.582 1678.384 
664 3732 1853 13465.712 1684.578 
642 3740 1796 13456.35 1681.624 
609 3724 1854 13426.059 1683.476 
678 3701 1919 13459.458 1684.805 
682 3681 1865 13464.308 1689.932 
702 3615 1899 13440.399 1685.61 
674 3711 1878 13456.829 1680.807 
674 3701 1841 13444.626 1685.55 
735 3543 1855 13396.466 1676.949 
729 3543 1908 13411.552 1679.893 
706 3671 1823 13443.828 1680.471 
709 3628 1902 13420.563 1682.852 
691 3684 1872 13437.629 1677.265 
653 3738 1836 13437.601 1683.263 
741 3560 1802 13410.82 1680.376 
707 3608 1904 13429.497 1680.245 
723 3644 1831 13456.93 1683.347 
626 3716 1814 13452.151 1688.137 
722 3594 1896 13427.844 1678.777 
688 3703 1897 13462.503 1684.748 
696 3680 1866 13445.571 1678.955 
730 3554 1861 13384.206 1677.009 
668 3712 1882 13447.924 1679.777 
623 3739 1806 13451.034 1682.911 
691 3677 1876 13456.333 1685.632 
721 3645 1877 13446.464 1681.557 
627 3733 1843 13426.195 1680.878 
628 3751 1754 13425.677 1680.82 
583 3763 1803 13416.76 1680.459 
713 3617 1869 13418.916 1682.09 
723 3578 1888 13415.673 1677.526 
703 3632 1903 13422.287 1679.584 
701 3667 1897 13430.813 1680.671 
701 3681 1853 13447.286 1684.011 
591 3774 1829 13439.383 1680.401 
671 3714 1874 13460.447 1685.488 
689 3696 1829 13435.535 1680.487 
728 3574 1879 13430.481 1680.703 
689 3724 1792 13468.415 1685.191 
702 3650 1869 13436.205 1680.713 
694 3651 1888 13434.764 1680.923 
737 3568 1853 13407.013 1678.166 
694 3667 1878 13450.081 1682.629 
681 3697 1868 13454.033 1686.676 
