593 3051 1596 13472.05 1689.257 
585 3055 1586 13468.925 1688.939 
557 3120 1535 13467.247 1686.418 
588 3065 1516 13455.114 1682.835 
552 3102 1540 13474.24 1682.072 
612 2983 1574 13436.627 1680.931 
576 3067 1561 13476.79 1688.076 
602 3040 1567 13443.583 1679.011 
596 3025 1579 13439.946 1679.438 
621 3004 1588 13416.85 1678.291 
553 3099 1576 13464.256 1682.283 
603 2989 1570 13412.849 1684.774 
605 3045 1536 13460.599 1684.69 
534 3135 1552 13451.92 1682.46 
600 3026 1586 13435.283 1681.326 
586 3064 1593 13470.955 1688.835 
599 3021 1582 13429.091 1681.755 
580 3077 1576 13448.59 1683.395 
585 3085 1572 13462.468 1689.697 
612 2994 1558 13447.314 1682.004 
539 3092 1535 13452.914 1687.083 
524 3109 1544 13447.962 1684.078 
526 3133 1517 13458.379 1684.488 
559 3082 1564 13472.476 1687.327 
537 3123 1506 13447.145 1685.209 
592 3009 1607 13428.204 1679.753 
556 3103 1571 13453.912 1682.353 
567 3091 1543 13451.963 1679.211 
561 3101 1541 13461.821 1685.069 
530 3112 1544 13461.963 1683.321 
604 3051 1556 13463.965 1688.708 
528 3106 1564 13462.496 1682.958 
605 3034 1564 13423.21 1677.043 
565 3099 1522 13483.135 1687.803 
494 3136 1526 13451.94 1682.372 
558 3106 1556 13471.999 1685.052 
604 3019 1571 13429.666 1682.079 
569 3074 1573 13458.842 1685.635 
589 3062 1566 13462.158 1685.56 
594 3015 1575 13437.485 1683.276 
535 3115 1531 13452.04 1687.736 
574 3069 1579 13471.38 1685.365 
518 3124 1532 13429.414 1685.092 
536 3135 1544 13476.357 1681.205 
600 3027 1562 13450.483 1677.222 
538 3099 1502 13461.631 1688.755 
566 3096 1616 13475.088 1686.259 
577 3043 1601 13442.026 1686.796 
560 3098 1526 13452.993 1685.111 
588 3058 1618 13493.033 1684.702 
559 3100 1548 13457.461 1683.109 
606 3019 1569 13451.152 1683.458 
597 3047 1555 13474.207 1686.568 
564 3076 1518 13471.356 1688.062 
626 2982 1574 13420.159 1679.59 
581 3085 1573 13460.854 1683.01 
592 3016 1602 13452.685 1681.956 
531 3134 1552 13452.332 1681.229 
612 2998 1571 13421.008 1680.705 
520 3131 1488 13450.148 1684.801 
529 3125 1535 13437.845 1683.203 
521 3128 1517 13455.121 1685.024 
595 3022 1575 13433.175 1683.739 
599 3014 1574 13442.508 1683.648 
584 3075 1534 13477.759 1689.518 
601 3025 1565 13433.698 1683.867 
545 3112 1542 13460.986 1685.527 
576 3093 1529 13455.804 1684.864 
543 3100 1584 13448.317 1682.138 
583 3025 1610 13447.699 1685.993 
614 3010 1553 13428.515 1681.01 
539 3132 1576 13471.286 1682.95 
504 3123 1519 13444.952 1682.961 
485 3140 1513 13441.061 1683.207 
521 3116 1544 13450.807 1683.147 
510 3104 1561 13456.584 1683.23 
569 3084 1541 13471.05 1683.358 
587 3068 1537 13443.653 1682.229 
592 3056 1588 13458.307 1684.643 
542 3113 1519 13469.521 1682.751 
603 3019 1591 13453.695 1680.335 
605 3005 1584 13388.732 1676.267 
584 3076 1545 13473.494 1683.673 
570 3087 1546 13462.311 1684.737 
512 3127 1503 13437.92 1686.024 
611 3059 1551 13477.45 1684.501 
