325 1900 881 13468.051 1683.598 
355 1855 987 13493.282 1686.239 
308 1901 918 13465.263 1686.146 
333 1896 937 13502.149 1691.277 
356 1854 974 13470.157 1682.636 
368 1830 900 13475.6 1692.704 
362 1817 973 13481.761 1688.173 
328 1891 956 13496.747 1689.977 
349 1869 965 13491.447 1693.125 
379 1777 981 13442.532 1683.424 
402 1725 962 13370.992 1675.268 
329 1871 943 13475.234 1691.897 
318 1898 912 13463.349 1686.771 
374 1832 958 13475.232 1688.657 
361 1841 982 13506.399 1692.254 
366 1846 912 13436.661 1680.289 
398 1801 950 13454.271 1686.042 
366 1810 986 13491.437 1687.311 
331 1853 980 13486.535 1687.013 
289 1905 892 13478.236 1684.049 
351 1823 989 13472.544 1686.143 
344 1873 940 13479.702 1687.079 
388 1770 978 13410.321 1677.173 
342 1854 965 13481.756 1694.118 
315 1903 909 13514.296 1694.986 
391 1792 965 13444.825 1684.627 
330 1898 891 13479.431 1688.168 
346 1885 932 13480.447 1687.626 
372 1798 994 13473.542 1685.277 
378 1798 951 13416.418 1679.302 
333 1866 960 13494.325 1691.327 
380 1813 944 13460.074 1683.229 
317 1910 895 13471.056 1685.592 
363 1820 994 13454.669 1688.588 
352 1824 986 13463.196 1686.702 
377 1819 960 13475.3 1690.899 
388 1787 957 13446.849 1687.508 
369 1842 916 13464.811 1681.777 
303 1900 935 13460.494 1685.864 
341 1893 939 13517.093 1694.78 
378 1822 934 13469.45 1687.746 
286 1909 905 13453.338 1683.809 
321 1874 940 13478.594 1690.94 
289 1895 944 13425.08 1683.981 
336 1884 948 13481.979 1687.766 
364 1870 958 13515.547 1688.576 
341 1883 960 13493.054 1690.549 
337 1893 932 13532.245 1692.202 
310 1898 921 13475.185 1684.305 
302 1902 920 13511.59 1690.506 
360 1865 963 13514.737 1696.13 
342 1880 954 13507.486 1686.943 
387 1822 933 13493.76 1689.949 
372 1841 967 13483.31 1691.68 
