715 3649 1863 13438.399 1685.371 
710 3599 1925 13431.511 1685.06 
730 3625 1898 13438.167 1684.402 
673 3668 1886 13441.899 1684.963 
690 3636 1934 13439.955 1679.867 
699 3684 1854 13433.633 1681.959 
701 3674 1813 13440.366 1687.411 
698 3663 1866 13437.004 1683.887 
688 3561 1929 13419.931 1680.669 
706 3637 1910 13459.66 1681.489 
709 3645 1871 13448.518 1683.975 
665 3700 1894 13442.681 1683.923 
680 3663 1889 13451.904 1684.543 
668 3694 1900 13449.235 1685.531 
703 3653 1868 13461.76 1685.988 
716 3582 1911 13402.314 1679.825 
694 3639 1909 13434.522 1677.908 
706 3649 1842 13447.598 1684.151 
755 3629 1889 13478.915 1689.659 
701 3648 1923 13434.238 1679.76 
739 3674 1907 13468.278 1683.542 
593 3760 1763 13441.844 1681.31 
701 3671 1857 13445.868 1686.041 
638 3758 1823 13455.324 1683.146 
655 3703 1906 13452.879 1682.339 
696 3707 1883 13466.786 1684.873 
660 3699 1885 13443.048 1683.122 
691 3703 1879 13486.285 1689.744 
724 3637 1867 13441.095 1685.567 
659 3746 1882 13461.386 1682.18 
671 3649 1918 13437.779 1684.231 
724 3613 1905 13434.106 1683.901 
676 3703 1887 13458.597 1682.177 
723 3622 1913 13443.685 1679.499 
705 3661 1886 13453.644 1683.615 
700 3636 1918 13444.573 1684.186 
704 3654 1844 13446.217 1684.495 
690 3682 1910 13458.978 1683.169 
748 3578 1898 13435.328 1680.302 
653 3674 1924 13445.506 1680.767 
692 3738 1878 13489.065 1689.171 
