122 629 339 13579.109 1705.765 
123 643 331 13602.695 1705.628 
130 629 336 13577.006 1703.427 
151 590 334 13521.566 1698.791 
108 627 345 13512.873 1678.022 
122 633 334 13541.648 1705.377 
104 653 333 13580.079 1699.859 
92 648 338 13520.747 1698.001 
90 665 306 13569.301 1698.032 
116 656 328 13585.778 1701.902 
116 654 332 13626.928 1712.309 
133 621 347 13546.573 1707.613 
117 642 332 13626.733 1706.264 
129 600 353 13438.908 1680.262 
117 622 345 13522.486 1703.982 
138 615 319 13538.11 1703.759 
122 614 349 13505.332 1702.271 
106 627 342 13528.214 1697.211 
104 647 321 13634.94 1708.861 
97 659 319 13558.507 1702.269 
145 611 352 13607.186 1711.193 
118 644 322 13524.52 1692.215 
110 652 318 13605.807 1715.84 
129 640 333 13583.952 1711.358 
90 664 309 13579.928 1695.137 
117 630 342 13496.367 1692.788 
142 610 334 13588.478 1716.012 
148 606 333 13565.636 1705.091 
134 626 327 13621.147 1708.998 
136 617 346 13577.286 1706.494 
146 615 326 13588.146 1697.875 
120 624 340 13533.887 1706.04 
122 622 347 13553.133 1688.751 
119 643 341 13622.883 1718.847 
138 618 322 13533.249 1701.613 
132 624 333 13596.153 1702.734 
120 653 312 13562.588 1703.324 
151 580 338 13479.408 1688.64 
103 655 324 13557.621 1705.544 
146 585 341 13476.893 1685.904 
122 626 348 13541.951 1691.35 
