814 4289 2171 13450.904 1683.375 
815 4253 2187 13447.478 1683.443 
815 4306 2168 13449.427 1680.976 
802 4289 2182 13467.277 1682.586 
755 4355 2072 13426.64 1678.779 
827 4254 2164 13434.013 1678.36 
844 4162 2202 13403.792 1676.601 
818 4239 2216 13443.26 1682.65 
854 4139 2121 13377.158 1673.966 
815 4238 2179 13430.491 1683.835 
728 4366 2136 13447.814 1680.482 
840 4197 2214 13445.27 1682.362 
831 4187 2234 13417.649 1677.773 
768 4304 2226 13462.675 1686.52 
843 4222 2171 13424.076 1678.724 
800 4296 2248 13471.54 1686.356 
809 4277 2156 13456.96 1685.862 
723 4366 2158 13447.978 1678.884 
805 4270 2211 13463.221 1686.896 
806 4303 2175 13433.301 1680.317 
783 4320 2177 13473.648 1685.767 
805 4248 2251 13426.972 1679.499 
815 4245 2221 13435.994 1682.099 
710 4353 2096 13439.557 1682.145 
815 4264 2200 13428.488 1680.663 
850 4191 2172 13433.272 1681.752 
772 4336 2118 13464.478 1686.715 
764 4316 2185 13443.576 1680.83 
795 4348 2180 13474.457 1685.256 
852 4171 2133 13407.521 1678.619 
838 4154 2217 13392.819 1673.084 
819 4288 2154 13434.84 1682.263 
852 4175 2171 13386.004 1673.945 
738 4349 2113 13432.506 1682.794 
838 4205 2204 13416.943 1676.801 
805 4303 2202 13455.196 1682.673 
845 4195 2139 13402.359 1678.094 
832 4230 2149 13430.621 1683.959 
832 4168 2221 13401.8 1673.12 
842 4246 2198 13444.615 1682.098 
762 4326 2198 13448.385 1682.932 
736 4363 2109 13432.144 1680.341 
810 4264 2160 13452.076 1682.096 
816 4248 2199 13422.493 1676.648 
849 4193 2197 13425.373 1681.463 
820 4249 2158 13420.012 1679.402 
824 4245 2152 13458.062 1684.298 
804 4285 2214 13456.365 1684.932 
731 4353 2096 13428.455 1681.941 
853 4188 2108 13399.056 1675.102 
843 4196 2140 13419.055 1682.781 
799 4314 2096 13456.93 1682.622 
822 4250 2103 13438.631 1678.909 
807 4271 2182 13434.816 1683.364 
731 4321 2149 13438.819 1686.469 
839 4182 2175 13426.143 1683.037 
753 4361 2105 13445.257 1681.041 
789 4306 2185 13445.079 1685.507 
769 4335 2149 13461.076 1686.105 
817 4301 2191 13446.991 1682.753 
828 4228 2189 13449.4 1683.38 
724 4363 2109 13428.814 1680.592 
804 4279 2125 13429.912 1685.1 
818 4276 2157 13456.99 1681.884 
778 4303 2204 13463.19 1684.826 
838 4248 2120 13440.927 1680.475 
823 4270 2138 13420.212 1676.536 
725 4368 2098 13440.624 1681.25 
750 4351 2098 13443.064 1681.275 
