591 3060 1581 13449.111 1681.68 
618 2981 1612 13441.545 1679.628 
547 3096 1548 13460.391 1684.685 
546 3072 1597 13430.148 1677.867 
558 3096 1516 13479.021 1684.049 
584 3072 1594 13470.473 1688.203 
549 3102 1546 13455.137 1684.084 
534 3108 1543 13430.13 1683.857 
590 3062 1528 13451.338 1687.391 
573 3079 1534 13466.914 1685.585 
621 2988 1569 13437.511 1679.222 
562 3088 1536 13461.073 1683.272 
575 3088 1556 13468.071 1682.083 
579 3065 1575 13477.551 1685.889 
567 3075 1596 13443.617 1685.284 
614 3001 1600 13430.89 1685.433 
543 3113 1545 13446.872 1682.265 
609 2987 1614 13429.445 1679.856 
553 3084 1591 13452.083 1684.825 
613 3031 1561 13471.377 1685.515 
533 3120 1560 13458.611 1683.599 
538 3107 1514 13453.485 1688.232 
557 3095 1567 13467.566 1683.801 
524 3087 1559 13444.014 1684.827 
592 3039 1594 13469.153 1686.886 
568 3090 1491 13443.355 1682.762 
554 3109 1540 13470.755 1685.985 
565 3105 1522 13479.539 1683.647 
556 3099 1535 13467.068 1687.22 
567 3100 1518 13437.268 1683.507 
570 3096 1571 13466.44 1681.675 
548 3126 1540 13466.627 1685.29 
603 3018 1569 13418.103 1679.061 
629 2993 1541 13429.215 1682.975 
646 2931 1574 13372.617 1673.554 
604 3045 1557 13441.153 1684.255 
575 3064 1576 13474.086 1690.329 
550 3098 1576 13462.51 1681.748 
617 2992 1597 13421.647 1677.647 
565 3086 1567 13476.506 1686.868 
531 3075 1594 13435.379 1685.709 
560 3094 1546 13449.133 1682.754 
622 2962 1572 13377.673 1672.006 
578 3063 1557 13458.848 1688.865 
563 3093 1546 13465.622 1683.194 
554 3099 1536 13468.496 1688.2 
589 3062 1635 13480.723 1690.959 
595 3066 1580 13474.591 1686.689 
568 3083 1567 13471.992 1689.449 
569 3079 1570 13475.585 1683.791 
502 3137 1539 13470.152 1687.723 
607 3049 1539 13472.431 1684.258 
602 2997 1615 13430.198 1681.955 
619 2987 1594 13421.918 1681.193 
600 3039 1554 13445.603 1681.906 
624 2979 1569 13406.581 1680.111 
602 3032 1581 13455.813 1686.09 
611 3015 1593 13464.338 1684.321 
520 3135 1568 13454.179 1683.842 
576 3087 1588 13461.738 1684.686 
607 3017 1568 13424.057 1680.922 
542 3117 1587 13433.687 1682.231 
620 3017 1581 13419.033 1675.813 
599 3032 1601 13457.155 1682.792 
554 3098 1585 13457.377 1681.671 
538 3105 1544 13441.576 1683.071 
544 3122 1494 13462.444 1685.565 
573 3080 1551 13458.135 1685.196 
519 3112 1564 13440.341 1683.998 
619 3022 1545 13436.985 1677.954 
541 3131 1542 13483.646 1684.022 
617 3023 1566 13447.743 1683.446 
559 3101 1525 13440.558 1683.765 
581 3063 1541 13480.255 1685.124 
573 3087 1568 13462.562 1681.379 
560 3117 1527 13455.158 1679.917 
558 3101 1549 13457.953 1685.856 
556 3106 1555 13439.885 1681.156 
567 3076 1580 13463.618 1686.538 
582 3076 1504 13442.22 1679.794 
542 3128 1542 13455.467 1681.631 
579 3081 1507 13459.267 1683.459 
577 3073 1557 13474.937 1686.882 
617 2983 1525 13429.755 1684.689 
581 3017 1638 13458.485 1687.491 
539 3151 1534 13473.011 1686.126 
591 3033 1597 13443.936 1683.328 
618 2995 1544 13417.19 1678.284 
571 3074 1591 13473.007 1686.332 
593 3075 1565 13474.673 1686.172 
509 3131 1490 13455.299 1687.437 
556 3101 1568 13446.365 1681.435 
555 3103 1541 13465.96 1685.047 
513 3130 1562 13463.624 1685.066 
