496 3149 1506 13453.472 1681.084 
603 3045 1593 13445.646 1682.939 
610 2988 1591 13447.922 1686.883 
630 2952 1581 13429.824 1679.346 
592 3048 1600 13462.147 1680.546 
597 2990 1610 13404.95 1678.053 
569 3071 1582 13452.815 1683.633 
596 3042 1594 13459.352 1685.203 
643 2899 1537 13378.909 1673.638 
605 3014 1574 13433.962 1682.673 
612 3049 1596 13441.133 1680.208 
594 3065 1558 13467.744 1684.166 
583 3012 1612 13423.137 1678.904 
583 3096 1556 13460.271 1681.274 
606 3004 1560 13416.563 1681.913 
609 3029 1560 13436.391 1680.472 
572 3081 1578 13449.345 1680.815 
602 3029 1538 13448.718 1683.065 
608 2962 1600 13422.15 1680.438 
586 3079 1569 13427.274 1678.553 
572 3069 1561 13473.635 1686.396 
627 2956 1560 13418.2 1679.879 
603 3057 1545 13439.656 1682.51 
575 3066 1594 13478.081 1688.903 
616 2982 1575 13426.61 1682.053 
573 3076 1574 13464.552 1683.572 
592 3044 1552 13426.74 1684.772 
622 2978 1576 13420.089 1680.603 
615 2986 1574 13417.988 1678.995 
572 3078 1590 13453.199 1680.596 
614 2992 1572 13418.53 1678.479 
600 3027 1600 13443.191 1680.446 
633 2968 1595 13424.249 1679.829 
611 2997 1511 13439.438 1680.668 
531 3147 1507 13459.166 1685.069 
607 3024 1559 13425.468 1682.749 
571 3013 1614 13414.456 1678.264 
581 3037 1612 13437.826 1683.79 
577 3078 1544 13466.781 1685.329 
584 3050 1545 13452.914 1688.098 
590 3051 1535 13438.454 1684.918 
568 3047 1626 13439.672 1677.64 
588 3051 1573 13457.756 1684.069 
579 3077 1543 13457.082 1681.688 
580 3089 1552 13450.882 1682.407 
577 3060 1597 13465.285 1686.104 
580 3068 1558 13441.981 1682.364 
570 3103 1536 13461.033 1682.939 
582 3065 1578 13473.938 1689.553 
588 3032 1600 13446.709 1685.694 
569 3106 1531 13471.81 1682.946 
587 3049 1542 13444.84 1687.723 
611 3020 1559 13430.466 1681.981 
568 3131 1613 13499.879 1688.852 
595 3024 1546 13442.805 1687.85 
597 3056 1535 13473.174 1681.443 
573 3087 1554 13497.046 1685.946 
587 3052 1599 13453.852 1683.216 
607 3058 1537 13467.775 1683.904 
598 3041 1594 13462.805 1687.121 
602 2995 1604 13428.536 1679.666 
593 3019 1604 13448.291 1682.505 
604 2995 1599 13422.463 1678.071 
617 3020 1556 13436.277 1688.057 
557 3145 1546 13501.343 1689.083 
576 3096 1536 13467.969 1687.043 
