786 4312 2192 13451.949 1682.533 
799 4291 2191 13448.323 1680.43 
680 4379 2031 13428.278 1680.675 
786 4316 2154 13459.936 1682.91 
840 4179 2231 13431.104 1678.424 
817 4277 2238 13453.116 1681.377 
770 4349 2131 13464.583 1685.599 
818 4247 2244 13446.63 1682.409 
788 4295 2181 13455.694 1683.115 
779 4335 2127 13443.817 1684.373 
842 4225 2159 13434.058 1680.558 
794 4330 2134 13456.551 1683.113 
854 4170 2197 13410.436 1679.943 
798 4290 2174 13430.675 1681.642 
795 4296 2181 13443.686 1683.295 
817 4288 2161 13449.108 1685.03 
766 4294 2219 13433.074 1679.338 
787 4333 2140 13431.279 1680.693 
780 4305 2198 13454.407 1681.868 
859 4135 2125 13401.287 1678.258 
827 4277 2181 13467.595 1681.661 
797 4289 2200 13445.18 1681.306 
808 4289 2137 13447.501 1681.517 
826 4260 2161 13448.49 1682.331 
824 4204 2209 13397.781 1674.684 
763 4321 2222 13456.743 1683.962 
776 4314 2169 13451.724 1685.865 
836 4228 2171 13414.327 1676.009 
797 4293 2131 13436.591 1680.023 
787 4268 2185 13459.517 1686.837 
797 4300 2099 13425.945 1675.585 
820 4234 2215 13437.533 1679.914 
843 4150 2211 13391.806 1675.12 
796 4308 2168 13454.972 1683.071 
819 4220 2203 13444.438 1683.165 
786 4323 2166 13450.111 1681.922 
770 4320 2183 13472.317 1685.178 
808 4284 2218 13462.847 1683.919 
829 4229 2186 13438.063 1681.881 
850 4183 2160 13400.78 1677.705 
762 4365 2169 13464.616 1683.514 
836 4239 2162 13444.02 1682.938 
856 4184 2147 13424.883 1679.232 
780 4307 2212 13445.159 1683.812 
774 4322 2116 13439.26 1686.642 
757 4344 2182 13467.38 1683.712 
767 4325 2203 13456.345 1684.746 
821 4208 2214 13414.751 1677.001 
842 4232 2160 13411.344 1676.586 
847 4223 2208 13447.289 1682.355 
779 4300 2092 13433.344 1684.517 
763 4301 2154 13453.056 1686.59 
771 4376 2187 13459.676 1686.331 
832 4236 2185 13418.545 1680.376 
871 4126 2140 13399.386 1674.057 
794 4273 2230 13441.035 1682.279 
819 4217 2218 13418.123 1678.865 
849 4186 2184 13401.156 1676.425 
825 4287 2201 13468.422 1686.296 
787 4305 2198 13452.209 1682.303 
822 4284 2177 13460.164 1686.958 
777 4338 2133 13462.196 1683.305 
