473 2433 1291 13439.259 1682.375 
470 2454 1283 13481.442 1688.471 
456 2466 1283 13475.381 1682.775 
410 2527 1214 13436.36 1681.364 
447 2471 1273 13481.932 1689.254 
441 2442 1295 13430.688 1678.871 
478 2484 1273 13492.659 1688.259 
480 2445 1267 13460.757 1686.452 
433 2483 1209 13467.969 1695.25 
470 2470 1217 13480.937 1690.508 
444 2437 1296 13437.033 1684.413 
447 2509 1219 13500.582 1691.689 
493 2423 1256 13451.181 1681.503 
441 2520 1271 13508.718 1692.949 
477 2444 1275 13446.943 1681.416 
481 2427 1252 13471.389 1684.934 
477 2460 1269 13469.496 1688.415 
391 2527 1200 13439.757 1681.756 
490 2400 1262 13468.391 1687.243 
457 2483 1290 13462.897 1682.734 
461 2479 1281 13465.703 1682.752 
471 2433 1289 13464.975 1686.533 
451 2486 1224 13461.875 1686.53 
481 2411 1302 13449.921 1681.387 
463 2472 1280 13469.686 1683.525 
451 2468 1283 13467.318 1683.276 
511 2434 1247 13489.463 1688.965 
455 2431 1310 13441.574 1682.907 
483 2441 1282 13460.391 1681.146 
452 2489 1204 13444.993 1683.592 
455 2478 1248 13482.205 1688.971 
495 2419 1294 13481.087 1685.949 
396 2525 1193 13444.154 1680.038 
476 2432 1279 13467.83 1686.306 
469 2476 1266 13519.996 1691.667 
468 2465 1270 13488.288 1689.686 
451 2489 1222 13454.635 1686.493 
454 2469 1275 13470.112 1685.881 
466 2426 1295 13469.078 1686.852 
408 2538 1182 13470.913 1684.758 
446 2495 1252 13497.881 1690.504 
497 2414 1273 13469.347 1686.97 
456 2448 1286 13460.3 1686.281 
422 2495 1288 13452.159 1687.944 
457 2432 1297 13442.154 1684.905 
436 2502 1282 13489.944 1684.819 
484 2445 1264 13470.556 1686.713 
477 2463 1247 13484.865 1690.143 
454 2484 1203 13489.257 1691.585 
454 2461 1287 13468.689 1685.642 
450 2482 1283 13485.627 1689.127 
485 2481 1246 13480.244 1687.532 
515 2403 1321 13465.584 1683.238 
448 2487 1191 13454.988 1685.866 
448 2484 1239 13482.853 1690.373 
474 2448 1258 13464.393 1689.537 
487 2432 1290 13460.926 1686.791 
482 2457 1280 13467.637 1681.344 
472 2447 1283 13479.088 1687.6 
