125 630 315 13531.709 1704.082 
117 636 309 13547.053 1704.711 
137 604 341 13541.684 1692.908 
115 639 316 13574.735 1708.505 
127 615 335 13539.773 1711.685 
144 596 330 13510.431 1694.722 
115 644 310 13560.068 1707.617 
117 635 337 13559.308 1706.966 
140 590 340 13481.62 1687.181 
114 630 346 13539.331 1699.969 
116 641 331 13568.997 1710.47 
114 647 327 13592.123 1698.191 
97 664 294 13516.113 1694.785 
103 655 303 13578.833 1709.485 
119 631 324 13521.962 1703.863 
117 635 318 13535.618 1708.278 
140 605 339 13543.761 1700.584 
122 632 330 13567.297 1698.692 
99 661 330 13556.532 1697.989 
104 647 323 13554.319 1709.04 
129 627 330 13556.033 1711.166 
122 632 301 13552.013 1703.114 
112 639 326 13557.472 1711.703 
122 636 330 13562.207 1703.047 
145 590 329 13497.836 1698.509 
110 646 322 13568.731 1709.085 
113 641 334 13575.616 1705.451 
112 646 337 13542.15 1704.002 
143 573 334 13360.828 1683.379 
133 631 326 13539.47 1697.671 
141 586 342 13509.021 1695.605 
114 634 354 13532.329 1695.745 
112 635 321 13576.375 1706.474 
135 607 339 13584.312 1698.755 
113 631 338 13493.222 1700.922 
121 629 331 13586.469 1710.237 
144 597 327 13468.795 1683.479 
110 648 338 13572.778 1702.964 
104 647 325 13575.328 1703.449 
139 614 330 13590.848 1707.008 
138 615 316 13577.464 1711.905 
135 585 350 13454.375 1692.219 
123 632 328 13558.422 1697.651 
110 633 304 13531.834 1712.09 
102 657 299 13514.26 1701.629 
119 634 322 13527.558 1703.527 
142 592 337 13498.919 1693.532 
118 646 336 13598.7 1703.599 
125 616 322 13562.225 1710.341 
116 633 344 13547.627 1696.829 
83 662 305 13449.389 1689.594 
110 644 325 13545.405 1703.851 
139 597 341 13497.032 1690.714 
147 559 319 13346.742 1669.529 
107 648 320 13596.35 1717.979 
138 590 346 13503.098 1691.126 
126 630 330 13557.044 1703.969 
114 646 316 13576.82 1707.298 
134 629 354 13633.649 1710.01 
141 618 333 13567.924 1703.188 
118 630 325 13606.315 1706.092 
128 630 314 13530.59 1699.917 
110 653 321 13574.106 1703.172 
147 558 324 13372.838 1683.688 
