117 627 342 13599.312 1712.777 
138 599 314 13529.59 1704.405 
135 614 350 13511.964 1695.759 
132 615 335 13546.197 1693.114 
140 604 323 13524.475 1697.306 
116 610 352 13515.757 1693.648 
98 643 318 13561.527 1707.605 
136 612 343 13562.016 1700.274 
139 623 338 13542.563 1695.119 
133 597 360 13513.489 1700.042 
132 604 353 13576.016 1702.872 
137 608 342 13523.719 1701.544 
121 638 338 13553.135 1702.278 
139 604 345 13561.565 1701.291 
119 611 342 13579.214 1704.172 
109 657 314 13538.764 1700.91 
102 661 329 13559.699 1701.459 
141 583 340 13492.447 1691.689 
108 633 344 13532.257 1701.1 
114 631 343 13567.758 1705.75 
126 624 339 13589.947 1706.249 
151 560 338 13404.953 1675.626 
119 631 337 13556.388 1700.249 
109 644 329 13573.05 1701.831 
135 598 338 13499.393 1704.708 
102 652 303 13563.276 1713.188 
124 643 328 13586.494 1698.064 
135 607 336 13580.814 1699.699 
113 640 331 13576.914 1708.08 
121 645 341 13595.499 1697.098 
128 617 337 13538.192 1703.208 
128 596 344 13546.876 1706.184 
115 629 337 13580.179 1715.65 
117 643 351 13573.348 1694.592 
127 633 335 13545.824 1706.508 
112 651 331 13598.208 1698.681 
118 640 330 13563.651 1704.108 
135 638 326 13615.19 1715.927 
127 616 344 13515.502 1695.885 
123 631 347 13554.93 1691.535 
149 579 325 13439.824 1677.833 
113 631 347 13568.136 1700.242 
120 630 339 13565.507 1698.993 
113 642 332 13516.374 1697.367 
111 641 325 13629.204 1709.326 
122 628 351 13577.378 1710.096 
113 632 356 13526.202 1692.394 
123 634 331 13600.256 1706.626 
120 647 316 13556.042 1706.223 
98 651 321 13547.296 1705.368 
114 646 316 13565.07 1705.374 
135 596 333 13508.402 1702.702 
113 644 310 13574.17 1708.299 
134 597 352 13495.497 1697.899 
120 641 320 13634.033 1712.087 
130 616 335 13519.614 1699.663 
125 625 347 13589.027 1701.213 
139 611 344 13564.867 1695.398 
118 638 339 13562.723 1703.096 
123 611 350 13521.727 1697.413 
105 661 326 13537.376 1695.374 
123 611 340 13521.255 1701.3 
129 626 337 13537.587 1688.826 
119 644 317 13566.278 1703.204 
147 602 339 13575.104 1698.009 
133 634 334 13589.715 1701.909 
129 618 336 13572.242 1709.285 
102 648 297 13585.65 1701.207 
145 590 343 13493.848 1690.648 
128 601 357 13529.632 1694.038 
137 624 326 13533.122 1697.191 
109 651 315 13566.016 1705.707 
145 594 351 13477.579 1687.454 
149 569 330 13433.096 1685.967 
135 613 336 13518.835 1696.477 
