739 3631 1929 13467.741 1681.395 
663 3708 1852 13451.447 1683.922 
697 3685 1809 13465.626 1688.449 
652 3749 1805 13459.671 1683.025 
659 3740 1852 13455.726 1679.955 
725 3584 1829 13425.58 1681.985 
686 3695 1858 13461.822 1683.743 
651 3723 1866 13442.428 1680.44 
669 3691 1857 13442.071 1685.836 
720 3650 1881 13438.719 1682.635 
654 3738 1833 13453.924 1680.807 
746 3638 1869 13443.641 1679.048 
726 3576 1851 13406.497 1682.335 
620 3754 1811 13443.551 1684.517 
718 3666 1891 13461.069 1686.175 
658 3754 1770 13447.875 1679.58 
642 3726 1842 13462.139 1686.016 
697 3684 1865 13470.213 1684.713 
719 3620 1858 13439.953 1684.143 
608 3778 1825 13443.49 1682.932 
669 3725 1842 13445.911 1684.345 
673 3717 1907 13475.4 1683.75 
720 3640 1878 13460.484 1681.469 
675 3726 1793 13452.238 1685.099 
747 3569 1870 13405.661 1679.062 
633 3742 1874 13440.772 1681.898 
660 3694 1885 13436.394 1684.059 
688 3670 1920 13481.642 1686.34 
666 3719 1855 13430.993 1679.861 
707 3670 1855 13451.098 1685.518 
653 3704 1894 13449.43 1686.313 
696 3680 1917 13452.221 1684.624 
672 3698 1862 13447.135 1684.095 
720 3614 1863 13449.241 1687.462 
653 3720 1871 13461.071 1679.36 
724 3643 1838 13447.86 1680.753 
741 3557 1888 13401.825 1671.424 
691 3698 1860 13446.19 1685.13 
702 3712 1860 13461.643 1682.608 
697 3695 1872 13478.144 1683.67 
721 3643 1932 13449.888 1682.541 
644 3706 1859 13433.329 1686.933 
697 3714 1848 13453.561 1685.25 
652 3713 1910 13454.512 1686.566 
673 3697 1844 13452.253 1685.283 
649 3740 1868 13460.35 1683.166 
728 3648 1879 13445.544 1681.556 
751 3558 1850 13409.01 1674.115 
722 3642 1885 13437.72 1680.612 
633 3729 1863 13455.802 1684.219 
749 3488 1823 13353.771 1674.187 
654 3742 1832 13450.307 1679.579 
713 3679 1887 13455.506 1682.102 
639 3703 1856 13459.089 1684.702 
709 3676 1862 13463.968 1684.338 
703 3679 1923 13467.176 1688.406 
678 3708 1843 13469.3 1685.919 
746 3589 1876 13416.044 1678.722 
671 3718 1855 13460.347 1682.767 
644 3755 1862 13463.596 1684.382 
703 3684 1895 13464.471 1686.958 
647 3748 1829 13452.253 1684.213 
708 3591 1898 13429.363 1685.434 
678 3720 1827 13455.378 1685.391 
