564 3090 1554 13464.611 1686.946 
616 2987 1615 13432.384 1678.137 
566 3092 1576 13468.587 1685.622 
596 3010 1536 13426.286 1686.235 
576 3097 1572 13474.698 1682.698 
579 3001 1611 13406.572 1678.846 
565 3068 1578 13464.369 1688.43 
607 3018 1587 13431.366 1679.789 
579 3009 1604 13435.957 1681.313 
621 2959 1544 13404.637 1677.58 
600 2992 1578 13442.2 1686.315 
570 3080 1569 13462.471 1685.476 
592 3077 1589 13487.212 1687.894 
512 3142 1505 13470.698 1685.052 
559 3089 1561 13445.484 1685.667 
602 3042 1573 13447.662 1678.998 
605 2995 1554 13430.31 1683.976 
562 3071 1572 13468.762 1688.727 
551 3084 1574 13472.733 1689.096 
572 3082 1558 13475.748 1688.358 
592 2971 1607 13403.274 1678.382 
603 2982 1599 13445.081 1681.982 
620 2974 1594 13426.552 1680.349 
574 3076 1592 13471.288 1686.777 
518 3135 1510 13446.365 1685.015 
512 3086 1586 13430.768 1683.203 
606 2996 1553 13413.355 1683.433 
602 3005 1596 13420.43 1675.946 
584 3089 1534 13467.222 1682.757 
614 2982 1594 13408.584 1678.179 
610 3026 1524 13447.929 1683.741 
633 2943 1579 13363.935 1671.771 
533 3129 1542 13464.312 1687.014 
574 3048 1610 13464.605 1684.682 
596 3078 1527 13475.491 1686.484 
569 3082 1560 13455.103 1683.934 
593 3062 1581 13451.248 1681.328 
548 3125 1571 13471.066 1682.531 
585 3037 1601 13437.77 1680.797 
604 3031 1579 13446.64 1685.798 
528 3093 1570 13443.441 1686.987 
608 2956 1614 13417.276 1679.26 
602 3017 1578 13448.799 1681.344 
587 3052 1597 13427.93 1682.935 
541 3084 1580 13460.901 1683.117 
601 3033 1542 13447.108 1683.193 
603 2989 1585 13442.777 1679.274 
625 2957 1556 13386.015 1675.937 
555 3086 1579 13464.028 1685.032 
608 3018 1558 13430.644 1682.327 
597 3007 1588 13463.035 1681.109 
558 3078 1584 13450.515 1684.83 
546 3085 1552 13459.103 1687.532 
607 3011 1575 13429.291 1680.894 
524 3146 1529 13458.599 1684.317 
554 3052 1604 13430.245 1685.228 
582 3066 1600 13470.784 1685.825 
561 3115 1555 13475.049 1686.588 
519 3132 1531 13460.919 1687.315 
604 3005 1590 13434.872 1679.148 
610 2998 1582 13433.871 1682.99 
598 3061 1575 13452.781 1682.984 
600 3035 1581 13444.991 1685.642 
601 3003 1604 13440.466 1680.071 
622 2938 1574 13394.246 1678.582 
603 2993 1595 13418.52 1680.464 
577 3119 1546 13483.308 1690.405 
614 2994 1601 13428.484 1676.778 
593 3049 1595 13475.658 1684.352 
543 3116 1581 13460.563 1684.853 
600 3055 1578 13471.263 1685.944 
617 2993 1558 13420.059 1679.191 
624 2983 1603 13421.873 1677.074 
561 3054 1597 13440.7 1689.287 
537 3133 1562 13454.389 1685.68 
563 3085 1578 13430.284 1678.416 
540 3090 1573 13475.297 1684.853 
