96 651 339 13555.41 1698.186 
114 637 337 13586.265 1697.38 
127 622 342 13546.504 1698.188 
125 614 333 13548.561 1700.944 
106 634 345 13515.599 1695.782 
141 602 348 13550.856 1694.98 
139 612 346 13568.417 1699.67 
140 602 349 13575.619 1706.227 
128 628 332 13532.514 1697.26 
118 632 335 13546.587 1694.918 
136 630 321 13579.668 1697.666 
128 641 309 13544.807 1704.888 
124 619 338 13567.417 1695.463 
140 605 328 13508.109 1694.834 
98 660 326 13528.979 1692.819 
103 649 330 13570.975 1700.357 
117 632 323 13549.677 1703.551 
111 640 306 13605.386 1705.009 
131 614 327 13567.805 1707.182 
128 609 318 13549.759 1707.343 
110 655 323 13582.701 1708.456 
114 641 323 13574.473 1707.136 
116 630 357 13580.394 1710.797 
111 660 309 13598.172 1702.16 
124 628 319 13603.907 1704.66 
109 651 313 13595.143 1703.472 
109 655 322 13597.224 1701.593 
114 645 334 13584.567 1704.371 
132 618 338 13517.145 1698.451 
120 629 347 13523.245 1692.163 
124 624 345 13543.12 1693.179 
116 631 328 13555.566 1706.272 
121 633 319 13570.563 1708.559 
127 618 341 13543.31 1704.424 
133 617 331 13603.128 1705.348 
126 626 310 13580.849 1711.206 
137 608 325 13524.239 1705.125 
106 651 324 13564.097 1700.923 
125 615 316 13540.822 1707.046 
142 592 355 13449.55 1693.587 
137 606 337 13562.324 1701.207 
122 628 340 13591.646 1714.567 
113 653 313 13578.1 1705.366 
124 647 332 13612.99 1703.512 
140 606 326 13521.034 1695.097 
119 630 333 13529.232 1699.472 
115 633 328 13581.528 1707.464 
123 620 339 13603.498 1707.259 
151 581 328 13479.146 1689.718 
125 627 335 13502.196 1688.369 
112 649 316 13569.348 1706.708 
136 615 333 13550.991 1698.548 
113 646 338 13604.644 1707.675 
127 621 326 13530.728 1705.751 
113 632 337 13567.756 1711.433 
150 599 354 13547.604 1708.391 
133 624 329 13586.186 1700.468 
123 621 334 13534.641 1703.059 
126 611 357 13554.558 1710.83 
123 632 333 13530.535 1690.173 
120 641 320 13566.158 1704.477 
127 618 335 13571.876 1696.926 
116 633 336 13587.519 1700.513 
129 608 350 13522.022 1700.594 
128 631 329 13582.376 1703.953 
132 634 326 13586.294 1703.471 
104 656 318 13564.059 1693.923 
117 616 350 13491.553 1692.866 
109 651 328 13591.875 1700.624 
129 613 335 13533.985 1710.197 
133 613 340 13564.446 1702.291 
107 650 320 13569.012 1712.375 
128 632 328 13513.475 1699.474 
117 636 308 13570.457 1707.149 
115 636 313 13522.815 1704.639 
121 628 330 13593.982 1714.526 
137 604 345 13577.564 1708.772 
102 661 315 13571.421 1705.931 
110 647 307 13596.483 1704.004 
117 634 333 13580.873 1702.455 
