724 3628 1852 13435.057 1681.954 
695 3667 1830 13437.009 1686.298 
735 3569 1886 13427.167 1680.331 
695 3635 1908 13422.39 1679.873 
639 3690 1922 13412.482 1678.026 
748 3532 1843 13400.718 1680.0 
733 3593 1944 13427.975 1679.821 
729 3618 1881 13414.236 1674.743 
699 3671 1852 13444.397 1685.566 
675 3711 1840 13466.496 1687.124 
708 3638 1884 13436.153 1681.402 
710 3648 1883 13448.546 1681.579 
721 3605 1869 13423.356 1676.624 
751 3588 1894 13433.606 1678.663 
625 3765 1809 13446.056 1682.175 
709 3661 1848 13469.298 1685.499 
627 3750 1826 13450.832 1682.703 
689 3677 1899 13477.602 1685.508 
670 3695 1813 13437.225 1687.939 
696 3644 1931 13433.138 1677.375 
695 3677 1839 13473.635 1682.908 
727 3639 1867 13431.654 1683.113 
734 3564 1928 13424.467 1682.545 
668 3725 1808 13442.491 1683.039 
676 3649 1914 13413.202 1680.981 
667 3748 1895 13495.716 1692.618 
713 3633 1913 13453.602 1683.221 
727 3604 1867 13440.763 1681.67 
624 3767 1815 13447.985 1684.216 
721 3651 1867 13442.33 1684.827 
703 3620 1880 13458.123 1689.756 
679 3702 1892 13474.977 1685.201 
738 3559 1893 13411.596 1681.492 
692 3719 1913 13470.7 1686.659 
672 3720 1790 13429.742 1678.263 
703 3651 1905 13464.212 1687.211 
688 3667 1871 13463.992 1687.941 
613 3753 1863 13454.584 1682.679 
685 3644 1918 13417.727 1678.243 
679 3705 1861 13468.191 1686.727 
633 3754 1802 13451.573 1679.8 
718 3646 1883 13453.63 1685.098 
719 3628 1935 13462.365 1684.286 
653 3658 1919 13417.475 1679.57 
702 3634 1940 13419.842 1674.979 
696 3629 1906 13450.263 1684.866 
725 3671 1827 13468.041 1685.716 
696 3681 1855 13466.748 1685.472 
703 3712 1903 13473.241 1684.856 
710 3657 1878 13449.825 1684.34 
