1173 5140 2982 13751.223 1725.105 
1129 5204 2954 13753.497 1722.395 
1144 5184 2972 13745.455 1722.649 
1123 5208 2964 13758.514 1724.937 
1147 5196 2947 13758.884 1724.407 
1147 5160 2981 13751.452 1723.861 
1127 5201 2977 13755.907 1723.142 
1138 5192 2978 13755.482 1724.36 
1184 5112 2998 13745.559 1722.801 
1137 5202 2980 13758.012 1723.013 
1153 5158 2986 13743.543 1723.203 
1133 5202 2965 13758.229 1723.766 
1160 5162 3016 13752.137 1723.104 
1153 5169 2983 13744.584 1723.611 
1131 5192 2965 13760.328 1725.921 
1111 5234 2968 13759.567 1725.186 
1166 5156 3010 13754.457 1724.838 
1125 5207 2960 13761.433 1725.138 
1123 5208 2981 13758.699 1724.103 
1162 5167 2976 13753.664 1724.7 
1124 5206 2962 13763.787 1725.767 
1153 5157 2988 13744.22 1723.538 
1125 5199 2980 13759.026 1724.148 
1147 5164 2992 13752.481 1723.632 
1174 5142 2999 13754.906 1724.841 
1145 5179 2975 13741.92 1723.2 
1121 5211 2988 13760.183 1724.243 
1114 5239 2939 13763.248 1726.923 
1126 5203 2962 13760.08 1724.968 
1125 5206 2992 13758.603 1725.066 
1171 5140 3007 13750.773 1724.09 
1176 5137 2988 13754.968 1725.314 
1146 5197 2947 13758.49 1724.387 
1137 5197 2978 13763.658 1724.666 
1125 5177 3000 13755.68 1723.691 
1166 5173 2974 13760.518 1723.847 
1152 5168 2984 13744.009 1723.526 
1140 5187 2971 13758.272 1724.646 
1136 5198 2987 13767.329 1725.578 
1174 5142 2998 13755.018 1724.856 
1125 5178 3000 13755.568 1723.664 
1132 5203 2964 13758.004 1723.765 
1157 5171 2998 13758.073 1723.025 
1117 5227 2967 13763.55 1725.411 
1115 5224 2980 13763.041 1724.408 
1100 5213 2998 13759.974 1723.645 
1101 5213 2996 13760.013 1723.598 
1140 5184 2982 13743.109 1723.252 
1138 5198 2972 13754.385 1724.078 
1125 5204 2962 13763.523 1725.664 
1124 5205 2963 13763.708 1725.666 
1124 5214 2983 13759.599 1723.819 
1154 5165 2983 13747.37 1723.256 
1148 5159 2986 13742.342 1723.269 
1122 5214 2971 13759.391 1724.614 
1173 5155 2965 13755.03 1723.526 
1153 5152 3015 13749.828 1724.708 
1125 5207 2959 13761.316 1725.178 
1122 5212 2966 13759.238 1724.859 
1137 5196 2993 13763.455 1725.798 
1132 5174 2994 13753.842 1724.019 
1147 5187 2968 13760.424 1724.153 
1176 5140 3001 13756.294 1724.496 
