495 1992 1239 13947.891 1748.355 
535 1949 1276 13954.214 1748.302 
507 1989 1238 13952.052 1748.818 
525 1941 1281 13935.346 1745.923 
513 1984 1245 13949.699 1747.794 
514 1969 1262 13955.71 1750.758 
512 1991 1230 13950.766 1747.996 
518 1984 1240 13949.732 1748.199 
537 1950 1279 13950.468 1748.693 
534 1966 1252 13955.106 1749.079 
513 1984 1237 13957.292 1751.294 
536 1954 1265 13948.785 1749.86 
530 1960 1280 13958.8 1749.92 
544 1944 1272 13945.568 1748.319 
526 1964 1276 13958.83 1749.997 
518 1984 1240 13949.644 1748.571 
534 1964 1265 13957.922 1749.078 
532 1971 1264 13963.78 1749.855 
511 1986 1240 13947.244 1748.21 
535 1964 1260 13963.917 1749.542 
536 1958 1255 13954.367 1750.545 
523 1981 1262 13952.821 1748.285 
495 1987 1216 13928.033 1749.19 
509 1974 1265 13961.286 1750.323 
522 1981 1256 13962.205 1750.556 
529 1967 1269 13945.324 1748.779 
517 1989 1236 13951.824 1747.249 
509 1986 1240 13951.255 1748.468 
534 1957 1268 13956.143 1747.32 
521 1975 1268 13957.84 1749.439 
514 1977 1263 13969.662 1750.15 
521 1983 1260 13963.421 1750.307 
535 1959 1263 13953.2 1748.097 
539 1953 1277 13940.83 1746.296 
508 1987 1240 13951.451 1748.501 
536 1953 1268 13948.761 1750.17 
521 1977 1265 13961.751 1749.327 
534 1951 1274 13955.318 1748.615 
537 1952 1259 13944.769 1745.739 
514 1971 1261 13958.423 1751.129 
527 1978 1246 13969.835 1751.208 
537 1954 1258 13949.435 1749.721 
534 1951 1264 13944.355 1750.247 
528 1980 1260 13968.459 1750.837 
530 1979 1264 13968.548 1750.462 
516 1998 1241 13952.361 1747.902 
531 1969 1267 13965.325 1749.269 
490 1994 1227 13936.772 1748.857 
525 1981 1249 13955.195 1749.24 
491 1992 1228 13935.225 1748.734 
534 1952 1273 13955.598 1748.521 
511 1985 1243 13947.594 1747.589 
541 1953 1256 13934.575 1744.904 
518 1987 1240 13950.089 1747.583 
541 1948 1279 13946.74 1747.225 
540 1946 1268 13942.339 1747.677 
540 1945 1270 13944.302 1747.294 
534 1951 1276 13954.985 1748.236 
528 1974 1275 13959.52 1750.707 
522 1982 1242 13948.798 1745.689 
545 1928 1246 13920.841 1746.011 
515 1985 1246 13943.495 1746.814 
