464 1968 1143 13844.522 1735.798 
471 1955 1140 13828.008 1736.951 
472 1962 1146 13826.224 1732.542 
468 1973 1136 13857.791 1737.889 
343 2027 983 13685.874 1716.687 
462 1977 1129 13849.969 1734.521 
489 1933 1145 13830.26 1735.311 
457 1976 1151 13861.271 1736.512 
515 1882 1154 13789.118 1729.411 
457 1989 1132 13863.341 1737.458 
476 1958 1144 13821.51 1731.479 
474 1941 1154 13821.038 1735.426 
392 2004 1041 13760.306 1725.807 
459 1970 1142 13845.371 1737.361 
458 1977 1124 13851.945 1737.507 
475 1954 1154 13828.059 1732.961 
495 1924 1128 13803.014 1731.495 
461 1980 1127 13852.651 1736.434 
458 1979 1129 13848.701 1736.09 
386 2018 1038 13755.876 1725.067 
486 1940 1135 13807.835 1730.1 
458 1977 1143 13853.081 1736.598 
472 1960 1139 13821.731 1733.741 
491 1933 1132 13808.237 1733.064 
478 1954 1119 13814.913 1733.413 
391 2006 1043 13749.901 1724.724 
477 1957 1145 13822.358 1731.548 
477 1934 1142 13822.068 1734.958 
470 1959 1145 13840.441 1737.902 
377 2023 1034 13745.652 1723.415 
492 1920 1135 13807.163 1730.226 
379 2016 1044 13745.039 1724.772 
461 1960 1144 13835.947 1735.399 
425 1998 1084 13803.103 1731.563 
489 1934 1146 13819.457 1734.082 
491 1921 1134 13807.33 1730.239 
377 2018 1042 13744.608 1725.194 
372 2016 1039 13740.46 1726.001 
505 1888 1150 13792.37 1730.417 
394 2006 1038 13753.778 1725.392 
495 1905 1130 13784.021 1730.036 
399 2002 1046 13763.094 1726.551 
372 2019 1037 13737.462 1725.5 
371 2017 1039 13744.134 1725.409 
388 2012 1057 13752.332 1725.01 
495 1915 1129 13783.137 1727.123 
388 2015 1049 13761.514 1727.216 
497 1903 1134 13789.503 1729.235 
499 1912 1122 13789.135 1730.294 
494 1912 1155 13807.76 1731.221 
492 1882 1157 13764.77 1726.87 
495 1905 1129 13784.113 1730.036 
383 2009 1054 13747.67 1725.463 
497 1910 1138 13791.152 1728.881 
371 2026 1037 13744.874 1726.148 
502 1910 1130 13796.32 1729.305 
487 1938 1134 13821.989 1731.568 
502 1902 1134 13787.153 1729.163 
390 2009 1044 13757.169 1725.922 
481 1939 1139 13812.709 1738.112 
484 1953 1161 13844.324 1734.443 
475 1957 1155 13827.416 1732.382 
390 2011 1058 13753.339 1725.032 
475 1957 1139 13826.737 1735.794 
472 1954 1141 13832.996 1737.296 
489 1931 1151 13812.826 1731.297 
397 2003 1045 13759.73 1726.264 
474 1953 1145 13839.302 1737.682 
499 1915 1124 13793.997 1730.123 
463 1971 1155 13854.437 1735.34 
499 1904 1133 13797.345 1731.676 
389 2007 1039 13766.409 1726.527 
385 2007 1051 13750.015 1725.796 
455 1995 1135 13870.639 1739.034 
