638 3895 1946 13555.966 1696.514 
855 3753 2102 13644.267 1709.413 
823 3810 2115 13662.753 1711.242 
768 3860 2078 13639.816 1709.068 
811 3838 2088 13668.342 1710.645 
765 3872 2050 13648.018 1710.916 
859 3759 2113 13650.395 1708.565 
843 3785 2110 13652.711 1709.258 
806 3831 2103 13646.974 1709.179 
829 3796 2093 13655.715 1710.553 
729 3864 2057 13607.34 1703.735 
841 3781 2080 13650.703 1710.153 
805 3821 2099 13661.932 1710.781 
824 3809 2115 13662.147 1711.083 
794 3849 2080 13654.664 1709.351 
833 3805 2083 13654.907 1710.836 
746 3861 2068 13613.758 1704.572 
726 3886 2031 13618.514 1705.626 
840 3789 2135 13657.19 1712.256 
811 3840 2082 13660.124 1709.391 
838 3792 2109 13657.783 1711.041 
798 3839 2082 13659.345 1710.991 
782 3860 2048 13644.535 1708.805 
846 3801 2145 13672.496 1708.891 
826 3800 2132 13651.765 1711.485 
838 3826 2142 13680.581 1710.549 
877 3659 2064 13577.749 1698.434 
822 3835 2085 13667.777 1710.216 
815 3825 2088 13660.673 1710.86 
723 3879 2029 13617.077 1705.846 
847 3764 2129 13650.018 1708.644 
860 3758 2113 13650.31 1708.564 
811 3835 2092 13678.964 1712.188 
776 3861 2067 13659.422 1711.522 
792 3850 2068 13658.96 1711.015 
785 3833 2111 13640.213 1709.212 
826 3805 2104 13666.806 1710.621 
822 3811 2113 13661.945 1711.047 
873 3724 2110 13635.832 1707.01 
793 3850 2068 13658.935 1711.014 
841 3775 2133 13650.607 1709.435 
820 3815 2071 13655.739 1710.604 
840 3791 2100 13657.12 1711.461 
856 3762 2117 13650.811 1708.533 
726 3875 2022 13615.932 1705.853 
725 3877 2023 13616.69 1705.92 
842 3767 2087 13645.147 1709.347 
792 3854 2075 13653.791 1709.369 
785 3852 2041 13644.41 1709.515 
818 3828 2083 13663.762 1711.228 
862 3745 2098 13641.058 1709.287 
849 3776 2117 13659.287 1709.329 
846 3781 2109 13648.392 1709.239 
799 3848 2064 13660.825 1711.656 
810 3836 2091 13678.411 1712.18 
780 3851 2104 13650.124 1710.429 
882 3656 2079 13589.819 1699.571 
729 3873 2045 13616.578 1706.369 
863 3743 2100 13641.362 1709.333 
861 3741 2136 13651.304 1709.602 
772 3863 2037 13642.717 1708.7 
851 3750 2120 13637.405 1707.91 
807 3842 2078 13660.957 1711.329 
