814 3900 2115 13690.05 1714.274 
826 3877 2135 13697.829 1718.205 
808 3910 2169 13704.516 1715.484 
861 3763 2121 13640.383 1706.981 
763 3942 2076 13696.308 1717.686 
863 3713 2176 13625.319 1710.958 
801 3913 2183 13710.295 1716.961 
844 3829 2199 13685.238 1714.226 
817 3875 2210 13703.936 1715.722 
816 3887 2176 13693.239 1713.456 
862 3714 2175 13625.309 1710.866 
844 3841 2179 13683.288 1715.496 
804 3909 2147 13703.159 1716.395 
858 3816 2170 13674.548 1712.477 
817 3888 2148 13706.5 1715.592 
764 3940 2075 13695.0 1717.534 
809 3881 2200 13703.689 1716.2 
785 3935 2151 13699.713 1717.065 
817 3888 2161 13688.911 1714.524 
827 3829 2196 13677.844 1715.551 
796 3912 2158 13708.758 1716.964 
815 3888 2164 13695.24 1714.885 
865 3713 2166 13633.047 1707.252 
765 3939 2075 13694.765 1717.52 
837 3881 2176 13704.555 1716.86 
877 3726 2154 13648.794 1711.964 
814 3896 2153 13693.329 1714.421 
804 3905 2180 13703.819 1717.469 
783 3912 2110 13694.514 1718.665 
827 3863 2152 13694.163 1716.893 
863 3714 2166 13631.548 1707.209 
814 3899 2163 13698.919 1713.525 
823 3852 2182 13692.773 1717.457 
862 3756 2149 13649.857 1712.047 
822 3852 2182 13692.593 1717.479 
860 3771 2140 13656.237 1712.873 
764 3940 2074 13694.769 1717.549 
808 3884 2186 13703.793 1717.919 
824 3885 2152 13688.46 1714.935 
776 3924 2119 13700.595 1718.84 
822 3883 2149 13691.996 1717.94 
858 3768 2158 13657.731 1713.14 
810 3896 2171 13702.688 1716.95 
811 3899 2129 13698.684 1717.787 
863 3757 2150 13649.923 1712.022 
758 3945 2087 13686.695 1716.338 
812 3890 2131 13696.14 1717.575 
811 3893 2181 13703.497 1716.439 
861 3715 2173 13625.339 1710.869 
777 3923 2119 13700.828 1718.836 
812 3906 2151 13693.585 1714.812 
802 3916 2161 13705.537 1717.482 
818 3871 2204 13700.338 1718.651 
807 3896 2180 13704.159 1715.998 
821 3874 2192 13705.519 1716.54 
793 3904 2121 13700.483 1718.137 
879 3670 2117 13591.949 1703.657 
843 3862 2190 13702.173 1716.789 
762 3942 2090 13688.393 1716.04 
813 3891 2194 13704.412 1716.92 
808 3880 2213 13706.766 1716.437 
809 3923 2153 13697.818 1714.016 
809 3876 2199 13704.17 1716.759 
858 3776 2183 13664.316 1711.99 
850 3814 2157 13669.649 1714.844 
786 3933 2148 13698.087 1716.344 
816 3893 2150 13696.857 1715.636 
856 3825 2180 13683.593 1714.226 
809 3922 2171 13701.094 1716.178 
812 3897 2149 13694.313 1713.823 
