165 720 449 14204.396 1784.981 
195 688 460 14183.822 1785.54 
189 706 452 14201.365 1783.398 
207 676 459 14127.144 1775.542 
169 715 446 14176.964 1788.546 
189 700 456 14217.168 1789.623 
161 727 450 14207.036 1789.841 
202 696 456 14188.188 1784.876 
196 689 457 14192.408 1785.587 
195 694 463 14179.338 1785.389 
211 675 469 14165.891 1784.037 
192 694 462 14212.845 1789.132 
168 715 454 14187.653 1780.726 
192 695 461 14215.318 1789.894 
169 718 418 14120.582 1772.583 
191 698 457 14217.624 1789.833 
214 665 467 14127.668 1775.857 
187 708 452 14152.646 1781.587 
201 687 457 14168.024 1781.518 
172 713 443 14198.854 1790.188 
191 699 449 14192.716 1785.454 
188 705 448 14186.63 1786.047 
206 677 458 14124.971 1775.337 
166 725 447 14190.953 1780.428 
165 723 444 14211.897 1791.578 
166 707 453 14153.996 1781.4 
200 685 459 14165.249 1778.749 
165 718 453 14183.075 1786.893 
177 709 450 14146.874 1781.88 
190 699 456 14216.556 1789.621 
196 694 454 14201.876 1784.488 
163 722 449 14169.978 1781.161 
201 681 461 14173.736 1784.527 
206 680 449 14127.474 1776.729 
198 682 467 14175.573 1780.569 
198 701 451 14175.594 1783.896 
167 709 451 14177.286 1784.006 
187 706 447 14185.979 1785.929 
192 697 457 14213.348 1787.233 
163 724 436 14197.557 1784.643 
166 720 447 14187.104 1786.922 
211 674 470 14162.89 1783.539 
198 701 454 14187.106 1782.736 
163 724 436 14198.91 1784.532 
189 707 451 14149.423 1780.035 
205 687 454 14161.641 1784.144 
205 680 467 14179.677 1781.723 
170 711 447 14176.179 1789.536 
171 709 450 14184.85 1783.449 
182 700 460 14155.623 1784.5 
199 700 450 14174.914 1783.875 
165 721 446 14188.791 1786.887 
193 693 456 14190.802 1787.075 
162 723 446 14173.543 1781.104 
187 707 443 14197.382 1786.882 
181 706 458 14158.095 1784.47 
167 718 443 14200.308 1789.955 
179 701 459 14139.814 1778.601 
199 693 458 14190.543 1784.84 
202 686 458 14168.068 1781.525 
178 707 450 14143.358 1782.72 
173 708 451 14182.995 1787.413 
193 695 451 14189.61 1786.617 
167 719 435 14176.008 1783.477 
215 664 468 14128.16 1775.97 
170 714 439 14180.513 1785.404 
185 712 449 14216.388 1788.455 
164 719 453 14179.282 1786.413 
163 722 446 14203.765 1785.401 
176 713 447 14157.491 1777.159 
187 704 458 14221.357 1790.403 
191 696 461 14212.707 1789.337 
202 684 466 14166.964 1784.374 
