836 3858 2175 13677.894 1713.326 
811 3905 2149 13699.307 1716.901 
837 3867 2167 13698.128 1716.794 
839 3860 2171 13693.063 1716.389 
815 3879 2153 13692.293 1717.944 
723 3940 2035 13654.257 1711.424 
739 3930 2049 13657.793 1711.59 
791 3910 2136 13692.056 1717.307 
754 3928 2071 13668.201 1711.157 
826 3874 2163 13692.554 1717.591 
886 3696 2163 13633.847 1705.677 
881 3704 2146 13637.586 1705.924 
799 3912 2155 13696.202 1716.174 
831 3902 2156 13706.354 1717.336 
804 3927 2134 13701.545 1717.975 
806 3908 2142 13697.574 1717.121 
811 3886 2162 13699.304 1717.862 
828 3881 2176 13700.824 1716.557 
877 3698 2150 13640.644 1706.121 
835 3874 2174 13697.021 1716.419 
876 3697 2135 13633.454 1707.391 
863 3723 2151 13639.651 1707.002 
825 3887 2183 13696.523 1715.41 
836 3893 2156 13701.117 1716.274 
720 3952 2034 13657.657 1711.65 
847 3844 2152 13682.25 1714.671 
754 3929 2070 13668.847 1711.249 
864 3720 2143 13637.174 1707.076 
869 3708 2151 13636.971 1707.378 
872 3715 2144 13639.977 1706.344 
738 3941 2076 13669.164 1711.057 
876 3706 2162 13636.018 1705.645 
862 3727 2133 13631.696 1705.113 
869 3720 2138 13638.169 1705.34 
867 3718 2142 13637.76 1707.764 
861 3732 2148 13647.77 1709.395 
842 3856 2174 13684.185 1714.767 
848 3841 2160 13674.381 1712.617 
825 3884 2178 13701.048 1716.788 
878 3697 2149 13640.725 1706.136 
845 3884 2166 13700.768 1717.302 
830 3888 2165 13696.787 1716.305 
742 3929 2053 13659.947 1711.794 
832 3894 2157 13704.589 1716.856 
866 3710 2167 13643.536 1707.954 
846 3856 2145 13686.88 1714.927 
861 3732 2147 13647.691 1709.453 
871 3725 2147 13637.182 1705.596 
829 3874 2176 13689.528 1716.571 
737 3942 2075 13669.279 1711.076 
834 3878 2172 13696.779 1716.392 
848 3847 2159 13672.181 1712.336 
846 3848 2157 13676.294 1713.27 
877 3698 2148 13640.7 1706.247 
882 3692 2165 13627.569 1704.305 
844 3871 2171 13698.345 1715.669 
834 3891 2147 13701.059 1716.644 
850 3840 2170 13688.235 1715.91 
860 3720 2157 13637.81 1706.138 
745 3931 2057 13654.84 1710.629 
861 3726 2150 13642.479 1708.019 
875 3705 2156 13642.944 1708.493 
867 3722 2151 13636.233 1705.703 
811 3908 2157 13698.694 1716.3 
873 3719 2156 13642.357 1706.284 
847 3850 2141 13683.751 1714.838 
813 3907 2161 13694.352 1716.522 
876 3705 2161 13638.796 1705.497 
822 3897 2181 13698.75 1717.345 
865 3716 2152 13642.379 1708.404 
855 3839 2168 13687.165 1715.884 
865 3725 2142 13638.879 1707.525 
807 3910 2169 13698.725 1717.017 
875 3707 2162 13635.991 1705.64 
883 3701 2156 13638.026 1706.518 
870 3719 2148 13642.463 1707.033 
868 3706 2167 13635.3 1706.02 
833 3878 2168 13705.612 1716.928 
840 3857 2172 13682.987 1714.548 
