1031 5114 2769 13637.831 1703.228 
1090 5017 2794 13622.762 1700.571 
1063 5077 2780 13632.819 1703.959 
1118 4981 2811 13629.035 1700.564 
1121 4989 2806 13628.665 1701.845 
1054 5071 2692 13623.667 1704.597 
1014 5131 2663 13639.457 1708.53 
1060 5073 2801 13639.081 1702.059 
1061 5056 2668 13620.974 1705.106 
1099 4996 2782 13604.084 1699.814 
1054 5056 2826 13622.025 1702.949 
1051 5077 2685 13631.838 1706.912 
1097 5013 2798 13629.355 1703.176 
1016 5128 2664 13638.521 1708.291 
1035 5082 2793 13627.241 1702.208 
1039 5097 2771 13637.875 1705.508 
1103 4987 2819 13609.642 1700.071 
1062 5077 2780 13632.79 1703.962 
1085 5011 2814 13616.092 1700.848 
1107 4981 2821 13611.653 1700.143 
1036 5096 2787 13639.648 1703.13 
1043 5097 2694 13636.684 1707.274 
1093 4991 2818 13611.008 1699.244 
1095 5008 2809 13629.999 1703.013 
1027 5120 2693 13634.877 1707.455 
1058 5057 2812 13619.105 1702.584 
1027 5103 2762 13632.022 1704.805 
1043 5099 2704 13636.963 1707.088 
1087 4971 2830 13604.432 1699.344 
1073 5036 2794 13628.265 1702.766 
1045 5098 2699 13635.486 1707.032 
1085 5031 2789 13621.44 1702.138 
1049 5079 2778 13622.168 1701.905 
1029 5118 2696 13632.765 1707.637 
1082 5028 2791 13621.552 1701.577 
1045 5091 2697 13638.951 1707.7 
1067 5057 2786 13632.114 1702.962 
1084 5020 2820 13622.091 1700.59 
1043 5089 2704 13636.346 1707.705 
1050 5096 2702 13633.63 1707.502 
1032 5076 2801 13617.165 1700.988 
1026 5107 2707 13633.009 1707.653 
1039 5077 2797 13622.655 1703.484 
1039 5121 2692 13639.76 1707.634 
1048 5089 2706 13637.79 1707.496 
1013 5132 2662 13638.967 1708.413 
1035 5106 2704 13633.173 1707.029 
1083 5021 2819 13622.012 1700.584 
1015 5130 2662 13638.723 1708.462 
1069 5050 2827 13627.643 1701.861 
1014 5129 2663 13639.154 1708.556 
1075 5015 2807 13611.703 1701.038 
1073 5055 2788 13630.496 1702.923 
1044 5085 2711 13635.64 1707.595 
1049 5078 2779 13621.868 1701.887 
1088 4976 2814 13608.757 1700.53 
1030 5114 2694 13635.517 1707.667 
1036 5101 2693 13636.128 1707.644 
1066 5067 2763 13623.998 1702.625 
1043 5086 2711 13635.581 1707.581 
1033 5075 2802 13617.566 1701.008 
1039 5105 2713 13635.419 1707.642 
1075 5028 2816 13615.604 1700.564 
1031 5112 2700 13631.209 1707.396 
1045 5108 2702 13639.298 1707.002 
1042 5090 2696 13635.707 1707.863 
1079 5028 2785 13622.281 1701.131 
1038 5102 2696 13636.036 1707.16 
1038 5080 2797 13623.707 1703.535 
1033 5107 2700 13631.497 1707.171 
1088 4970 2832 13604.611 1699.384 
1034 5119 2692 13638.164 1707.825 
1033 5106 2704 13632.245 1707.402 
1047 5063 2804 13630.395 1703.826 
1076 5033 2785 13627.114 1702.601 
1045 5104 2692 13642.796 1708.345 
