939 4544 2524 13704.342 1719.923 
926 4579 2517 13705.971 1719.863 
979 4255 2377 13535.844 1693.602 
953 4559 2527 13707.927 1717.954 
963 4544 2510 13697.694 1717.566 
944 4522 2536 13697.427 1718.56 
966 4541 2510 13705.548 1717.752 
911 4610 2489 13715.609 1719.885 
963 4532 2533 13710.892 1718.941 
954 4556 2504 13715.649 1720.341 
964 4520 2524 13700.103 1718.201 
966 4538 2493 13702.709 1718.299 
957 4545 2510 13715.771 1718.268 
972 4524 2506 13701.867 1718.002 
977 4251 2385 13534.694 1693.419 
953 4539 2529 13709.954 1718.647 
963 4534 2498 13705.951 1719.038 
954 4536 2526 13697.932 1717.549 
971 4518 2517 13696.674 1716.829 
918 4584 2514 13703.617 1719.828 
931 4577 2511 13703.995 1719.812 
955 4535 2526 13702.636 1718.015 
952 4560 2526 13707.741 1717.921 
960 4550 2511 13702.384 1718.525 
946 4520 2537 13699.33 1717.937 
929 4580 2513 13704.454 1719.83 
980 4249 2391 13537.407 1693.32 
936 4562 2525 13701.0 1717.868 
923 4579 2522 13699.332 1718.166 
965 4518 2519 13698.453 1718.267 
966 4531 2517 13701.222 1717.827 
921 4582 2520 13699.018 1718.03 
959 4541 2514 13701.516 1717.122 
977 4251 2384 13535.262 1693.522 
928 4574 2515 13710.607 1719.652 
958 4554 2499 13698.868 1719.336 
962 4546 2495 13703.101 1718.485 
942 4567 2523 13710.655 1718.231 
975 4524 2505 13701.223 1717.534 
938 4582 2504 13717.48 1719.251 
962 4535 2497 13705.426 1718.966 
949 4567 2505 13707.588 1719.955 
953 4539 2530 13709.923 1718.641 
948 4561 2506 13707.97 1718.792 
927 4581 2514 13704.989 1719.943 
980 4250 2389 13536.137 1693.244 
944 4573 2488 13707.942 1719.475 
927 4602 2506 13720.17 1720.354 
945 4569 2520 13715.944 1719.454 
977 4252 2383 13535.596 1693.508 
945 4570 2519 13716.33 1719.509 
942 4573 2496 13714.625 1720.234 
948 4571 2491 13706.59 1719.738 
979 4256 2393 13535.34 1693.358 
945 4545 2524 13706.698 1718.251 
943 4571 2519 13708.435 1719.652 
930 4578 2509 13704.805 1720.156 
947 4563 2503 13708.312 1719.828 
958 4527 2512 13700.707 1719.095 
932 4585 2509 13710.113 1718.893 
928 4593 2503 13710.68 1719.244 
976 4255 2383 13537.547 1693.451 
947 4551 2513 13701.313 1719.729 
957 4560 2523 13714.361 1719.456 
922 4603 2492 13712.945 1718.556 
959 4549 2502 13717.295 1719.275 
981 4250 2388 13538.062 1693.44 
930 4589 2509 13714.564 1719.059 
944 4564 2507 13712.838 1719.734 
926 4582 2512 13704.455 1719.843 
978 4251 2387 13536.455 1693.338 
946 4558 2492 13715.168 1719.001 
934 4587 2484 13710.863 1720.213 
946 4557 2508 13708.205 1719.665 
935 4593 2499 13716.852 1719.723 
931 4588 2509 13714.682 1719.086 
944 4550 2511 13701.763 1719.657 
934 4589 2507 13711.347 1718.683 
933 4588 2491 13708.899 1719.853 
944 4571 2504 13710.293 1719.189 
937 4580 2485 13716.765 1720.373 
930 4578 2513 13711.466 1719.548 
931 4591 2487 13708.384 1720.267 
939 4580 2509 13708.889 1719.967 
