622 2543 1452 13752.468 1724.045 
538 2642 1483 13743.955 1719.13 
590 2613 1465 13794.478 1730.883 
597 2598 1482 13801.493 1732.347 
618 2541 1501 13767.761 1727.241 
586 2603 1476 13788.688 1727.849 
553 2622 1422 13765.094 1732.538 
593 2594 1485 13780.402 1728.488 
597 2588 1492 13790.668 1730.92 
608 2584 1480 13790.023 1729.432 
541 2626 1489 13733.046 1719.068 
536 2638 1485 13736.297 1719.835 
527 2645 1464 13725.403 1718.797 
615 2560 1484 13779.361 1729.995 
607 2578 1492 13785.161 1731.686 
605 2596 1482 13801.736 1731.522 
609 2571 1463 13781.243 1729.429 
525 2645 1470 13724.826 1717.252 
620 2537 1500 13758.008 1726.911 
592 2611 1466 13793.497 1730.732 
593 2606 1466 13792.378 1730.365 
544 2620 1488 13732.205 1718.741 
608 2577 1497 13788.295 1730.913 
525 2644 1481 13733.087 1718.203 
612 2568 1484 13776.969 1729.734 
548 2616 1480 13721.928 1716.843 
557 2594 1491 13722.883 1716.49 
610 2569 1468 13790.405 1730.727 
555 2614 1432 13755.713 1731.567 
610 2562 1491 13776.067 1728.61 
522 2649 1482 13734.355 1717.168 
553 2596 1489 13717.753 1716.048 
543 2626 1476 13727.926 1717.064 
566 2612 1437 13773.33 1733.542 
611 2571 1478 13785.502 1729.173 
541 2626 1488 13733.047 1718.933 
589 2599 1482 13788.91 1729.432 
600 2599 1479 13794.651 1732.792 
616 2563 1460 13777.086 1728.172 
583 2604 1481 13786.167 1729.428 
591 2611 1465 13793.828 1730.859 
543 2622 1479 13725.816 1717.969 
545 2622 1482 13719.998 1716.15 
607 2582 1479 13783.322 1730.022 
556 2593 1495 13717.432 1716.746 
521 2652 1482 13735.378 1717.231 
606 2583 1487 13791.58 1732.754 
557 2591 1490 13716.124 1716.624 
557 2621 1428 13771.358 1733.52 
543 2625 1480 13719.014 1715.947 
608 2587 1473 13784.823 1728.785 
606 2580 1475 13793.156 1730.19 
611 2575 1483 13780.441 1728.856 
513 2654 1463 13715.962 1716.043 
591 2612 1467 13794.732 1730.853 
587 2601 1484 13784.114 1728.775 
623 2524 1470 13744.844 1726.769 
621 2531 1493 13758.946 1727.814 
554 2616 1430 13763.51 1733.085 
595 2603 1474 13793.155 1731.206 
547 2618 1471 13729.067 1718.033 
617 2562 1453 13768.005 1726.606 
547 2616 1492 13733.059 1718.899 
540 2628 1490 13734.567 1719.189 
620 2560 1472 13771.493 1726.091 
553 2597 1488 13718.647 1716.243 
612 2542 1497 13761.74 1727.521 
595 2601 1480 13801.986 1732.4 
602 2601 1476 13798.528 1731.414 
622 2544 1459 13740.865 1726.964 
551 2623 1421 13764.229 1732.415 
542 2624 1486 13733.616 1718.743 
554 2595 1489 13718.123 1716.224 
614 2561 1461 13761.648 1728.098 
623 2507 1478 13724.744 1721.458 
595 2600 1481 13801.003 1732.322 
618 2561 1453 13768.127 1726.615 
621 2537 1475 13754.556 1726.271 
604 2591 1489 13800.983 1730.837 
550 2617 1478 13721.229 1715.407 
