631 2644 1512 13846.179 1737.101 
619 2659 1478 13837.741 1731.944 
597 2689 1501 13853.807 1734.959 
615 2652 1529 13847.115 1732.903 
626 2652 1517 13852.424 1737.313 
618 2637 1507 13847.185 1738.213 
641 2616 1510 13835.742 1731.796 
623 2631 1508 13844.702 1737.76 
528 2716 1412 13810.631 1731.872 
608 2679 1463 13836.417 1731.223 
637 2603 1518 13826.523 1731.45 
549 2701 1446 13808.248 1728.402 
637 2607 1511 13834.835 1733.807 
606 2686 1462 13840.168 1732.333 
616 2659 1513 13841.466 1734.46 
519 2725 1426 13810.48 1731.933 
611 2670 1471 13841.683 1733.422 
635 2634 1521 13846.957 1735.27 
618 2654 1521 13845.017 1735.655 
584 2694 1450 13833.107 1731.202 
549 2700 1442 13812.743 1730.334 
610 2676 1506 13851.643 1737.018 
614 2662 1503 13837.417 1735.058 
636 2621 1515 13842.286 1733.321 
617 2664 1483 13840.611 1731.953 
546 2705 1431 13816.017 1730.422 
632 2643 1513 13846.692 1737.198 
613 2667 1513 13860.17 1737.527 
620 2657 1519 13853.49 1736.924 
614 2668 1496 13847.715 1736.316 
610 2677 1468 13827.011 1728.389 
617 2638 1507 13847.631 1738.314 
529 2715 1435 13814.326 1732.363 
613 2670 1477 13835.559 1730.232 
626 2649 1518 13845.438 1735.439 
529 2711 1436 13795.452 1729.782 
607 2681 1464 13836.005 1731.245 
611 2669 1514 13848.008 1735.096 
611 2661 1521 13855.419 1735.202 
593 2693 1510 13871.449 1738.484 
628 2648 1519 13846.017 1736.368 
632 2641 1525 13855.916 1735.955 
605 2688 1509 13867.196 1738.916 
607 2672 1493 13846.788 1737.876 
612 2668 1507 13857.573 1738.086 
549 2701 1442 13812.951 1730.329 
633 2641 1523 13855.808 1735.945 
616 2645 1510 13853.351 1739.308 
630 2616 1521 13834.62 1736.096 
605 2682 1516 13872.059 1738.703 
