970 4514 2590 13726.335 1722.796 
981 4493 2584 13713.053 1718.382 
905 4614 2537 13729.542 1723.365 
953 4550 2570 13734.96 1722.299 
972 4548 2582 13740.406 1722.226 
970 4545 2560 13733.349 1723.424 
975 4522 2578 13723.772 1721.397 
956 4556 2556 13737.284 1722.087 
902 4614 2515 13731.436 1722.871 
927 4588 2495 13734.135 1721.302 
1008 4480 2563 13720.885 1721.483 
1001 4493 2557 13726.881 1722.628 
929 4575 2514 13718.643 1719.921 
960 4553 2562 13739.826 1722.927 
988 4491 2584 13712.7 1720.802 
917 4601 2538 13735.511 1722.576 
976 4533 2555 13724.894 1720.042 
952 4558 2564 13734.247 1722.544 
1009 4457 2569 13708.271 1718.827 
910 4596 2517 13724.17 1722.781 
936 4569 2508 13717.464 1720.97 
972 4540 2572 13730.529 1722.739 
959 4547 2572 13734.957 1722.415 
903 4612 2516 13730.962 1722.779 
927 4588 2496 13734.093 1721.3 
984 4510 2559 13721.796 1722.422 
1010 4445 2580 13704.1 1718.903 
949 4566 2555 13736.601 1720.919 
918 4604 2483 13721.794 1720.98 
993 4469 2569 13718.413 1721.258 
957 4560 2551 13733.128 1722.787 
975 4521 2581 13728.451 1722.439 
963 4555 2560 13735.043 1723.045 
983 4528 2562 13723.28 1721.529 
1002 4462 2573 13712.238 1718.914 
1017 4432 2579 13702.165 1717.668 
980 4495 2578 13712.57 1718.814 
889 4634 2508 13729.015 1722.479 
920 4578 2520 13719.51 1720.509 
972 4540 2572 13730.279 1722.742 
993 4516 2563 13722.035 1721.569 
965 4536 2575 13725.982 1722.499 
1000 4470 2565 13712.68 1718.953 
937 4568 2508 13717.661 1720.976 
955 4551 2565 13727.784 1722.692 
938 4587 2487 13720.854 1720.554 
1001 4463 2571 13711.988 1718.895 
984 4525 2546 13727.84 1720.903 
981 4500 2576 13717.723 1719.595 
909 4597 2518 13724.489 1722.905 
942 4565 2550 13725.48 1722.101 
917 4560 2511 13711.755 1723.173 
930 4592 2484 13722.331 1721.012 
984 4535 2530 13734.365 1721.234 
1000 4469 2566 13712.298 1718.93 
982 4530 2573 13729.701 1722.158 
949 4552 2567 13734.75 1722.041 
937 4589 2486 13721.315 1720.625 
989 4483 2584 13714.961 1719.192 
929 4597 2488 13725.047 1720.873 
908 4597 2519 13723.248 1722.67 
909 4557 2524 13708.644 1723.43 
897 4627 2528 13732.291 1722.976 
989 4518 2530 13725.319 1720.694 
907 4552 2509 13704.851 1723.546 
992 4471 2568 13718.627 1721.307 
984 4491 2583 13720.181 1719.719 
985 4522 2544 13724.883 1720.558 
935 4579 2508 13719.124 1720.073 
988 4484 2583 13714.967 1719.191 
1000 4460 2587 13709.675 1718.642 
994 4510 2560 13730.947 1721.048 
997 4517 2557 13730.773 1723.113 
935 4575 2500 13718.448 1720.403 
931 4588 2498 13720.303 1720.392 
967 4554 2560 13737.521 1722.881 
990 4470 2578 13706.295 1717.677 
988 4476 2586 13707.514 1720.149 
969 4542 2574 13738.994 1723.766 
900 4619 2530 13732.599 1723.082 
990 4494 2576 13722.227 1720.923 
975 4520 2581 13728.46 1722.461 
1008 4453 2577 13707.532 1719.407 
993 4498 2567 13726.865 1719.843 
