182 705 450 14150.013 1779.287 
188 691 451 14128.884 1770.398 
165 718 445 14164.519 1777.865 
168 715 448 14143.837 1777.499 
192 675 445 14081.009 1767.706 
167 714 446 14158.244 1777.191 
172 706 459 14137.34 1775.818 
182 705 445 14167.919 1778.446 
189 683 450 14101.052 1773.124 
171 711 451 14167.008 1781.888 
196 618 418 13891.263 1750.894 
189 687 452 14139.389 1772.295 
169 715 446 14160.26 1776.312 
160 720 445 14135.433 1777.63 
166 715 448 14160.517 1777.393 
166 719 444 14151.56 1778.549 
170 721 438 14171.496 1779.741 
177 715 443 14167.276 1780.343 
191 680 452 14096.37 1768.356 
172 718 443 14180.49 1782.874 
171 704 452 14165.701 1781.137 
175 713 452 14177.131 1780.054 
187 699 446 14136.923 1774.187 
161 728 442 14172.139 1779.725 
179 710 444 14164.457 1780.74 
160 726 444 14149.343 1777.996 
178 704 462 14180.056 1780.099 
183 693 446 14146.312 1781.182 
165 725 441 14175.017 1779.117 
190 682 453 14105.26 1770.235 
189 692 449 14148.216 1774.673 
163 719 453 14149.28 1775.877 
189 694 446 14141.862 1779.614 
201 611 418 13883.496 1749.212 
199 613 416 13879.24 1748.64 
190 683 453 14108.992 1770.167 
165 719 452 14161.521 1780.293 
187 690 453 14129.597 1774.001 
186 703 463 14180.719 1781.048 
183 700 444 14160.475 1785.296 
176 708 452 14159.75 1782.459 
178 712 453 14164.73 1782.046 
174 712 448 14155.084 1782.099 
173 721 442 14163.543 1779.561 
179 707 448 14157.062 1772.588 
159 719 446 14144.615 1781.035 
162 722 443 14143.855 1777.007 
200 612 421 13887.015 1749.922 
179 705 446 14162.823 1779.137 
173 713 446 14172.612 1781.503 
191 693 449 14142.475 1777.206 
161 728 443 14172.115 1779.722 
