974 4484 2517 13687.861 1714.466 
951 4530 2483 13711.184 1716.062 
1037 4405 2509 13677.488 1714.093 
1036 4394 2527 13677.102 1713.569 
970 4513 2493 13705.673 1717.308 
1006 4444 2530 13690.743 1715.962 
958 4494 2536 13698.765 1717.646 
973 4503 2516 13710.084 1717.119 
953 4535 2477 13714.184 1717.449 
977 4506 2513 13711.77 1717.645 
981 4481 2535 13698.766 1716.043 
970 4510 2532 13713.282 1717.607 
969 4509 2516 13713.771 1717.153 
981 4478 2505 13706.813 1716.988 
1012 4438 2528 13691.586 1715.406 
1016 4433 2549 13689.236 1715.623 
951 4535 2481 13697.141 1716.189 
996 4445 2540 13691.491 1716.809 
974 4481 2519 13697.397 1716.138 
1016 4434 2540 13693.391 1716.237 
1002 4450 2528 13692.103 1716.533 
999 4447 2543 13689.719 1715.811 
1005 4449 2548 13695.111 1715.8 
964 4526 2517 13722.988 1718.786 
985 4469 2557 13698.862 1715.101 
1003 4447 2539 13689.643 1716.122 
998 4468 2549 13704.495 1716.568 
1016 4433 2555 13693.937 1715.133 
1005 4445 2529 13690.774 1715.968 
1017 4432 2555 13693.621 1715.138 
1008 4447 2571 13700.287 1714.968 
944 4553 2491 13718.887 1717.938 
1030 4388 2535 13676.348 1714.356 
1021 4436 2548 13697.873 1715.629 
1005 4467 2573 13710.116 1715.756 
999 4469 2526 13697.801 1715.824 
981 4483 2561 13703.782 1715.844 
1022 4436 2515 13691.373 1714.695 
959 4493 2537 13699.028 1717.679 
1007 4443 2530 13690.695 1715.96 
1035 4395 2532 13681.635 1714.154 
1017 4445 2513 13695.708 1715.772 
998 4480 2523 13702.339 1717.5 
1022 4425 2506 13689.373 1715.288 
1022 4422 2546 13687.938 1715.585 
1034 4422 2532 13695.863 1715.784 
1012 4431 2535 13695.049 1715.752 
1020 4437 2527 13697.679 1715.951 
1037 4379 2523 13668.624 1713.036 
1021 4437 2513 13691.497 1714.71 
1026 4426 2520 13694.178 1715.25 
1025 4427 2534 13688.67 1715.205 
1029 4402 2543 13689.54 1714.982 
1012 4434 2544 13693.792 1715.751 
1013 4439 2542 13689.243 1715.636 
1016 4431 2547 13688.249 1715.919 
990 4470 2524 13693.209 1716.174 
989 4473 2556 13702.851 1715.668 
982 4477 2506 13706.78 1716.984 
1001 4463 2524 13694.013 1716.092 
1011 4442 2555 13698.127 1716.892 
1006 4450 2521 13687.915 1716.021 
