572 2657 1465 13804.892 1732.588 
587 2648 1492 13802.236 1731.201 
564 2659 1477 13797.603 1729.252 
592 2640 1467 13796.163 1731.562 
595 2594 1505 13784.876 1726.697 
617 2564 1521 13778.765 1723.927 
562 2660 1457 13786.999 1731.188 
614 2572 1505 13786.402 1727.28 
592 2627 1480 13789.827 1732.44 
611 2584 1454 13756.394 1724.582 
611 2578 1533 13792.238 1724.909 
583 2649 1481 13805.845 1732.473 
549 2669 1456 13772.022 1725.712 
593 2596 1504 13793.786 1725.967 
609 2619 1475 13794.327 1731.474 
604 2586 1486 13779.195 1724.166 
568 2670 1447 13791.309 1728.4 
597 2602 1497 13791.824 1724.781 
583 2648 1482 13803.519 1731.454 
544 2675 1411 13788.395 1729.809 
599 2589 1505 13790.835 1725.481 
600 2579 1522 13781.032 1723.162 
620 2555 1503 13774.327 1724.023 
600 2602 1492 13792.54 1726.348 
573 2652 1480 13800.945 1730.334 
549 2669 1456 13772.029 1725.42 
597 2632 1465 13788.323 1730.302 
601 2586 1503 13778.753 1726.369 
604 2577 1493 13778.98 1726.545 
589 2636 1477 13796.98 1730.445 
561 2663 1454 13793.28 1731.909 
587 2641 1491 13801.054 1732.072 
619 2542 1510 13768.623 1724.456 
570 2660 1466 13794.451 1730.521 
582 2651 1474 13805.621 1733.234 
598 2627 1475 13781.41 1727.333 
618 2562 1500 13772.915 1724.063 
618 2556 1508 13780.148 1725.255 
610 2618 1476 13793.711 1731.38 
534 2675 1427 13776.21 1729.39 
576 2654 1469 13804.991 1732.588 
592 2603 1494 13793.111 1725.764 
612 2576 1508 13785.211 1726.492 
577 2644 1485 13802.35 1730.952 
535 2674 1429 13777.046 1729.53 
602 2589 1500 13788.405 1726.999 
600 2590 1504 13784.519 1724.253 
596 2638 1463 13790.115 1728.882 
597 2634 1479 13785.14 1727.734 
565 2658 1465 13794.751 1729.411 
606 2575 1492 13777.793 1726.613 
588 2595 1509 13780.825 1724.059 
560 2665 1449 13781.787 1729.706 
609 2619 1478 13792.603 1731.302 
592 2585 1514 13780.391 1722.714 
595 2586 1510 13783.074 1724.053 
593 2635 1472 13793.227 1731.393 
544 2665 1467 13769.105 1725.773 
604 2577 1494 13778.962 1726.542 
563 2657 1479 13795.536 1728.531 
599 2631 1471 13790.371 1731.016 
594 2584 1516 13782.009 1722.986 
604 2586 1485 13779.23 1724.17 
531 2687 1425 13770.972 1727.681 
572 2653 1480 13800.782 1730.305 
613 2570 1527 13785.504 1724.5 
596 2592 1500 13783.468 1724.083 
532 2677 1423 13772.398 1728.844 
588 2638 1489 13795.021 1731.968 
608 2619 1481 13793.191 1731.404 
550 2668 1456 13771.889 1725.406 
605 2580 1515 13787.137 1724.225 
596 2586 1507 13786.156 1724.009 
595 2587 1511 13782.369 1724.37 
563 2659 1478 13793.487 1728.712 
599 2580 1524 13781.608 1723.321 
604 2584 1492 13786.16 1726.393 
541 2673 1441 13763.199 1725.904 
603 2584 1512 13789.904 1726.173 
570 2654 1476 13789.531 1730.14 
596 2591 1506 13782.267 1723.344 
594 2588 1511 13782.352 1724.369 
