1108 5043 2884 13664.273 1709.47 
1113 5022 2869 13654.741 1707.075 
1128 5012 2830 13642.663 1706.566 
1024 5185 2822 13681.166 1713.997 
1124 5014 2810 13633.1 1706.216 
1124 5015 2809 13633.731 1706.361 
1079 5128 2869 13687.162 1712.344 
1001 5209 2814 13678.794 1711.985 
1106 5052 2850 13654.022 1708.746 
1009 5207 2819 13684.377 1712.616 
1023 5183 2841 13685.656 1712.502 
1018 5194 2821 13684.643 1713.541 
1119 5055 2844 13658.541 1709.255 
1078 5137 2872 13690.366 1712.619 
1099 5097 2864 13681.236 1712.74 
1001 5217 2806 13688.229 1713.44 
1121 5028 2820 13639.802 1706.864 
1102 5094 2862 13681.582 1711.985 
1030 5182 2825 13681.542 1711.532 
1025 5191 2816 13683.633 1712.962 
1085 5137 2865 13693.063 1713.493 
1098 5120 2869 13691.718 1712.981 
1087 5123 2873 13688.994 1712.473 
1023 5194 2826 13681.727 1712.193 
1103 5070 2859 13667.523 1709.84 
1018 5205 2818 13692.109 1714.513 
1086 5140 2862 13690.695 1712.963 
1092 5132 2864 13691.416 1712.907 
1129 4999 2786 13629.59 1706.528 
1022 5182 2834 13685.812 1713.577 
1086 5136 2866 13693.269 1713.523 
1025 5192 2816 13684.028 1712.95 
1018 5185 2833 13683.932 1713.477 
1099 5060 2878 13666.077 1710.248 
1023 5188 2821 13686.689 1713.483 
1023 5189 2816 13687.168 1713.662 
1015 5203 2821 13689.166 1714.011 
1123 4990 2834 13632.524 1705.259 
1041 5179 2835 13693.047 1714.634 
1101 5073 2879 13665.34 1709.803 
1124 4989 2835 13632.359 1705.269 
1116 5008 2882 13649.012 1708.162 
1031 5187 2824 13684.776 1712.35 
1100 5035 2886 13653.332 1707.279 
1075 5169 2865 13703.034 1715.319 
1022 5192 2835 13688.704 1713.349 
1045 5170 2855 13691.362 1712.942 
1020 5190 2821 13686.148 1713.382 
1021 5191 2817 13686.115 1713.457 
1021 5183 2836 13680.356 1712.861 
1024 5193 2815 13683.722 1712.983 
1109 5090 2841 13675.009 1711.397 
1029 5187 2832 13689.983 1713.837 
1109 5032 2866 13655.446 1708.86 
1084 5146 2866 13695.482 1713.388 
1120 5017 2879 13656.937 1707.479 
1030 5197 2824 13687.173 1712.738 
1132 4979 2808 13622.762 1704.195 
1093 5108 2873 13680.863 1711.534 
1002 5200 2834 13682.035 1712.766 
1104 5062 2853 13660.504 1709.588 
1098 5090 2884 13670.715 1709.801 
