877 3912 2239 13803.333 1731.893 
872 3922 2240 13812.295 1732.721 
898 3867 2239 13788.861 1729.331 
877 3912 2238 13803.355 1731.894 
898 3869 2244 13787.198 1729.516 
899 3874 2240 13789.007 1729.072 
894 3874 2265 13792.62 1729.841 
899 3866 2240 13788.801 1729.323 
890 3917 2235 13804.979 1731.789 
897 3891 2252 13803.283 1730.372 
876 3922 2242 13806.843 1730.656 
905 3873 2232 13798.29 1729.703 
861 3926 2248 13800.473 1730.11 
858 3942 2232 13804.963 1729.415 
878 3923 2240 13802.943 1731.165 
893 3894 2256 13803.35 1731.911 
909 3825 2218 13765.777 1726.445 
877 3925 2239 13803.185 1731.24 
879 3913 2257 13805.497 1731.452 
889 3911 2258 13813.293 1732.165 
868 3932 2226 13806.039 1730.556 
880 3914 2253 13802.998 1731.429 
871 3912 2242 13805.381 1731.877 
889 3889 2260 13791.345 1729.219 
883 3916 2253 13807.963 1731.02 
860 3938 2233 13804.795 1730.416 
884 3915 2236 13811.179 1731.506 
876 3922 2241 13806.803 1730.722 
866 3931 2247 13807.431 1731.724 
900 3876 2218 13789.721 1728.967 
903 3875 2236 13798.494 1730.645 
877 3918 2241 13800.291 1731.509 
876 3917 2241 13804.326 1730.973 
876 3918 2245 13801.485 1732.214 
856 3940 2249 13806.271 1730.826 
874 3920 2243 13803.865 1730.289 
865 3935 2238 13806.431 1730.567 
904 3874 2232 13798.203 1729.685 
885 3915 2238 13811.843 1731.485 
864 3930 2242 13813.658 1731.886 
899 3885 2228 13798.657 1730.626 
870 3921 2256 13809.683 1732.019 
871 3909 2249 13799.413 1732.199 
889 3918 2234 13805.116 1731.806 
874 3931 2237 13811.137 1731.391 
884 3908 2271 13807.683 1731.376 
870 3924 2256 13806.571 1730.244 
901 3867 2247 13789.238 1728.265 
863 3925 2248 13800.249 1730.042 
863 3923 2251 13802.919 1730.995 
871 3923 2246 13804.028 1731.126 
863 3923 2251 13803.041 1730.924 
897 3892 2251 13803.739 1730.389 
896 3905 2240 13809.135 1731.782 
886 3905 2268 13804.244 1730.855 
866 3927 2248 13800.09 1729.413 
905 3873 2231 13798.605 1729.775 
875 3919 2226 13799.102 1731.338 
867 3925 2244 13798.214 1730.234 
862 3924 2250 13803.0 1730.92 
890 3915 2246 13805.333 1731.668 
912 3845 2216 13779.729 1728.784 
