1110 5133 2879 13703.978 1714.477 
1163 4962 2798 13627.966 1705.128 
1095 5141 2847 13694.898 1715.095 
1124 5110 2891 13700.473 1714.092 
1088 5159 2856 13706.066 1715.019 
1128 5096 2833 13690.069 1712.628 
1128 5067 2875 13682.062 1711.857 
1127 5097 2830 13691.269 1713.145 
1147 5063 2867 13684.728 1713.893 
1112 5131 2876 13709.322 1715.685 
1128 5078 2869 13686.745 1712.865 
1117 5115 2877 13693.66 1712.716 
1106 5133 2852 13701.072 1715.068 
1133 5061 2843 13678.356 1714.325 
1152 5025 2847 13664.378 1712.14 
1094 5141 2847 13695.07 1714.722 
1088 5146 2858 13695.647 1714.067 
1089 5151 2853 13705.671 1714.677 
1135 5049 2843 13674.578 1713.974 
1139 5052 2870 13679.809 1711.759 
1113 5124 2874 13702.439 1714.535 
1155 5013 2863 13664.666 1711.659 
1094 5142 2864 13696.758 1714.481 
1114 5123 2874 13702.436 1714.534 
1139 5053 2869 13679.886 1711.74 
1138 5076 2837 13688.905 1713.164 
1143 5070 2845 13688.629 1712.058 
1093 5158 2854 13702.782 1715.366 
1129 5033 2879 13671.74 1711.452 
1134 5064 2868 13678.448 1713.304 
1142 5046 2871 13680.494 1711.487 
1128 5082 2859 13684.201 1713.83 
1091 5142 2865 13698.874 1714.143 
1164 4972 2828 13632.296 1704.597 
1092 5141 2867 13699.128 1714.083 
1093 5144 2867 13699.404 1713.947 
1158 5014 2826 13663.838 1711.743 
1138 5079 2849 13684.607 1713.498 
1128 5068 2874 13682.616 1711.974 
1133 5065 2868 13678.357 1713.298 
1156 5014 2843 13662.108 1709.343 
1099 5138 2862 13696.513 1714.552 
1153 5024 2847 13664.336 1712.13 
1122 5073 2837 13682.202 1714.883 
1156 5015 2843 13662.092 1709.342 
1093 5136 2860 13697.016 1714.766 
1076 5169 2838 13700.451 1715.316 
1140 5065 2856 13681.855 1713.415 
1140 5069 2841 13680.905 1713.942 
1089 5145 2862 13695.838 1714.408 
1130 5061 2842 13681.39 1714.602 
1161 4951 2845 13633.906 1705.965 
1074 5171 2840 13701.491 1715.224 
1141 5078 2854 13685.965 1713.299 
1086 5155 2863 13696.608 1714.384 
1117 5103 2863 13690.831 1714.415 
1093 5159 2853 13703.375 1715.386 
1134 5059 2845 13678.646 1714.873 
1140 5065 2853 13682.618 1713.723 
1161 4951 2847 13633.723 1705.893 
1140 5070 2840 13681.511 1714.071 
1155 5014 2862 13665.016 1711.679 
1129 5067 2851 13683.898 1714.888 
1132 5059 2850 13679.345 1714.27 
1089 5151 2852 13705.695 1714.678 
1134 5062 2834 13682.397 1715.151 
1089 5158 2843 13701.877 1715.523 
1123 5112 2890 13700.595 1714.157 
1151 5049 2857 13681.443 1713.314 
1142 5047 2870 13680.758 1711.505 
