862 3805 2166 13679.158 1713.478 
798 3962 2173 13736.548 1721.883 
799 3944 2219 13737.021 1719.978 
839 3886 2237 13737.01 1720.577 
834 3905 2237 13740.224 1720.222 
858 3865 2217 13725.594 1720.431 
782 3963 2200 13735.979 1721.72 
780 3970 2188 13731.697 1720.571 
827 3901 2227 13736.054 1720.593 
810 3952 2158 13734.683 1721.979 
817 3938 2201 13744.474 1721.846 
803 3947 2199 13736.322 1722.233 
810 3952 2159 13734.913 1721.956 
852 3870 2237 13727.904 1719.707 
845 3893 2203 13732.604 1720.586 
807 3947 2191 13738.808 1722.262 
802 3922 2223 13728.874 1717.059 
774 3975 2188 13735.832 1722.119 
797 3956 2214 13743.613 1722.296 
784 3960 2213 13735.043 1720.907 
808 3945 2190 13737.941 1722.075 
823 3923 2204 13741.728 1720.969 
793 3959 2207 13737.626 1721.111 
837 3923 2202 13738.071 1721.898 
803 3948 2175 13731.385 1719.315 
774 3966 2197 13732.635 1720.741 
802 3949 2198 13737.088 1722.283 
847 3883 2205 13724.657 1720.104 
790 3943 2222 13732.529 1720.672 
801 3950 2166 13732.505 1720.647 
837 3906 2216 13739.042 1719.798 
797 3961 2201 13744.037 1722.18 
857 3863 2221 13728.282 1718.88 
862 3804 2168 13678.49 1713.396 
799 3932 2216 13728.876 1720.431 
821 3918 2228 13735.435 1720.988 
816 3932 2202 13743.865 1721.184 
829 3917 2205 13733.222 1719.979 
799 3948 2211 13738.899 1721.368 
801 3947 2215 13739.09 1720.973 
810 3919 2226 13737.781 1719.004 
824 3926 2200 13739.307 1721.444 
796 3962 2200 13743.917 1722.167 
810 3919 2226 13737.811 1718.985 
806 3940 2212 13743.216 1722.089 
820 3944 2206 13741.699 1722.76 
827 3907 2224 13731.849 1720.835 
828 3906 2230 13740.497 1720.148 
823 3919 2209 13739.364 1718.597 
826 3913 2210 13740.731 1720.831 
850 3878 2223 13718.874 1718.284 
838 3904 2232 13726.398 1719.601 
765 3971 2190 13724.702 1719.743 
820 3921 2219 13740.333 1720.89 
853 3870 2225 13715.299 1718.489 
854 3876 2214 13729.83 1720.675 
833 3909 2213 13743.06 1719.847 
843 3900 2232 13749.54 1721.184 
848 3893 2234 13727.299 1720.007 
854 3876 2224 13733.016 1720.123 
813 3920 2225 13739.39 1720.009 
815 3941 2209 13740.418 1720.865 
849 3880 2231 13732.595 1719.951 
824 3917 2237 13747.058 1723.221 
837 3902 2216 13737.644 1720.548 
776 3975 2187 13733.736 1720.828 
855 3863 2233 13728.547 1720.334 
827 3916 2219 13736.537 1720.327 
826 3916 2214 13736.662 1720.506 
844 3900 2213 13736.747 1721.703 
763 3977 2176 13727.389 1721.378 
861 3854 2226 13722.571 1718.219 
837 3904 2221 13734.766 1720.62 
845 3871 2240 13726.927 1719.5 
