447 2066 1192 13947.999 1750.615 
433 2070 1174 13935.09 1748.684 
460 2053 1203 13962.155 1751.782 
489 2000 1212 13923.834 1749.957 
452 2060 1194 13957.181 1751.751 
439 2055 1204 13928.426 1749.092 
487 2010 1212 13933.044 1751.955 
447 2061 1196 13941.721 1751.595 
478 2024 1203 13933.101 1748.764 
490 1999 1213 13923.842 1749.96 
439 2062 1194 13941.459 1748.763 
476 2029 1201 13943.368 1750.578 
490 2002 1216 13923.404 1750.019 
443 2059 1201 13946.849 1749.504 
468 2041 1212 13950.633 1751.776 
481 2021 1202 13943.082 1750.061 
488 2003 1226 13924.912 1749.052 
457 2054 1192 13943.265 1749.49 
454 2055 1202 13954.542 1752.602 
427 2081 1156 13941.448 1749.737 
440 2054 1205 13928.619 1749.104 
494 1987 1214 13915.651 1748.852 
460 2053 1202 13962.177 1751.784 
454 2059 1200 13954.782 1751.901 
488 2003 1227 13924.577 1749.065 
488 2008 1220 13932.081 1751.123 
459 2055 1197 13939.9 1748.758 
438 2068 1180 13955.633 1750.465 
492 2007 1219 13933.389 1749.845 
479 2020 1205 13925.752 1749.781 
430 2075 1164 13936.832 1750.239 
447 2065 1179 13943.007 1751.001 
494 1986 1215 13915.546 1748.954 
482 2010 1224 13921.699 1749.585 
461 2051 1195 13936.365 1748.882 
493 1997 1213 13920.957 1748.224 
476 2025 1205 13931.503 1750.798 
480 2020 1207 13931.64 1749.777 
476 2029 1198 13942.849 1751.312 
477 2026 1202 13943.255 1751.299 
484 2005 1222 13919.622 1748.115 
448 2065 1193 13948.01 1750.617 
453 2057 1203 13956.877 1752.69 
456 2054 1201 13954.646 1750.947 
487 2014 1221 13938.884 1751.525 
476 2033 1199 13942.962 1750.432 
474 2047 1211 13955.731 1752.197 
475 2026 1204 13937.599 1750.007 
469 2050 1207 13958.869 1751.857 
