367 1347 882 14050.836 1767.14 
316 1407 831 14076.062 1773.707 
328 1399 833 14018.429 1764.419 
375 1318 879 13989.92 1760.047 
368 1350 859 14035.142 1764.929 
351 1369 863 14062.452 1768.854 
321 1392 842 14049.11 1770.951 
368 1366 855 14081.372 1770.651 
356 1368 880 14058.866 1766.975 
365 1362 874 14066.25 1770.105 
354 1369 876 14032.452 1764.22 
329 1391 841 14011.565 1763.542 
318 1401 837 14068.444 1773.456 
367 1338 884 14042.902 1764.862 
354 1370 851 14061.543 1769.876 
376 1335 863 14041.709 1765.506 
369 1336 875 14037.102 1764.975 
319 1397 842 14058.5 1772.387 
373 1334 866 14035.366 1765.657 
354 1371 851 14062.272 1769.871 
339 1386 845 14026.34 1765.769 
344 1375 877 14012.253 1761.259 
368 1349 868 14039.572 1767.237 
343 1384 856 14050.272 1768.047 
353 1370 852 14060.917 1769.737 
321 1399 837 14067.936 1773.607 
374 1327 876 14016.979 1764.285 
357 1368 872 14060.976 1767.272 
374 1332 874 14034.696 1764.704 
328 1390 840 14063.139 1773.676 
335 1388 851 14037.911 1765.644 
374 1334 873 14042.416 1763.263 
335 1386 848 14038.91 1766.908 
345 1379 861 14055.698 1767.922 
322 1392 830 14058.944 1773.591 
377 1341 866 14048.359 1764.796 
372 1336 878 14052.674 1763.608 
316 1404 835 14063.587 1773.568 
374 1341 865 14047.669 1764.941 
354 1369 869 14060.221 1766.857 
347 1376 852 14032.635 1764.195 
369 1347 871 14033.491 1764.627 
337 1374 862 14016.273 1761.422 
323 1395 835 14056.036 1771.938 
344 1381 850 14046.657 1767.666 
370 1337 885 14018.878 1762.79 
367 1351 867 14039.278 1767.205 
320 1396 841 14058.844 1772.33 
372 1338 872 14030.082 1765.102 
325 1388 844 14062.494 1772.746 
356 1366 857 14061.839 1769.122 
336 1387 851 14038.8 1765.845 
373 1334 880 14029.943 1763.334 
369 1340 876 14039.738 1762.407 
351 1372 859 14052.44 1766.019 
376 1325 874 14026.264 1765.226 
329 1398 832 14018.604 1764.45 
328 1389 842 14062.793 1771.61 
345 1382 849 14041.357 1767.445 
351 1373 861 14055.06 1766.014 
319 1398 841 14066.264 1773.544 
345 1370 862 14021.484 1762.537 
367 1338 884 14042.743 1765.087 
375 1340 869 14037.415 1765.431 
355 1368 858 14043.777 1767.296 
346 1379 849 14038.19 1767.406 
316 1404 836 14069.748 1773.363 
360 1365 864 14073.409 1770.572 
336 1387 852 14038.681 1765.829 
369 1335 878 14029.86 1764.42 
317 1403 836 14070.855 1773.604 
368 1341 880 14028.38 1763.941 
354 1369 868 14060.321 1766.879 
353 1370 857 14043.708 1767.307 
350 1376 849 14042.518 1765.286 
320 1394 840 14061.387 1772.176 
330 1394 833 14012.945 1763.716 
366 1352 866 14039.033 1767.153 
378 1317 872 14008.31 1759.381 
353 1372 853 14062.527 1769.627 
