1020 4542 2646 13759.396 1724.262 
1054 4479 2665 13747.038 1720.446 
1022 4547 2632 13764.713 1724.026 
1024 4537 2667 13773.989 1724.47 
1020 4541 2645 13760.954 1721.545 
1056 4482 2651 13749.176 1721.187 
1018 4547 2643 13759.765 1722.72 
1054 4490 2640 13745.311 1720.334 
995 4581 2620 13763.016 1721.313 
1060 4486 2624 13748.951 1721.349 
1029 4538 2657 13762.872 1723.485 
1063 4465 2622 13744.541 1720.927 
1075 4421 2608 13715.187 1714.748 
1064 4465 2649 13740.953 1718.863 
1054 4489 2645 13748.873 1721.322 
1005 4541 2664 13755.308 1721.963 
1052 4533 2654 13774.277 1724.191 
1029 4543 2639 13770.982 1724.58 
1056 4495 2641 13750.205 1720.223 
1021 4557 2635 13770.146 1725.166 
1051 4493 2667 13754.987 1721.784 
997 4575 2637 13766.622 1722.854 
1017 4547 2641 13768.602 1724.147 
1034 4541 2648 13758.88 1722.754 
1018 4535 2685 13761.583 1721.993 
1072 4447 2659 13735.764 1719.384 
1001 4569 2631 13764.756 1722.914 
1037 4535 2666 13772.537 1724.545 
1001 4573 2632 13763.556 1720.827 
1022 4553 2623 13766.365 1724.234 
1068 4461 2626 13740.838 1720.327 
1062 4466 2634 13746.248 1721.606 
1048 4498 2672 13750.572 1720.375 
1063 4473 2635 13740.145 1720.38 
1015 4550 2659 13764.546 1723.136 
1011 4556 2633 13772.451 1723.68 
1015 4529 2669 13760.301 1722.716 
1016 4557 2657 13767.509 1724.728 
1019 4519 2669 13756.002 1724.279 
1037 4535 2666 13772.893 1724.526 
1020 4547 2641 13766.888 1724.518 
1031 4540 2652 13771.611 1724.293 
1026 4539 2667 13772.47 1724.966 
1008 4568 2628 13765.491 1723.072 
1061 4484 2631 13751.49 1721.588 
1009 4567 2642 13769.784 1723.421 
1026 4546 2644 13773.3 1724.567 
1002 4564 2639 13770.048 1723.628 
1019 4543 2645 13758.372 1724.138 
1018 4558 2637 13771.307 1724.815 
1007 4570 2626 13767.848 1722.66 
999 4568 2616 13765.684 1723.702 
1053 4480 2665 13746.589 1720.372 
994 4602 2629 13781.387 1725.674 
1014 4551 2658 13764.578 1723.138 
1019 4548 2639 13768.621 1724.14 
1059 4467 2660 13742.602 1721.422 
1044 4494 2670 13753.271 1721.715 
1007 4569 2627 13765.429 1723.061 
1019 4543 2657 13766.027 1722.513 
1065 4470 2628 13744.964 1718.839 
1017 4550 2653 13763.676 1724.041 
1035 4530 2667 13768.55 1722.913 
1012 4564 2623 13762.391 1721.967 
1014 4559 2633 13762.684 1722.995 
1038 4526 2645 13766.146 1724.268 
1062 4466 2657 13741.724 1721.604 
1014 4563 2631 13768.396 1723.374 
1040 4534 2664 13767.684 1724.029 
1053 4497 2646 13755.053 1721.56 
1058 4478 2657 13747.013 1721.536 
1000 4576 2644 13770.771 1722.597 
1008 4563 2660 13773.126 1724.58 
1043 4518 2671 13762.331 1723.033 
