1084 5096 2773 13655.585 1712.176 
1048 5154 2797 13665.282 1713.106 
1043 5149 2756 13662.679 1713.45 
1043 5156 2792 13662.195 1711.648 
976 5237 2708 13658.12 1710.813 
1049 5149 2755 13664.374 1712.715 
1079 5106 2773 13656.903 1711.869 
1028 5180 2718 13661.726 1713.965 
1042 5150 2801 13674.462 1714.54 
1086 5093 2761 13652.446 1710.972 
1044 5149 2794 13669.913 1712.696 
1049 5154 2790 13659.631 1712.801 
1066 5123 2805 13677.441 1714.788 
1024 5182 2794 13678.819 1713.466 
1094 5091 2800 13668.14 1712.416 
1042 5154 2800 13676.602 1713.969 
1040 5171 2793 13675.553 1715.127 
1076 5106 2800 13661.246 1710.598 
1073 5099 2802 13661.633 1711.943 
1037 5166 2795 13660.794 1712.146 
1025 5175 2748 13669.337 1713.8 
1027 5172 2758 13669.0 1712.777 
1081 5098 2793 13661.612 1712.358 
1086 5092 2800 13655.646 1711.105 
1066 5157 2767 13669.666 1712.378 
1081 5106 2767 13662.819 1713.146 
1065 5135 2773 13664.553 1712.057 
1038 5165 2796 13661.044 1712.16 
1044 5161 2772 13673.518 1713.44 
1066 5096 2818 13658.938 1713.238 
1023 5193 2775 13670.393 1714.145 
1084 5090 2801 13661.993 1712.268 
1051 5152 2780 13660.096 1711.601 
1049 5155 2779 13657.794 1711.78 
1064 5110 2830 13663.757 1712.458 
1071 5131 2815 13674.813 1714.153 
1077 5128 2785 13663.33 1713.134 
1064 5132 2799 13669.547 1712.647 
1079 5099 2782 13653.755 1710.349 
1041 5162 2780 13671.682 1714.917 
1087 5072 2809 13660.128 1711.328 
1044 5168 2789 13668.347 1712.231 
1061 5140 2829 13667.947 1712.841 
999 5213 2719 13661.506 1710.374 
1062 5147 2811 13677.632 1715.167 
1017 5207 2763 13671.681 1712.027 
1035 5175 2780 13673.199 1712.692 
1082 5105 2768 13663.007 1713.168 
