904 4569 2472 13704.862 1716.42 
927 4567 2493 13708.661 1716.64 
945 4517 2531 13695.516 1714.623 
937 4553 2504 13711.45 1716.734 
965 4475 2535 13688.289 1713.622 
957 4504 2507 13699.221 1715.51 
948 4507 2526 13691.951 1713.892 
945 4537 2492 13706.737 1716.482 
936 4544 2505 13704.396 1715.328 
956 4471 2525 13691.356 1714.308 
948 4507 2527 13691.939 1713.891 
988 4410 2508 13652.783 1709.25 
945 4518 2530 13695.397 1714.616 
974 4443 2527 13670.535 1712.08 
920 4561 2491 13708.746 1715.992 
941 4549 2504 13703.865 1714.742 
932 4544 2509 13702.924 1715.807 
987 4424 2516 13665.708 1711.214 
932 4536 2519 13694.79 1714.346 
951 4524 2525 13705.909 1715.933 
976 4447 2521 13675.139 1711.805 
970 4482 2525 13690.325 1713.297 
931 4537 2520 13695.235 1714.351 
944 4518 2531 13695.647 1714.644 
944 4531 2508 13699.882 1715.962 
981 4429 2525 13667.918 1711.491 
905 4570 2471 13706.822 1716.928 
983 4436 2513 13672.634 1711.442 
918 4564 2493 13710.468 1717.251 
956 4503 2514 13695.309 1715.372 
939 4543 2509 13705.363 1715.796 
955 4525 2521 13708.808 1716.515 
931 4555 2503 13703.75 1716.306 
931 4555 2496 13707.877 1715.542 
942 4533 2516 13705.418 1715.583 
959 4483 2522 13692.674 1715.501 
961 4496 2500 13698.324 1715.829 
927 4560 2496 13711.106 1716.579 
928 4558 2497 13710.819 1716.57 
926 4549 2506 13705.144 1715.58 
951 4538 2504 13701.676 1714.754 
953 4497 2529 13699.969 1716.735 
942 4539 2493 13707.372 1715.119 
974 4496 2517 13702.246 1715.512 
966 4500 2524 13698.661 1714.409 
952 4493 2541 13686.711 1712.373 
978 4434 2528 13666.414 1710.882 
944 4518 2531 13695.254 1714.647 
946 4530 2517 13706.004 1715.434 
970 4468 2536 13684.536 1712.682 
969 4483 2524 13690.146 1713.286 
975 4442 2528 13670.955 1712.082 
912 4572 2470 13707.054 1717.171 
974 4456 2539 13682.109 1711.968 
944 4536 2507 13708.526 1716.876 
947 4544 2505 13703.215 1715.215 
949 4533 2519 13702.522 1715.623 
975 4446 2541 13674.455 1711.779 
945 4528 2498 13700.594 1716.716 
946 4529 2518 13708.612 1716.317 
959 4515 2511 13704.126 1714.856 
950 4530 2514 13700.645 1714.59 
973 4457 2538 13682.098 1711.966 
945 4530 2497 13699.992 1715.683 
955 4477 2528 13691.848 1715.006 
960 4507 2512 13700.306 1715.476 
