638 3235 1770 13671.278 1720.259 
672 3165 1797 13672.734 1718.554 
724 3033 1697 13580.793 1704.594 
678 3168 1795 13655.896 1715.122 
691 3152 1809 13671.364 1717.735 
680 3163 1782 13658.277 1713.091 
658 3181 1805 13673.768 1718.796 
601 3250 1691 13629.155 1710.292 
659 3179 1804 13672.917 1718.587 
640 3238 1764 13666.358 1718.91 
679 3155 1799 13661.28 1716.644 
649 3230 1758 13668.421 1719.446 
694 3128 1796 13650.246 1712.747 
651 3223 1715 13656.591 1716.772 
710 3082 1773 13618.784 1710.288 
717 3036 1685 13572.978 1703.953 
646 3182 1809 13665.864 1717.206 
669 3220 1789 13684.623 1720.778 
694 3125 1794 13644.666 1713.486 
666 3205 1791 13666.156 1715.13 
692 3145 1792 13655.095 1715.672 
682 3174 1766 13666.817 1716.68 
647 3228 1756 13663.846 1719.649 
676 3155 1785 13656.037 1716.815 
704 3150 1782 13675.685 1718.137 
653 3224 1763 13668.245 1716.154 
666 3205 1792 13666.139 1715.126 
643 3227 1780 13673.913 1717.326 
706 3119 1801 13653.935 1716.448 
639 3243 1740 13657.717 1714.085 
700 3125 1792 13642.81 1716.202 
715 3043 1684 13570.263 1703.128 
605 3255 1704 13621.544 1709.17 
649 3215 1788 13685.381 1719.882 
661 3203 1798 13675.035 1718.653 
685 3166 1760 13671.1 1718.566 
604 3256 1703 13622.062 1709.256 
632 3245 1738 13664.246 1718.142 
713 3037 1686 13564.85 1702.202 
661 3196 1801 13672.771 1718.683 
702 3116 1807 13640.159 1715.946 
704 3124 1796 13648.335 1716.249 
682 3162 1779 13659.431 1715.099 
675 3202 1793 13675.18 1719.757 
645 3240 1758 13664.981 1717.928 
691 3152 1808 13671.387 1717.736 
648 3222 1798 13675.207 1717.384 
709 3083 1773 13618.806 1710.293 
647 3240 1748 13669.668 1719.176 
679 3183 1789 13670.076 1715.579 
699 3121 1800 13640.641 1716.45 
677 3170 1790 13649.853 1713.775 
697 3164 1777 13677.539 1719.123 
648 3227 1757 13664.143 1719.7 
702 3158 1784 13675.391 1717.99 
711 3081 1773 13621.847 1712.501 
662 3194 1776 13687.922 1717.925 
662 3197 1788 13685.805 1718.378 
688 3148 1824 13672.913 1718.957 
609 3249 1698 13638.922 1712.95 
670 3180 1796 13663.531 1718.564 
659 3185 1799 13676.527 1718.545 
648 3174 1806 13657.98 1716.422 
674 3202 1800 13675.291 1718.221 
647 3236 1770 13681.133 1718.91 
681 3177 1775 13672.313 1718.333 
681 3180 1770 13661.772 1718.561 
724 3033 1696 13580.859 1704.608 
