825 3882 2262 13748.529 1722.085 
775 3964 2221 13761.409 1724.194 
859 3860 2162 13730.261 1718.211 
808 3914 2242 13759.844 1726.108 
771 3967 2237 13754.432 1725.618 
826 3863 2256 13740.77 1724.453 
836 3913 2255 13765.313 1723.737 
845 3910 2241 13768.743 1727.393 
864 3848 2261 13742.75 1723.494 
830 3924 2224 13768.454 1727.393 
793 3965 2209 13766.722 1726.014 
840 3891 2249 13754.923 1722.845 
822 3907 2243 13763.449 1726.272 
838 3856 2250 13746.632 1723.223 
762 3974 2187 13747.477 1723.764 
746 3973 2157 13734.384 1724.25 
809 3913 2242 13759.536 1726.123 
837 3873 2254 13748.474 1722.21 
779 3941 2239 13758.395 1724.81 
855 3858 2185 13719.501 1717.49 
842 3859 2242 13732.82 1720.918 
747 3972 2156 13733.845 1724.223 
775 3964 2220 13761.502 1724.205 
861 3854 2180 13728.474 1716.917 
806 3934 2228 13749.147 1721.414 
844 3856 2246 13740.804 1719.598 
824 3929 2210 13759.345 1724.216 
849 3852 2252 13735.206 1718.434 
871 3832 2263 13736.733 1722.766 
794 3929 2234 13753.811 1725.563 
804 3935 2232 13753.356 1721.137 
849 3855 2244 13740.404 1721.272 
846 3865 2206 13736.129 1723.159 
825 3912 2225 13757.359 1723.962 
866 3845 2263 13749.636 1724.905 
848 3878 2153 13733.525 1718.955 
790 3934 2227 13745.727 1722.882 
835 3915 2256 13766.208 1723.889 
826 3921 2227 13756.756 1724.496 
849 3864 2157 13720.746 1716.727 
793 3931 2233 13753.667 1725.586 
830 3888 2258 13744.441 1721.558 
816 3922 2237 13763.079 1724.198 
829 3927 2220 13765.022 1727.21 
811 3931 2240 13758.603 1724.29 
803 3893 2247 13742.048 1725.258 
820 3961 2223 13780.496 1727.936 
746 3972 2158 13733.958 1724.172 
828 3912 2240 13756.134 1724.923 
803 3924 2236 13767.079 1727.585 
844 3872 2245 13734.33 1719.498 
786 3971 2193 13760.86 1726.644 
869 3843 2266 13744.424 1723.534 
772 3968 2218 13759.856 1724.258 
830 3881 2271 13749.322 1723.948 
792 3966 2209 13766.827 1726.019 
857 3867 2156 13730.475 1718.995 
853 3859 2189 13725.822 1719.248 
818 3910 2245 13767.129 1726.603 
846 3881 2240 13750.253 1722.393 
797 3901 2257 13741.376 1722.299 
805 3923 2235 13754.285 1724.446 
824 3883 2262 13748.4 1722.018 
850 3851 2254 13735.164 1718.437 
841 3860 2247 13727.164 1717.867 
842 3858 2250 13738.72 1719.556 
859 3852 2181 13729.016 1717.889 
