650 2544 1527 13771.061 1725.659 
631 2573 1492 13769.365 1727.715 
642 2567 1538 13799.74 1730.808 
562 2677 1504 13823.545 1734.337 
586 2628 1519 13808.022 1736.902 
584 2650 1545 13831.524 1737.498 
586 2623 1528 13806.488 1734.269 
550 2699 1486 13830.425 1737.033 
551 2678 1508 13815.741 1736.289 
580 2658 1523 13830.859 1736.696 
552 2684 1507 13824.433 1735.79 
567 2653 1525 13812.361 1734.147 
650 2536 1529 13777.6 1728.823 
541 2691 1488 13805.637 1732.573 
551 2697 1481 13817.077 1733.24 
587 2612 1518 13789.145 1732.006 
598 2601 1507 13783.585 1732.379 
573 2664 1518 13829.175 1735.954 
606 2587 1502 13774.56 1731.298 
640 2568 1536 13798.382 1730.655 
556 2676 1503 13812.163 1735.655 
578 2661 1512 13821.762 1735.724 
595 2603 1484 13777.663 1726.955 
592 2617 1496 13802.347 1735.149 
555 2676 1486 13824.532 1737.141 
570 2669 1506 13820.159 1734.012 
587 2629 1513 13806.398 1734.555 
559 2681 1494 13820.434 1733.533 
562 2659 1514 13821.133 1737.339 
656 2535 1534 13778.551 1728.597 
652 2537 1513 13764.587 1725.018 
554 2690 1490 13814.14 1733.835 
567 2655 1525 13811.113 1734.845 
555 2675 1500 13812.419 1737.128 
590 2650 1507 13826.835 1736.766 
595 2603 1485 13778.187 1726.863 
651 2537 1531 13772.754 1727.235 
592 2623 1506 13810.019 1734.695 
553 2688 1500 13828.085 1736.917 
557 2687 1500 13825.258 1734.491 
573 2662 1510 13821.051 1737.769 
557 2677 1502 13822.91 1735.72 
598 2602 1507 13784.109 1732.249 
650 2539 1526 13778.965 1728.386 
568 2664 1512 13828.554 1736.83 
628 2571 1526 13783.811 1729.668 
568 2677 1493 13820.716 1735.991 
565 2653 1514 13819.246 1736.816 
600 2591 1479 13778.416 1729.968 
650 2539 1525 13779.012 1728.395 
558 2684 1490 13818.653 1733.299 
651 2538 1527 13779.2 1728.411 
556 2678 1501 13822.534 1735.654 
559 2683 1490 13818.651 1733.303 
624 2583 1502 13783.447 1729.499 
585 2659 1512 13835.116 1737.456 
646 2567 1529 13795.131 1728.711 
553 2685 1504 13825.715 1735.574 
574 2661 1512 13821.977 1737.832 
659 2532 1521 13772.938 1726.921 
552 2689 1500 13826.961 1734.793 
553 2693 1484 13820.647 1736.43 
576 2664 1500 13824.626 1736.296 
569 2674 1510 13830.097 1737.87 
643 2560 1509 13781.797 1729.339 
576 2665 1499 13825.221 1736.374 
556 2684 1493 13821.523 1736.313 
554 2682 1500 13824.398 1734.838 
623 2582 1513 13794.63 1729.275 
559 2682 1482 13813.536 1735.179 
635 2569 1496 13765.02 1726.594 
625 2576 1513 13788.008 1728.209 
577 2655 1495 13819.957 1737.598 
656 2536 1511 13765.253 1725.882 
633 2571 1511 13785.776 1728.12 
559 2676 1510 13817.28 1734.587 
