181 697 474 14223.411 1787.769 
162 713 430 14154.199 1777.754 
153 716 424 14110.814 1769.948 
206 692 470 14260.741 1789.159 
216 668 472 14235.156 1788.945 
208 679 472 14227.173 1788.812 
187 712 452 14257.352 1791.07 
214 668 473 14235.054 1787.716 
180 698 472 14224.168 1787.901 
214 677 460 14211.199 1784.291 
194 711 462 14279.005 1793.177 
197 698 469 14257.246 1787.002 
211 673 472 14223.181 1788.793 
207 689 463 14260.946 1788.345 
208 669 475 14197.029 1779.214 
206 684 472 14227.971 1787.563 
201 695 469 14256.885 1789.858 
205 677 482 14224.441 1782.252 
205 695 457 14269.419 1794.107 
211 673 470 14233.252 1790.195 
198 700 462 14255.209 1787.428 
206 674 478 14217.92 1787.034 
204 688 464 14253.281 1790.808 
154 715 429 14119.73 1773.518 
216 668 456 14262.375 1790.978 
208 688 466 14266.527 1790.287 
202 695 459 14263.352 1789.548 
209 688 457 14268.675 1794.837 
212 686 469 14260.663 1790.159 
193 699 468 14255.029 1789.623 
205 685 471 14227.957 1787.557 
180 700 463 14206.352 1785.471 
215 663 480 14208.341 1783.813 
207 679 472 14250.574 1791.291 
203 684 475 14242.535 1789.17 
215 675 458 14243.864 1786.276 
153 720 423 14115.55 1773.28 
161 714 429 14151.267 1777.517 
162 713 429 14154.275 1777.761 
203 686 471 14249.496 1790.39 
205 685 471 14228.216 1787.51 
219 663 473 14242.713 1789.47 
215 671 472 14234.075 1785.985 
181 697 472 14223.539 1787.802 
214 664 457 14235.496 1786.481 
