370 1312 851 13975.577 1753.809 
358 1340 878 14035.07 1761.173 
330 1408 856 14093.833 1769.095 
347 1375 880 14074.631 1766.629 
363 1313 877 14002.134 1755.641 
353 1337 888 14033.668 1758.28 
364 1331 871 14022.474 1756.625 
361 1317 877 14004.95 1756.02 
352 1366 854 14059.046 1762.134 
355 1357 864 14038.236 1760.268 
363 1332 872 14030.392 1757.874 
335 1396 843 14061.18 1763.326 
329 1402 860 14090.78 1766.893 
356 1348 868 14059.326 1764.183 
325 1411 848 14077.096 1764.343 
352 1359 857 14056.375 1763.78 
358 1353 868 14060.594 1759.681 
345 1362 885 14041.427 1756.773 
354 1336 888 14033.703 1758.28 
354 1330 885 14025.594 1760.458 
355 1355 871 14057.8 1759.776 
356 1357 862 14058.079 1761.075 
353 1365 854 14059.313 1762.188 
354 1358 863 14038.247 1760.25 
359 1350 875 14054.795 1760.038 
364 1331 870 14023.382 1756.742 
353 1363 855 14063.172 1762.458 
369 1312 868 14004.154 1756.69 
354 1356 868 14062.784 1759.673 
361 1350 873 14042.267 1762.852 
357 1354 873 14070.442 1763.798 
357 1327 886 14019.926 1757.266 
365 1311 878 14018.696 1758.162 
340 1392 856 14086.551 1767.212 
354 1362 851 14056.997 1762.817 
353 1363 853 14065.85 1763.867 
348 1340 884 14035.906 1761.403 
353 1353 880 14062.122 1765.888 
329 1409 848 14085.413 1765.154 
367 1320 871 14000.202 1755.604 
349 1375 883 14079.175 1766.243 
366 1324 873 14026.736 1758.146 
354 1348 865 14058.664 1764.709 
360 1351 872 14042.13 1762.848 
358 1334 882 14037.472 1760.996 
322 1415 851 14082.778 1763.381 
356 1348 868 14059.178 1764.203 
351 1340 886 14046.06 1760.44 
353 1366 865 14044.62 1762.082 
336 1394 856 14072.827 1764.168 
333 1395 861 14079.574 1764.964 
365 1341 866 14049.961 1763.009 
359 1330 880 14017.754 1756.508 
362 1316 878 14004.929 1756.017 
355 1355 869 14062.76 1759.672 
332 1400 868 14079.028 1765.581 
334 1394 866 14080.027 1766.164 
351 1370 872 14080.491 1763.808 
366 1331 876 14022.254 1758.764 
354 1357 860 14045.68 1763.299 
353 1355 882 14048.771 1761.069 
368 1300 874 13992.872 1755.644 
321 1416 842 14084.992 1763.862 
324 1413 855 14096.505 1765.252 
362 1349 875 14043.176 1762.991 
332 1402 847 14073.529 1763.61 
353 1367 853 14061.753 1762.352 
352 1342 885 14034.65 1760.009 
346 1389 871 14096.595 1769.02 
339 1395 849 14072.075 1760.905 
343 1393 874 14091.108 1767.132 
