928 4564 2505 13703.825 1713.544 
957 4541 2549 13724.032 1717.207 
981 4501 2570 13715.937 1717.208 
982 4500 2573 13714.492 1715.226 
949 4543 2540 13722.389 1716.727 
987 4515 2541 13719.895 1716.407 
958 4540 2550 13724.383 1717.279 
992 4506 2551 13728.26 1715.974 
1018 4453 2586 13707.767 1713.002 
994 4474 2589 13715.631 1714.156 
917 4573 2490 13710.535 1714.908 
986 4502 2564 13729.849 1718.782 
993 4506 2561 13725.858 1716.342 
918 4568 2484 13709.643 1714.544 
1020 4463 2572 13716.669 1715.654 
1026 4439 2595 13716.484 1716.341 
915 4571 2473 13715.612 1715.584 
982 4499 2570 13715.234 1717.11 
965 4541 2540 13726.51 1716.821 
1019 4456 2576 13710.378 1714.59 
920 4563 2510 13714.024 1715.504 
904 4576 2497 13706.628 1714.734 
939 4557 2538 13716.816 1715.136 
917 4570 2498 13709.195 1714.592 
994 4505 2562 13726.302 1716.431 
983 4518 2557 13725.19 1717.672 
1021 4459 2561 13714.014 1714.778 
994 4474 2590 13715.61 1714.151 
1002 4504 2559 13729.996 1718.022 
1006 4495 2588 13731.156 1718.508 
958 4539 2555 13724.781 1717.419 
908 4569 2499 13704.011 1713.934 
1008 4496 2566 13731.215 1718.106 
923 4562 2507 13709.542 1714.664 
986 4514 2553 13733.248 1717.419 
971 4537 2564 13729.061 1717.752 
981 4527 2558 13729.993 1718.137 
953 4542 2547 13725.608 1716.71 
916 4570 2475 13715.534 1715.601 
982 4526 2569 13729.829 1717.796 
922 4567 2502 13714.157 1715.093 
916 4560 2517 13707.958 1714.202 
1021 4488 2556 13727.549 1717.205 
978 4516 2561 13728.42 1718.922 
975 4530 2555 13735.317 1719.484 
916 4572 2495 13708.981 1714.875 
1008 4497 2565 13731.444 1718.105 
992 4499 2563 13720.057 1717.234 
933 4558 2524 13717.614 1715.35 
933 4559 2523 13718.315 1715.423 
1014 4476 2581 13722.197 1717.441 
1030 4452 2582 13715.943 1715.778 
982 4521 2571 13726.152 1716.411 
984 4522 2550 13726.306 1716.759 
1014 4477 2581 13721.835 1717.46 
1002 4504 2560 13729.98 1718.019 
951 4550 2531 13715.564 1715.213 
1015 4480 2577 13721.162 1717.448 
1004 4498 2533 13724.595 1716.311 
991 4509 2564 13727.099 1716.792 
987 4505 2568 13730.736 1718.317 
966 4541 2565 13725.088 1716.268 
