362 1249 835 13836.06 1738.59 
297 1341 795 13912.005 1749.935 
274 1375 790 13892.396 1748.19 
349 1266 813 13849.542 1738.542 
282 1364 810 13928.634 1751.158 
296 1349 802 13922.751 1752.865 
301 1337 802 13915.174 1754.479 
354 1256 845 13870.795 1743.753 
304 1343 787 13915.111 1751.518 
335 1269 840 13859.932 1740.669 
272 1378 772 13942.73 1756.428 
285 1360 808 13918.481 1755.197 
289 1344 808 13905.513 1749.463 
351 1259 827 13851.798 1741.471 
275 1376 780 13946.019 1753.551 
335 1271 832 13857.478 1740.15 
311 1313 786 13884.345 1747.908 
295 1350 801 13922.658 1752.844 
355 1251 840 13849.264 1741.346 
273 1360 811 13908.27 1751.471 
355 1254 837 13860.973 1745.202 
332 1280 803 13842.246 1736.878 
318 1297 786 13880.967 1749.27 
280 1373 802 13934.687 1754.746 
290 1339 807 13886.347 1748.674 
285 1349 816 13908.386 1752.0 
332 1273 832 13857.299 1740.968 
333 1271 835 13854.604 1739.574 
341 1266 842 13877.203 1743.828 
281 1350 812 13894.552 1750.505 
290 1359 804 13933.605 1753.16 
303 1325 794 13897.819 1748.34 
307 1334 780 13887.68 1748.043 
350 1262 820 13854.323 1737.817 
277 1350 814 13900.608 1750.655 
303 1329 791 13887.628 1747.457 
286 1368 801 13924.309 1753.766 
357 1245 838 13851.289 1739.139 
341 1275 814 13852.711 1739.348 
313 1315 784 13877.682 1746.492 
301 1337 801 13915.244 1754.486 
337 1274 813 13852.945 1740.295 
358 1249 832 13854.768 1740.569 
338 1263 843 13849.38 1739.83 
283 1369 797 13922.682 1753.502 
267 1375 793 13907.642 1750.109 
291 1338 806 13886.069 1748.599 
333 1270 841 13857.014 1739.229 
292 1337 806 13885.17 1748.605 
355 1253 838 13864.511 1744.441 
283 1373 781 13940.114 1751.84 
288 1365 800 13927.07 1753.486 
284 1341 817 13892.272 1749.77 
335 1279 806 13849.84 1739.363 
311 1312 787 13883.049 1747.777 
293 1318 804 13847.399 1744.4 
328 1284 822 13857.898 1739.275 
330 1276 822 13860.494 1742.466 
333 1274 833 13857.478 1740.454 
310 1333 790 13909.727 1750.563 
346 1261 843 13859.059 1741.909 
293 1363 797 13932.258 1754.57 
347 1272 829 13858.715 1741.791 
278 1371 795 13939.821 1756.96 
353 1258 838 13871.588 1745.205 
331 1274 831 13856.857 1741.094 
316 1307 786 13884.754 1748.721 
331 1275 826 13859.527 1741.484 
285 1368 801 13935.178 1755.877 
364 1245 839 13850.171 1740.75 
304 1317 795 13871.14 1746.667 
350 1266 817 13841.058 1738.36 
334 1279 808 13845.292 1736.268 
338 1270 831 13850.713 1739.496 
281 1372 795 13930.34 1753.113 
355 1251 848 13855.216 1740.702 
284 1372 790 13936.966 1752.329 
352 1254 849 13869.043 1742.803 
364 1253 833 13851.399 1741.28 
288 1362 792 13923.549 1754.573 
273 1377 788 13926.821 1752.721 
302 1307 799 13867.523 1748.626 
354 1255 840 13865.779 1746.12 
288 1366 795 13929.104 1753.045 
