505 1995 1254 13957.901 1750.855 
474 2040 1226 13954.462 1750.276 
505 2003 1247 13963.175 1752.521 
457 2049 1229 13970.266 1754.067 
479 2034 1235 13975.112 1753.427 
521 1971 1228 13927.279 1749.277 
482 2033 1246 13980.042 1754.312 
479 2035 1232 13976.743 1753.003 
519 1978 1245 13931.796 1749.82 
508 2002 1235 13950.544 1752.785 
506 2002 1244 13945.548 1749.316 
512 1990 1240 13943.035 1750.89 
498 2015 1247 13940.733 1750.973 
510 2000 1244 13954.704 1753.417 
510 1997 1247 13948.598 1750.161 
506 1995 1245 13944.927 1750.606 
495 2029 1242 13984.546 1754.271 
507 2003 1235 13950.743 1752.833 
497 2008 1232 13964.202 1754.354 
505 1999 1237 13960.384 1752.541 
509 1999 1244 13959.199 1753.331 
503 2011 1257 13970.867 1753.031 
475 2038 1235 13954.312 1752.829 
492 2024 1247 13980.274 1753.457 
473 2037 1233 13971.667 1754.386 
479 2035 1233 13976.734 1753.003 
509 1977 1264 13922.938 1747.233 
487 2017 1227 13974.188 1755.821 
512 1997 1241 13943.402 1750.324 
493 2016 1246 13980.108 1753.293 
513 1991 1239 13942.347 1749.855 
510 1996 1248 13948.56 1750.229 
513 1989 1248 13939.549 1750.797 
497 2015 1249 13977.37 1753.231 
473 2043 1230 13969.586 1755.111 
480 2024 1249 13968.612 1754.101 
494 2010 1252 13975.709 1755.216 
481 2028 1252 13962.381 1753.898 
507 1999 1253 13949.046 1750.08 
514 1990 1239 13942.313 1749.849 
493 2033 1243 13986.94 1755.358 
492 2035 1231 13985.402 1753.951 
506 1993 1249 13951.309 1749.799 
483 2021 1259 13949.937 1752.466 
510 2004 1237 13954.771 1751.03 
466 2041 1231 13951.894 1753.359 
503 1979 1264 13929.048 1748.957 
477 2036 1219 13961.471 1753.519 
502 2007 1262 13960.634 1752.951 
486 2033 1237 13989.145 1754.643 
493 2023 1248 13979.046 1753.57 
504 2001 1256 13949.174 1749.868 
485 2028 1248 13981.217 1752.76 
493 2022 1251 13976.43 1754.937 
489 2021 1253 13978.035 1753.86 
475 2029 1249 13965.405 1754.094 
491 2023 1255 13972.975 1754.691 
490 2024 1244 13976.188 1754.641 
516 1988 1263 13964.776 1753.232 
473 2038 1236 13958.756 1752.32 
