603 2717 1551 13907.932 1743.387 
636 2667 1632 13901.761 1741.582 
636 2679 1623 13917.805 1745.343 
604 2710 1588 13909.336 1744.176 
618 2704 1600 13919.931 1746.031 
596 2719 1573 13911.642 1744.085 
661 2635 1625 13874.169 1739.122 
651 2644 1617 13875.765 1738.974 
643 2651 1615 13903.618 1743.625 
602 2711 1583 13903.626 1743.854 
637 2679 1612 13907.187 1743.078 
634 2666 1624 13889.486 1741.626 
631 2682 1618 13913.308 1743.93 
670 2629 1634 13888.022 1740.81 
605 2716 1574 13913.596 1743.875 
594 2721 1579 13903.518 1742.127 
642 2652 1614 13903.585 1743.618 
609 2710 1570 13913.836 1744.114 
580 2735 1545 13896.907 1741.809 
582 2726 1565 13902.393 1742.674 
640 2669 1598 13906.235 1744.177 
603 2716 1579 13908.191 1744.011 
656 2638 1612 13884.43 1740.846 
641 2668 1599 13906.733 1744.267 
605 2711 1583 13904.588 1742.061 
649 2646 1633 13885.293 1740.022 
594 2726 1561 13908.005 1743.131 
602 2712 1583 13899.466 1741.756 
609 2708 1592 13912.024 1744.747 
644 2650 1615 13903.735 1743.638 
584 2727 1576 13897.716 1740.878 
631 2670 1624 13896.112 1740.965 
647 2660 1601 13894.188 1742.273 
630 2685 1612 13910.446 1743.906 
585 2731 1550 13901.415 1743.059 
649 2649 1603 13886.148 1739.666 
652 2645 1596 13877.147 1739.527 
649 2655 1600 13896.643 1740.614 
650 2658 1579 13885.148 1740.053 
649 2661 1580 13887.19 1740.121 
648 2664 1595 13894.579 1740.03 
641 2673 1615 13909.955 1743.576 
644 2658 1633 13900.369 1741.645 
643 2661 1615 13907.71 1743.543 
603 2711 1585 13900.036 1741.82 
642 2655 1624 13900.86 1740.521 
650 2644 1628 13887.209 1739.291 
651 2651 1594 13885.15 1740.044 
604 2710 1589 13907.566 1743.592 
593 2722 1578 13903.499 1742.124 
618 2705 1600 13920.687 1745.994 
650 2655 1599 13887.437 1741.616 
625 2703 1622 13925.199 1746.844 
645 2650 1598 13896.219 1742.215 
598 2714 1581 13907.908 1744.21 
637 2666 1618 13905.852 1743.799 
630 2683 1612 13908.537 1744.142 
654 2651 1576 13888.407 1739.985 
600 2717 1589 13909.612 1743.799 
648 2648 1633 13885.884 1740.158 
644 2672 1585 13898.26 1743.667 
642 2667 1609 13910.225 1743.236 
641 2647 1638 13895.184 1742.784 
648 2652 1599 13887.525 1740.846 
642 2667 1623 13912.98 1742.676 
658 2633 1604 13881.57 1739.75 
657 2634 1626 13878.497 1738.859 
604 2710 1592 13906.894 1743.56 
655 2643 1641 13897.746 1742.45 
647 2661 1595 13905.103 1743.697 
649 2663 1595 13894.461 1740.02 
595 2724 1577 13904.711 1741.493 
601 2724 1571 13921.63 1744.994 
647 2649 1633 13899.164 1743.517 
