182 730 487 14398.389 1812.383 
198 696 478 14304.798 1800.572 
204 666 479 14204.541 1787.623 
204 662 477 14228.792 1790.675 
188 722 491 14379.68 1809.364 
172 728 496 14343.885 1801.768 
193 711 495 14362.432 1804.748 
184 729 491 14415.387 1813.001 
189 711 504 14345.943 1803.048 
174 725 496 14327.058 1799.776 
203 667 479 14207.252 1787.758 
165 740 494 14391.293 1807.189 
186 719 483 14377.93 1810.992 
202 674 465 14175.488 1786.323 
189 714 495 14374.984 1808.017 
190 717 489 14382.201 1808.318 
187 718 486 14367.958 1810.47 
195 707 489 14360.824 1806.732 
165 741 466 14373.075 1802.784 
196 699 498 14345.563 1805.22 
187 724 482 14354.721 1804.161 
185 723 492 14393.359 1811.026 
195 703 499 14329.723 1800.385 
160 747 478 14359.35 1803.892 
193 697 495 14340.941 1806.627 
194 714 494 14389.081 1810.61 
191 716 494 14393.597 1809.497 
181 735 492 14421.075 1813.264 
172 728 495 14344.022 1801.776 
196 702 498 14328.177 1800.178 
186 723 491 14387.752 1810.297 
189 711 497 14369.585 1808.19 
167 738 486 14364.003 1803.751 
195 708 496 14354.753 1804.763 
161 741 479 14340.7 1801.658 
194 709 495 14341.066 1802.768 
189 719 489 14384.361 1808.915 
160 747 483 14342.138 1802.532 
166 745 477 14367.13 1802.159 
174 724 497 14326.442 1799.606 
180 721 495 14372.967 1810.083 
194 704 497 14347.162 1805.958 
198 694 492 14309.3 1796.786 
185 727 491 14411.63 1812.238 
183 726 495 14387.09 1808.902 
182 730 490 14387.911 1807.475 
190 716 495 14374.643 1810.265 
176 740 483 14398.888 1811.169 
166 740 484 14364.731 1803.776 
166 740 487 14368.695 1802.54 
193 706 500 14343.913 1803.15 
197 695 487 14312.269 1796.506 
162 741 482 14340.034 1799.848 
170 731 494 14340.007 1800.121 
198 691 485 14292.785 1798.935 
193 710 497 14356.352 1805.224 
183 721 500 14361.069 1805.959 
200 673 472 14202.234 1784.973 
190 700 501 14334.332 1801.479 
189 718 488 14361.849 1809.65 
173 729 500 14341.993 1801.527 
186 719 493 14351.948 1808.133 
160 743 474 14341.73 1805.08 
188 718 497 14359.069 1806.313 
161 742 475 14353.778 1802.892 
186 724 486 14371.458 1807.423 
