1029 5185 2788 13666.009 1710.064 
975 5219 2688 13642.667 1706.542 
1100 4909 2843 13587.004 1701.499 
1087 4934 2852 13590.654 1701.816 
1021 5207 2732 13658.94 1709.713 
977 5217 2689 13642.883 1706.552 
978 5208 2679 13642.354 1708.829 
997 5207 2718 13657.286 1710.756 
1030 5184 2789 13666.603 1710.206 
1064 5117 2817 13660.589 1709.086 
1043 5162 2777 13668.948 1711.662 
1065 5117 2806 13660.854 1710.677 
1021 5158 2791 13655.488 1708.558 
1061 5134 2799 13664.737 1710.136 
1075 5095 2739 13642.817 1710.844 
1023 5197 2770 13671.949 1711.716 
1113 4933 2834 13597.464 1701.741 
1057 5146 2798 13668.466 1711.017 
1086 4978 2815 13598.971 1703.21 
1061 5138 2805 13662.219 1710.515 
1075 4974 2806 13595.789 1703.453 
978 5210 2678 13642.667 1708.849 
1095 4960 2794 13593.202 1702.545 
1079 4986 2805 13597.304 1703.705 
1059 5149 2786 13665.632 1710.828 
1097 4944 2848 13601.022 1703.194 
1039 5178 2786 13675.661 1711.245 
1043 5161 2776 13668.571 1711.672 
1083 4958 2813 13599.975 1703.764 
1077 5107 2781 13654.249 1708.62 
1064 5138 2781 13665.231 1711.838 
1028 5196 2767 13672.37 1711.617 
1046 5163 2771 13663.187 1709.736 
1064 5119 2810 13662.476 1711.002 
1060 5132 2808 13663.399 1711.161 
1087 4965 2803 13592.609 1702.873 
1036 5192 2787 13674.846 1711.366 
1060 5132 2807 13663.595 1711.319 
1018 5160 2802 13655.23 1710.389 
1081 4972 2821 13600.107 1703.573 
1099 4959 2788 13587.387 1701.141 
1103 4943 2841 13596.119 1702.408 
1029 5199 2721 13658.449 1708.964 
1089 4967 2795 13588.203 1702.053 
1067 4972 2798 13595.452 1704.031 
1037 5182 2736 13660.161 1709.51 
1075 4966 2823 13595.684 1703.864 
1109 4956 2825 13603.733 1703.147 
975 5219 2688 13642.666 1706.545 
1081 4957 2823 13593.751 1703.143 
1051 5160 2788 13668.786 1710.828 
1067 4977 2797 13595.128 1703.776 
1124 4931 2834 13603.061 1703.471 
1137 4923 2841 13608.442 1703.379 
1079 4983 2792 13599.488 1703.465 
1089 4967 2775 13591.777 1703.053 
1110 4955 2817 13599.603 1702.154 
1084 4970 2807 13593.312 1703.316 
1105 4945 2810 13600.264 1703.556 
1104 4956 2834 13604.419 1704.752 
1048 5157 2816 13674.999 1711.864 
1099 4912 2845 13582.696 1700.789 
1081 4947 2847 13594.008 1702.434 
1083 5022 2728 13607.376 1703.617 
1028 5201 2757 13669.933 1711.03 
1145 4907 2860 13606.266 1703.736 
1123 4932 2834 13602.98 1703.467 
1074 4991 2803 13601.164 1703.763 
1083 4971 2807 13593.254 1703.306 
1073 5120 2792 13660.595 1710.842 
