851 3916 2249 13764.811 1724.528 
859 3925 2198 13774.357 1726.131 
852 3950 2205 13781.97 1726.439 
871 3919 2223 13783.088 1724.559 
792 3963 2171 13746.442 1721.021 
885 3870 2256 13762.651 1723.845 
846 3922 2245 13766.782 1725.65 
880 3889 2249 13763.867 1721.771 
876 3901 2219 13771.117 1723.809 
873 3904 2242 13773.229 1725.209 
894 3895 2234 13777.246 1723.399 
803 3953 2172 13740.58 1720.442 
883 3877 2226 13762.874 1724.53 
860 3915 2256 13765.849 1722.942 
889 3867 2252 13755.698 1724.176 
874 3907 2219 13774.399 1724.7 
871 3918 2235 13778.776 1723.451 
867 3912 2205 13769.272 1724.911 
874 3908 2227 13773.283 1723.678 
886 3873 2231 13760.453 1723.436 
863 3906 2242 13761.013 1725.314 
844 3947 2222 13772.975 1724.23 
875 3894 2224 13772.994 1723.71 
875 3890 2253 13764.107 1722.38 
853 3937 2227 13772.012 1724.408 
875 3901 2226 13771.954 1722.811 
878 3904 2202 13770.182 1725.383 
806 3956 2156 13739.012 1721.736 
872 3906 2231 13774.338 1723.827 
889 3877 2225 13760.004 1724.104 
864 3914 2220 13774.474 1724.78 
803 3953 2172 13740.711 1720.431 
873 3909 2213 13768.658 1725.035 
870 3891 2250 13766.285 1724.256 
895 3857 2230 13741.574 1720.777 
861 3927 2228 13777.334 1723.683 
894 3879 2251 13761.188 1722.579 
866 3910 2235 13769.136 1723.781 
895 3865 2220 13764.071 1723.426 
884 3881 2246 13763.362 1721.814 
882 3892 2246 13772.421 1723.475 
868 3912 2204 13769.737 1724.946 
881 3896 2238 13770.683 1723.491 
892 3864 2238 13764.123 1723.917 
883 3872 2230 13758.611 1724.369 
892 3868 2244 13762.766 1724.003 
882 3879 2252 13766.521 1724.974 
879 3898 2231 13769.387 1722.559 
881 3882 2246 13777.783 1724.388 
878 3899 2248 13772.952 1726.106 
859 3924 2236 13776.632 1726.666 
871 3909 2241 13772.549 1725.738 
861 3911 2236 13763.385 1723.188 
867 3913 2204 13769.632 1725.03 
857 3915 2245 13776.701 1723.551 
894 3875 2244 13766.734 1723.193 
856 3933 2210 13774.665 1724.467 
871 3906 2224 13775.415 1725.072 
876 3878 2258 13763.067 1722.531 
864 3917 2219 13773.784 1725.113 
852 3940 2238 13777.158 1724.963 
882 3878 2242 13766.152 1725.165 
871 3900 2248 13771.229 1724.613 
863 3922 2229 13779.028 1726.772 
868 3905 2266 13769.67 1722.375 
878 3890 2249 13768.454 1722.355 
857 3931 2243 13772.727 1725.266 
872 3908 2228 13776.478 1724.487 
875 3901 2246 13770.539 1724.904 
870 3920 2223 13783.688 1724.692 
