648 3356 1768 13762.579 1724.853 
728 3322 1874 13827.631 1733.718 
733 3306 1867 13812.803 1735.64 
718 3329 1868 13830.482 1737.472 
757 3299 1846 13820.297 1732.162 
717 3332 1882 13821.6 1735.555 
673 3344 1785 13772.013 1726.124 
713 3338 1861 13827.428 1736.967 
671 3347 1793 13780.049 1726.499 
674 3343 1785 13772.129 1726.152 
765 3280 1902 13818.251 1732.307 
744 3318 1846 13814.883 1731.57 
756 3306 1879 13825.277 1733.921 
714 3333 1873 13827.14 1736.943 
763 3297 1886 13827.61 1736.888 
726 3329 1889 13835.132 1735.324 
673 3344 1784 13772.159 1725.997 
717 3330 1867 13830.119 1737.429 
649 3355 1768 13762.671 1724.875 
770 3279 1897 13821.05 1732.695 
705 3341 1851 13820.343 1736.206 
707 3340 1853 13821.334 1736.252 
753 3301 1892 13826.08 1732.355 
778 3265 1894 13827.222 1733.242 
773 3270 1905 13815.684 1732.336 
733 3311 1887 13819.228 1734.408 
763 3298 1878 13827.789 1731.784 
719 3325 1856 13821.151 1737.116 
739 3312 1884 13825.363 1732.955 
742 3307 1886 13822.03 1734.586 
780 3264 1894 13822.966 1733.202 
732 3302 1893 13822.286 1736.478 
758 3292 1861 13830.075 1733.189 
777 3266 1894 13827.277 1733.254 
727 3324 1882 13831.058 1737.736 
744 3283 1890 13811.07 1732.401 
766 3279 1903 13818.163 1732.304 
652 3354 1775 13768.586 1725.344 
742 3307 1885 13822.031 1734.591 
730 3298 1894 13815.713 1732.905 
715 3337 1860 13827.919 1736.74 
760 3310 1870 13819.252 1733.214 
751 3302 1869 13817.092 1735.011 
714 3325 1878 13825.815 1735.7 
767 3271 1890 13819.167 1733.256 
751 3315 1860 13821.729 1732.835 
722 3326 1862 13822.801 1736.123 
774 3290 1889 13823.41 1734.092 
732 3320 1892 13833.686 1738.03 
