747 3235 1889 13781.539 1726.341 
722 3274 1884 13793.16 1728.58 
746 3243 1888 13787.277 1728.097 
762 3220 1896 13770.316 1726.677 
740 3256 1896 13788.326 1727.657 
749 3229 1894 13778.056 1727.145 
732 3252 1897 13785.991 1726.274 
729 3271 1889 13793.629 1728.774 
718 3285 1884 13798.281 1729.505 
745 3237 1883 13777.765 1728.49 
717 3286 1883 13798.014 1729.443 
739 3220 1899 13767.271 1725.143 
748 3234 1887 13779.714 1727.796 
721 3276 1877 13789.005 1728.513 
747 3240 1874 13779.641 1727.548 
755 3220 1888 13773.57 1727.568 
731 3254 1862 13780.661 1728.316 
742 3246 1879 13786.272 1727.156 
745 3225 1893 13778.047 1728.679 
759 3223 1893 13768.856 1727.247 
740 3240 1890 13780.761 1727.72 
749 3243 1867 13784.904 1728.523 
752 3208 1907 13763.743 1724.064 
746 3251 1876 13781.548 1727.587 
750 3234 1878 13782.15 1728.913 
739 3250 1868 13780.86 1727.809 
743 3245 1890 13784.844 1726.848 
758 3228 1886 13782.096 1727.709 
733 3250 1872 13785.228 1727.737 
746 3244 1882 13788.077 1729.995 
755 3229 1897 13780.727 1727.115 
767 3101 1808 13679.547 1715.266 
737 3245 1877 13777.651 1727.753 
724 3272 1884 13791.043 1729.063 
745 3225 1894 13778.028 1727.373 
753 3234 1877 13776.485 1727.017 
757 3227 1888 13779.395 1726.527 
752 3236 1888 13782.857 1727.631 
755 3232 1883 13783.953 1728.766 
758 3203 1900 13756.557 1724.875 
747 3235 1888 13779.719 1727.797 
760 3225 1876 13770.025 1726.506 
737 3242 1893 13777.674 1727.973 
766 3102 1807 13678.823 1715.216 
749 3225 1896 13777.032 1728.037 
730 3263 1878 13788.249 1727.393 
746 3236 1883 13777.723 1728.483 
765 3207 1883 13763.508 1725.572 
767 3100 1808 13679.407 1715.355 
743 3248 1894 13782.254 1726.448 
755 3232 1892 13787.591 1727.483 
748 3226 1898 13777.207 1726.053 
746 3238 1891 13786.588 1727.337 
730 3258 1883 13777.055 1724.762 
764 3211 1879 13765.559 1724.591 
751 3241 1877 13778.723 1729.063 
751 3222 1889 13775.453 1728.049 
692 3291 1830 13776.783 1726.337 
754 3232 1891 13784.626 1727.674 
759 3229 1881 13783.62 1728.132 
611 3306 1736 13676.359 1711.383 
