446 2090 1230 13977.963 1751.1 
470 2051 1266 13985.589 1753.43 
478 2069 1243 14005.342 1758.83 
471 2081 1230 14024.27 1759.302 
459 2079 1235 14004.663 1758.764 
492 2043 1239 13992.6 1758.024 
498 2019 1214 13951.247 1749.146 
460 2084 1229 13997.865 1758.271 
483 2062 1227 13990.12 1756.213 
464 2067 1255 13990.361 1755.582 
470 2076 1238 14004.306 1756.628 
470 2077 1236 14013.138 1758.162 
506 2004 1241 13970.284 1749.012 
459 2085 1229 13994.675 1757.576 
478 2061 1239 14006.825 1757.372 
471 2075 1237 14005.946 1757.667 
478 2059 1255 14000.234 1756.132 
468 2079 1234 14012.943 1758.908 
429 2095 1214 13959.419 1754.031 
495 2020 1219 13962.33 1752.532 
457 2082 1232 13993.598 1757.018 
461 2086 1226 13991.179 1757.363 
492 2013 1244 13961.755 1750.772 
489 2047 1235 13988.605 1757.189 
471 2075 1238 14010.108 1757.354 
454 2083 1253 13995.171 1754.857 
480 2042 1253 13978.207 1753.642 
468 2076 1237 14004.628 1757.039 
502 2006 1230 13964.414 1754.293 
474 2075 1234 14011.486 1758.889 
466 2081 1238 14002.749 1758.099 
481 2064 1233 14001.83 1758.034 
473 2061 1247 13992.677 1754.414 
483 2031 1258 13973.732 1752.259 
461 2082 1228 14005.867 1758.759 
499 2017 1223 13965.454 1748.677 
468 2070 1247 14000.455 1755.782 
477 2072 1221 13993.629 1756.307 
467 2076 1246 14008.056 1757.481 
482 2032 1269 13981.804 1752.872 
484 2033 1260 13976.18 1751.309 
462 2085 1225 14000.783 1757.024 
485 2048 1230 13981.793 1755.533 
482 2047 1236 13994.703 1757.416 
487 2019 1270 13967.808 1751.164 
499 2017 1225 13965.134 1748.75 
445 2087 1236 13983.878 1752.446 
467 2071 1238 14007.252 1758.046 
494 2037 1225 13987.118 1751.609 
437 2095 1222 13970.746 1753.954 
478 2070 1221 13992.998 1756.103 
475 2057 1260 13994.445 1754.191 
447 2087 1226 13983.101 1754.916 
461 2080 1232 14000.593 1758.275 
481 2033 1268 13983.514 1753.275 
466 2081 1237 14002.788 1758.103 
446 2087 1234 13973.775 1751.761 
488 2055 1225 13993.966 1754.646 
482 2056 1227 13992.057 1756.965 
468 2063 1250 13982.837 1751.389 
455 2083 1244 13990.555 1754.231 
494 2026 1219 13963.445 1752.622 
479 2060 1239 14008.24 1757.567 
452 2087 1224 13990.266 1755.416 
477 2036 1262 13981.713 1752.105 
492 2016 1244 13964.441 1749.644 
482 2058 1242 13999.686 1756.28 
487 2047 1252 13998.291 1756.176 
484 2023 1256 13964.98 1751.567 
467 2065 1249 13992.106 1755.117 
494 2029 1233 13979.292 1751.896 
478 2047 1256 13992.953 1754.464 
469 2074 1241 14002.471 1757.809 
469 2062 1248 13988.167 1755.583 
457 2078 1252 13991.409 1754.489 
495 2029 1225 13980.4 1750.796 
478 2037 1258 13979.572 1751.667 
479 2065 1245 14002.433 1756.629 
444 2088 1234 13983.834 1752.38 
489 2022 1248 13956.696 1749.892 
483 2034 1260 13976.393 1751.336 
499 2006 1251 13968.73 1748.752 
428 2098 1213 13962.236 1754.189 
482 2032 1268 13984.027 1753.348 
444 2088 1235 13983.491 1752.356 
480 2035 1254 13977.666 1751.865 
