352 1353 873 14029.591 1763.862 
331 1393 859 14049.953 1762.626 
351 1357 877 14028.645 1767.373 
304 1409 825 13998.909 1759.449 
338 1378 866 14057.3 1767.188 
350 1362 866 14003.434 1761.546 
362 1339 867 13999.192 1755.083 
357 1339 866 13983.122 1755.554 
348 1359 874 14024.023 1764.941 
328 1402 848 14038.031 1764.033 
356 1340 865 13983.328 1755.566 
360 1349 863 14008.37 1758.849 
351 1357 876 14028.736 1767.374 
336 1385 861 14045.899 1762.413 
336 1383 859 14050.003 1766.301 
355 1354 880 14013.111 1761.148 
294 1421 807 14023.169 1761.048 
356 1346 864 14003.929 1758.466 
338 1382 863 14045.344 1762.346 
320 1408 835 14036.009 1762.402 
337 1384 862 14046.282 1762.507 
326 1385 865 14046.95 1765.489 
336 1386 852 14025.486 1760.171 
353 1349 868 14000.366 1763.086 
352 1362 870 14034.29 1760.338 
323 1399 857 14058.329 1768.272 
348 1373 863 14050.921 1765.568 
347 1366 874 14035.532 1765.382 
359 1340 870 14000.14 1755.521 
349 1369 873 14050.72 1764.82 
345 1377 877 14071.624 1768.909 
329 1400 847 14036.045 1763.576 
327 1393 858 14044.061 1765.763 
338 1369 884 14029.82 1764.91 
326 1396 846 14048.872 1765.956 
332 1383 864 14044.948 1763.78 
335 1391 862 14065.728 1768.86 
325 1403 854 14067.06 1769.62 
351 1360 867 14031.475 1761.556 
348 1358 876 14019.516 1764.68 
358 1337 863 13984.869 1759.747 
328 1397 853 14035.57 1761.594 
355 1348 873 13997.9 1762.79 
362 1340 867 13998.944 1754.977 
351 1358 875 14028.68 1767.422 
327 1397 846 14040.665 1761.377 
363 1338 864 13993.068 1754.331 
296 1417 816 14029.697 1762.559 
351 1360 873 14028.602 1762.137 
