741 3255 1877 13816.612 1730.091 
715 3270 1911 13810.414 1730.364 
626 3305 1776 13737.915 1718.636 
730 3244 1913 13800.253 1731.6 
707 3285 1902 13815.912 1729.47 
759 3236 1898 13819.654 1729.941 
717 3267 1872 13810.884 1730.514 
710 3270 1862 13802.625 1732.134 
728 3262 1884 13815.316 1733.168 
712 3268 1899 13808.644 1732.362 
714 3274 1895 13812.213 1731.636 
754 3214 1904 13787.141 1729.231 
754 3248 1891 13823.438 1732.231 
729 3253 1918 13819.272 1733.453 
704 3274 1906 13800.604 1729.296 
732 3235 1919 13799.676 1728.971 
708 3275 1892 13806.904 1729.77 
763 3230 1891 13817.698 1730.792 
722 3266 1893 13808.638 1730.516 
741 3250 1885 13814.925 1731.882 
735 3253 1881 13808.095 1729.006 
738 3235 1915 13808.847 1730.832 
718 3261 1907 13805.065 1730.63 
750 3234 1900 13814.001 1729.468 
718 3265 1872 13810.312 1730.406 
643 3301 1777 13734.022 1717.088 
696 3285 1894 13803.023 1729.558 
709 3280 1859 13808.361 1731.146 
753 3219 1910 13803.93 1728.468 
742 3250 1888 13810.024 1728.985 
726 3262 1887 13809.636 1730.131 
745 3235 1896 13814.393 1732.059 
736 3239 1906 13810.6 1731.96 
730 3245 1906 13808.207 1730.356 
748 3211 1906 13787.126 1728.612 
733 3244 1900 13802.876 1731.214 
642 3302 1776 13733.812 1717.079 
727 3254 1889 13801.167 1729.447 
742 3228 1898 13808.385 1730.839 
719 3260 1903 13810.469 1732.159 
741 3242 1894 13809.913 1730.372 
703 3276 1907 13801.522 1729.316 
636 3291 1783 13735.4 1718.832 
719 3264 1873 13810.534 1730.426 
708 3271 1896 13800.407 1729.709 
745 3250 1886 13817.142 1731.574 
739 3243 1895 13808.48 1731.498 
730 3246 1904 13802.641 1731.419 
732 3247 1899 13806.2 1729.653 
691 3283 1835 13801.627 1729.594 
644 3303 1766 13730.818 1717.091 
724 3263 1894 13814.318 1731.566 
736 3242 1902 13809.173 1730.356 
724 3254 1900 13801.522 1730.941 
723 3264 1866 13797.826 1727.893 
765 3225 1894 13812.971 1729.31 
624 3307 1773 13737.724 1718.744 
737 3239 1900 13807.325 1730.487 
726 3263 1886 13810.04 1730.231 
731 3233 1918 13805.244 1731.046 
650 3299 1785 13737.893 1717.744 
722 3260 1908 13801.495 1729.582 
732 3243 1896 13808.494 1731.052 
702 3282 1852 13804.704 1729.879 
714 3255 1908 13799.337 1731.282 
746 3238 1892 13808.294 1729.368 
645 3302 1769 13731.616 1717.16 
736 3244 1895 13807.588 1731.028 
741 3236 1907 13806.813 1730.486 
645 3296 1769 13732.758 1717.831 
629 3295 1779 13732.868 1718.393 
732 3243 1896 13807.906 1731.085 
766 3222 1893 13811.247 1728.888 
640 3290 1794 13739.359 1719.259 
626 3300 1778 13736.397 1718.8 
713 3255 1904 13799.801 1730.809 
736 3241 1911 13806.527 1731.802 
724 3258 1896 13807.015 1732.363 
631 3301 1776 13732.531 1717.531 
720 3257 1914 13805.532 1730.648 
638 3300 1776 13737.417 1717.82 
734 3244 1912 13807.188 1730.898 
