746 3157 1817 13683.707 1714.038 
683 3225 1786 13715.467 1722.639 
730 3175 1840 13709.826 1718.363 
649 3307 1720 13748.207 1725.494 
747 3124 1835 13667.124 1711.597 
676 3231 1771 13721.092 1721.209 
719 3176 1828 13719.316 1719.358 
729 3183 1823 13702.077 1717.43 
657 3267 1745 13732.021 1724.915 
641 3274 1752 13721.356 1721.725 
723 3183 1819 13722.135 1721.204 
735 3146 1839 13678.921 1714.336 
646 3299 1728 13735.5 1725.698 
739 3139 1845 13687.368 1716.047 
636 3269 1761 13723.665 1723.222 
671 3246 1799 13720.142 1719.287 
689 3224 1787 13713.918 1720.448 
728 3173 1846 13707.467 1718.323 
657 3268 1744 13732.244 1725.072 
680 3237 1768 13686.756 1714.149 
674 3242 1745 13711.738 1721.743 
733 3141 1837 13688.371 1716.175 
680 3227 1780 13728.495 1723.268 
647 3280 1743 13722.276 1722.494 
658 3284 1730 13739.29 1725.932 
682 3227 1777 13717.252 1722.723 
740 3135 1845 13684.45 1715.201 
742 3130 1847 13686.823 1715.899 
639 3289 1749 13733.723 1724.325 
675 3232 1774 13710.238 1722.693 
676 3231 1770 13721.204 1721.212 
655 3274 1746 13726.657 1722.357 
724 3186 1771 13694.527 1718.907 
639 3267 1770 13736.838 1725.825 
722 3194 1827 13730.276 1722.384 
676 3241 1755 13715.897 1723.471 
674 3240 1753 13715.084 1723.801 
738 3168 1833 13696.274 1716.21 
751 3114 1837 13662.951 1711.541 
722 3197 1826 13732.581 1722.825 
727 3171 1823 13714.502 1719.892 
672 3266 1785 13749.023 1724.744 
679 3238 1767 13686.664 1714.137 
655 3272 1752 13726.87 1723.933 
686 3235 1810 13722.036 1720.881 
667 3262 1743 13732.923 1725.516 
639 3275 1751 13720.642 1721.7 
688 3225 1786 13713.082 1720.26 
689 3222 1810 13715.117 1721.564 
649 3286 1740 13731.479 1724.645 
654 3288 1722 13740.068 1725.002 
689 3224 1786 13713.958 1720.453 
653 3290 1721 13736.964 1724.465 
694 3222 1801 13719.611 1721.012 
748 3110 1843 13671.957 1713.025 
741 3143 1831 13688.814 1715.416 
684 3229 1776 13727.235 1723.891 
737 3163 1831 13692.819 1716.513 
656 3271 1752 13726.771 1723.93 
648 3294 1736 13745.996 1726.8 
733 3191 1825 13708.681 1717.399 
656 3274 1746 13727.162 1722.335 
719 3218 1826 13744.438 1724.531 
667 3261 1748 13733.034 1725.84 
678 3232 1774 13714.7 1721.898 
747 3124 1836 13666.944 1711.571 
735 3164 1829 13691.613 1716.336 
