579 2652 1437 13816.435 1732.421 
583 2621 1512 13794.656 1731.291 
585 2657 1487 13822.149 1731.442 
598 2628 1525 13818.854 1730.0 
587 2639 1512 13805.394 1727.501 
605 2599 1520 13806.315 1732.427 
603 2611 1534 13821.019 1734.127 
586 2632 1510 13820.87 1733.53 
608 2622 1508 13815.779 1730.026 
619 2608 1520 13818.003 1729.807 
517 2684 1386 13740.192 1719.263 
619 2592 1537 13799.202 1728.785 
614 2614 1537 13809.758 1729.69 
516 2702 1386 13754.584 1720.403 
593 2621 1502 13810.495 1733.37 
607 2605 1516 13811.398 1733.174 
590 2655 1482 13823.694 1731.86 
625 2581 1522 13796.576 1728.265 
571 2668 1433 13822.545 1731.921 
604 2629 1518 13813.714 1730.164 
592 2631 1507 13814.841 1731.336 
579 2654 1433 13814.829 1731.989 
598 2631 1521 13818.377 1728.905 
611 2619 1528 13811.245 1729.888 
516 2679 1393 13740.775 1719.84 
581 2653 1509 13823.677 1730.543 
607 2617 1532 13808.3 1730.225 
516 2702 1387 13754.565 1720.401 
604 2611 1524 13814.041 1732.721 
575 2663 1422 13821.979 1731.435 
559 2659 1489 13801.385 1729.671 
602 2635 1512 13810.72 1729.594 
588 2624 1507 13807.827 1733.033 
612 2615 1528 13807.649 1729.419 
611 2619 1521 13812.046 1729.838 
578 2655 1432 13814.808 1731.986 
609 2621 1522 13811.709 1729.913 
604 2605 1521 13811.008 1732.754 
584 2635 1491 13813.04 1732.106 
560 2657 1490 13801.196 1729.527 
605 2626 1531 13817.722 1730.513 
547 2677 1366 13775.297 1725.992 
616 2606 1539 13812.47 1730.426 
591 2640 1485 13813.249 1730.373 
611 2620 1520 13812.22 1729.945 
599 2620 1527 13814.477 1733.025 
522 2675 1375 13733.51 1718.208 
581 2633 1503 13812.709 1732.077 
610 2623 1516 13809.844 1729.086 
599 2627 1526 13819.086 1729.995 
596 2624 1506 13812.302 1732.986 
591 2640 1500 13811.084 1729.765 
538 2671 1392 13774.82 1724.005 
612 2622 1517 13810.958 1729.569 
589 2629 1504 13811.772 1731.624 
521 2678 1375 13733.454 1717.356 
600 2630 1516 13809.873 1729.14 
612 2609 1523 13808.662 1730.227 
516 2679 1394 13740.722 1719.838 
587 2634 1505 13813.667 1731.315 
597 2636 1508 13815.518 1728.076 
614 2616 1519 13805.685 1728.633 
588 2640 1506 13817.92 1730.785 
623 2596 1528 13805.372 1729.115 
584 2637 1509 13812.376 1730.577 
589 2623 1499 13812.713 1731.747 
608 2622 1524 13811.788 1729.932 
599 2626 1523 13811.214 1730.7 
522 2678 1368 13733.089 1720.098 
519 2697 1372 13749.695 1721.866 
608 2614 1537 13810.526 1731.205 
599 2624 1505 13808.927 1732.123 
580 2642 1517 13812.531 1730.801 
598 2631 1517 13813.94 1729.988 
609 2621 1520 13812.172 1730.334 
583 2643 1511 13814.203 1731.046 
525 2674 1414 13744.247 1720.045 
602 2629 1515 13814.472 1730.812 
594 2638 1511 13824.706 1729.94 
596 2636 1522 13820.824 1731.222 
