1012 4118 2371 13484.884 1682.189 
892 4508 2442 13639.613 1706.723 
880 4506 2445 13634.307 1706.247 
971 4447 2447 13677.538 1712.805 
935 4502 2450 13678.123 1711.753 
976 4470 2473 13686.69 1711.319 
880 4506 2446 13634.711 1706.226 
961 4488 2441 13673.404 1709.028 
983 4457 2477 13684.429 1710.708 
1004 4414 2488 13676.623 1711.829 
983 4413 2511 13676.672 1711.472 
988 4460 2481 13686.361 1710.478 
981 4452 2486 13679.718 1711.761 
857 4561 2373 13654.389 1709.528 
976 4467 2501 13689.432 1712.437 
973 4443 2503 13682.275 1712.819 
1010 4410 2526 13683.374 1712.574 
994 4443 2490 13679.031 1709.7 
954 4493 2506 13702.16 1712.995 
976 4454 2524 13692.783 1711.796 
985 4436 2503 13692.212 1712.188 
992 4442 2478 13685.434 1712.748 
952 4501 2469 13686.541 1712.243 
970 4479 2492 13690.771 1712.907 
997 4442 2504 13680.536 1710.876 
894 4505 2432 13639.149 1705.364 
878 4549 2470 13660.475 1711.034 
977 4467 2468 13689.536 1712.429 
993 4435 2497 13686.008 1713.01 
879 4509 2463 13644.63 1708.921 
983 4448 2488 13669.626 1709.157 
962 4463 2505 13689.643 1712.477 
898 4504 2446 13642.754 1704.925 
977 4457 2496 13686.851 1710.531 
893 4538 2420 13669.128 1710.604 
981 4476 2465 13691.243 1711.152 
1000 4426 2520 13680.476 1710.797 
