447 2739 1377 13732.613 1723.987 
447 2732 1379 13742.54 1724.803 
467 2727 1388 13740.943 1723.1 
447 2739 1376 13732.647 1723.988 
623 2678 1586 13909.064 1744.893 
465 2727 1375 13739.371 1724.601 
466 2733 1377 13741.455 1724.409 
455 2729 1368 13738.522 1725.011 
601 2709 1575 13923.944 1747.812 
452 2732 1371 13731.666 1724.767 
627 2667 1608 13906.486 1746.113 
622 2677 1586 13913.875 1748.323 
452 2732 1372 13731.896 1724.757 
585 2719 1562 13910.056 1745.042 
631 2661 1611 13910.735 1746.232 
622 2676 1591 13910.584 1747.069 
559 2726 1531 13883.619 1742.159 
595 2713 1584 13921.857 1744.668 
559 2726 1532 13882.924 1741.99 
560 2725 1530 13883.032 1742.061 
612 2688 1593 13910.816 1746.678 
583 2720 1543 13905.825 1745.298 
595 2710 1578 13903.561 1744.855 
625 2673 1594 13911.523 1747.51 
463 2731 1376 13739.921 1724.507 
446 2743 1373 13734.654 1723.562 
622 2675 1608 13914.5 1746.746 
604 2697 1599 13914.146 1746.353 
591 2711 1566 13908.616 1745.842 
616 2693 1586 13923.827 1747.529 
470 2737 1386 13743.557 1723.041 
612 2690 1600 13912.153 1745.956 
577 2724 1550 13906.246 1745.014 
619 2687 1593 13919.639 1748.639 
624 2676 1588 13910.263 1745.998 
436 2747 1374 13731.486 1722.726 
585 2716 1576 13913.913 1745.981 
626 2672 1595 13911.712 1747.549 
625 2671 1605 13912.573 1746.747 
586 2718 1564 13910.396 1745.148 
608 2697 1596 13911.755 1746.928 
453 2731 1378 13732.731 1723.703 
601 2707 1582 13914.89 1746.151 
453 2731 1379 13732.116 1723.697 
612 2678 1594 13906.644 1746.519 
444 2732 1368 13733.129 1724.967 
625 2674 1592 13916.318 1747.374 
591 2715 1553 13911.685 1745.051 
614 2681 1601 13914.77 1745.424 
614 2701 1587 13927.113 1748.902 
