315 1374 825 13959.911 1751.556 
338 1342 810 13946.038 1751.108 
346 1329 832 13925.329 1748.996 
307 1381 806 13939.181 1749.555 
342 1340 837 13965.277 1752.603 
311 1363 820 13950.179 1754.47 
312 1355 836 13935.984 1749.83 
336 1343 821 13950.953 1749.588 
344 1329 817 13926.47 1746.364 
318 1366 826 13964.186 1747.287 
307 1365 807 13947.938 1753.653 
324 1355 827 13945.679 1751.227 
321 1365 812 13961.205 1753.173 
336 1343 822 13950.887 1749.572 
360 1301 808 13903.544 1745.847 
378 1269 809 13873.044 1740.9 
315 1363 820 13961.466 1753.533 
360 1304 810 13907.537 1745.846 
343 1336 827 13939.498 1752.248 
318 1369 815 13962.494 1752.247 
360 1276 816 13861.621 1737.277 
356 1326 830 13941.13 1748.7 
325 1351 832 13945.018 1750.874 
331 1353 831 13948.282 1750.389 
349 1313 845 13940.68 1750.031 
320 1369 821 13958.264 1748.001 
314 1365 826 13961.588 1753.564 
317 1359 825 13961.305 1754.51 
348 1321 839 13937.431 1750.627 
322 1354 825 13944.419 1753.257 
323 1363 826 13975.117 1752.543 
316 1368 818 13960.539 1751.455 
315 1376 815 13958.976 1752.16 
295 1381 779 13963.973 1750.309 
377 1270 811 13874.546 1741.205 
311 1377 811 13957.27 1753.035 
373 1277 807 13870.059 1740.412 
334 1350 820 13965.539 1754.568 
328 1343 838 13955.194 1752.373 
308 1379 817 13962.687 1753.112 
370 1300 812 13910.134 1747.551 
337 1342 822 13952.127 1749.71 
317 1369 820 13959.49 1751.675 
333 1346 835 13955.776 1751.992 
326 1353 826 13961.301 1752.428 
315 1376 814 13958.988 1752.116 
319 1370 820 13957.339 1747.885 
319 1361 831 13950.444 1748.273 
333 1347 834 13945.942 1751.764 
349 1320 840 13939.271 1750.898 
320 1368 825 13976.029 1750.249 
377 1271 809 13874.072 1741.186 
312 1379 808 13948.761 1748.152 
316 1373 826 13958.984 1751.33 
323 1367 805 13950.622 1752.633 
299 1369 832 13953.431 1751.174 
325 1365 823 13959.435 1751.675 
336 1342 831 13950.064 1748.404 
315 1378 807 13959.155 1751.294 
314 1377 816 13965.497 1752.135 
323 1350 841 13957.324 1752.171 
300 1386 804 13936.497 1747.585 
340 1341 836 13965.508 1751.303 
330 1360 824 13979.194 1755.732 
335 1344 822 13949.29 1749.327 
350 1311 824 13909.684 1750.093 
334 1345 839 13954.558 1754.065 
374 1274 806 13870.162 1742.128 
334 1350 827 13957.913 1754.293 
320 1352 828 13934.559 1751.521 
373 1272 808 13866.561 1739.533 
333 1352 827 13960.11 1754.554 
318 1365 825 13967.391 1751.677 
336 1337 840 13925.285 1751.123 
306 1381 808 13957.027 1748.168 
329 1345 825 13960.715 1749.533 
341 1341 837 13964.751 1752.502 
319 1377 816 13960.577 1750.164 
325 1350 832 13946.692 1751.695 
305 1380 829 13977.056 1752.38 
298 1390 795 13936.318 1747.004 
