308 1332 832 13891.621 1740.144 
313 1342 823 13907.752 1746.472 
324 1336 828 13928.305 1746.016 
327 1326 816 13906.374 1742.284 
278 1425 781 13998.558 1755.978 
319 1348 781 13923.858 1745.566 
306 1367 803 13946.728 1751.733 
301 1411 819 14023.223 1759.298 
300 1405 818 14023.782 1759.541 
279 1424 782 13999.882 1755.991 
317 1341 826 13927.201 1746.596 
318 1337 815 13912.956 1745.911 
318 1344 802 13904.789 1742.823 
311 1352 815 13923.46 1745.927 
298 1413 819 14017.498 1758.42 
310 1346 809 13893.825 1746.508 
320 1340 808 13892.561 1740.356 
319 1319 837 13889.158 1739.486 
301 1411 818 14023.794 1759.31 
288 1420 804 14015.103 1759.831 
331 1321 793 13891.21 1740.762 
297 1414 819 14019.133 1758.757 
293 1421 818 14033.879 1759.731 
333 1304 826 13882.166 1739.156 
314 1329 832 13895.098 1739.47 
299 1406 817 14023.682 1759.52 
319 1344 801 13904.453 1742.842 
326 1336 830 13924.33 1745.632 
330 1319 808 13897.693 1742.903 
265 1437 776 13974.21 1757.482 
295 1415 813 14016.673 1759.964 
329 1323 834 13917.804 1744.374 
303 1405 816 14020.389 1758.169 
327 1327 787 13889.487 1739.407 
315 1337 831 13913.402 1744.7 
296 1416 818 14019.422 1758.955 
310 1346 809 13895.094 1746.505 
301 1412 821 14025.255 1758.316 
335 1317 807 13893.461 1741.664 
337 1315 810 13898.586 1740.036 
313 1344 814 13906.74 1742.423 
307 1365 802 13944.267 1751.295 
307 1363 804 13947.324 1754.403 
305 1397 816 14012.598 1757.709 
331 1323 792 13890.462 1739.962 
327 1327 784 13890.155 1739.599 
317 1359 803 13954.241 1750.849 
322 1336 831 13924.605 1745.287 
320 1338 815 13910.961 1744.726 
336 1316 808 13893.96 1741.789 
314 1338 830 13910.107 1743.058 
284 1423 787 14002.657 1757.311 
303 1405 822 14017.49 1758.335 
330 1324 792 13895.045 1741.031 
331 1321 794 13891.359 1740.674 
