186 716 465 14309.397 1799.708 
192 706 474 14286.949 1797.123 
170 737 444 14278.935 1791.446 
156 748 427 14276.199 1793.603 
195 706 458 14281.272 1792.472 
189 707 475 14288.772 1795.016 
189 719 459 14285.899 1792.679 
185 714 469 14268.433 1790.961 
179 728 458 14322.661 1799.886 
202 676 441 14141.009 1777.941 
176 721 471 14277.767 1794.844 
195 701 469 14260.866 1791.458 
162 740 429 14268.327 1788.613 
183 724 452 14311.563 1800.002 
172 734 445 14261.136 1787.687 
194 708 444 14252.874 1795.736 
167 738 440 14276.484 1790.501 
166 734 438 14277.729 1792.269 
183 719 453 14300.592 1798.502 
203 676 445 14148.997 1775.072 
180 712 470 14263.147 1793.861 
189 711 468 14285.891 1797.154 
163 739 430 14252.409 1788.257 
183 727 457 14303.849 1798.042 
192 706 461 14275.888 1797.131 
187 724 451 14297.812 1794.018 
191 712 457 14288.122 1798.194 
181 723 459 14315.892 1801.043 
176 721 470 14277.819 1794.852 
191 708 470 14285.281 1797.017 
203 675 442 14140.362 1777.856 
162 742 432 14261.106 1789.715 
159 740 435 14266.288 1790.078 
158 741 434 14247.487 1786.035 
187 724 449 14297.311 1797.321 
185 717 465 14306.397 1798.935 
162 738 429 14264.564 1793.678 
201 680 449 14154.527 1778.294 
189 718 446 14272.042 1795.231 
175 722 470 14276.361 1794.65 
200 697 463 14253.199 1791.021 
190 717 460 14283.269 1792.372 
190 711 461 14296.86 1796.875 
167 734 434 14279.347 1792.498 
191 709 463 14252.738 1793.704 
180 726 465 14300.107 1798.327 
202 673 453 14136.437 1774.558 
184 726 456 14300.536 1797.594 
186 721 457 14274.678 1792.899 
160 739 435 14263.804 1790.562 
188 704 477 14271.929 1793.485 
175 724 467 14288.24 1796.39 
193 704 464 14278.086 1796.752 
201 674 451 14127.087 1771.111 
194 717 455 14282.431 1794.199 
161 742 431 14268.101 1791.653 
180 727 457 14316.224 1798.743 
178 729 457 14322.868 1799.896 
192 710 457 14272.515 1791.384 
165 732 436 14264.932 1794.127 
188 712 466 14286.176 1797.314 
196 702 458 14239.51 1787.508 
186 717 458 14303.268 1799.065 
192 708 462 14258.684 1788.493 
174 731 457 14298.334 1798.437 
166 734 436 14272.857 1792.965 
205 674 450 14175.049 1781.107 
175 731 453 14330.661 1798.138 
193 707 464 14260.057 1788.564 
155 749 426 14275.592 1793.496 
205 675 449 14154.553 1776.187 
190 708 467 14287.481 1795.42 
182 722 457 14302.886 1800.582 
189 716 461 14292.647 1793.0 
184 719 466 14327.853 1798.131 
191 716 461 14265.592 1790.161 
