716 3153 1798 13671.047 1711.313 
691 3288 1790 13774.605 1723.694 
714 3240 1755 13725.161 1719.698 
661 3305 1764 13744.92 1719.836 
689 3256 1801 13731.114 1719.979 
714 3192 1794 13706.98 1716.281 
685 3275 1801 13743.297 1721.707 
688 3283 1796 13765.062 1721.765 
641 3307 1705 13709.194 1720.539 
699 3264 1766 13734.581 1719.756 
710 3233 1776 13735.297 1721.627 
716 3199 1787 13699.407 1715.31 
694 3262 1786 13750.838 1722.121 
692 3281 1737 13733.492 1719.907 
714 3210 1782 13714.805 1718.012 
699 3262 1776 13750.026 1720.645 
696 3261 1765 13754.928 1723.646 
698 3245 1801 13735.938 1721.761 
720 3211 1765 13716.536 1718.517 
717 3189 1782 13698.857 1714.321 
705 3239 1779 13736.129 1721.667 
644 3306 1742 13725.642 1721.421 
694 3263 1796 13739.207 1721.159 
652 3305 1756 13737.547 1720.046 
687 3292 1772 13758.231 1721.981 
716 3183 1789 13693.511 1715.19 
702 3258 1754 13748.529 1723.118 
705 3234 1789 13744.275 1720.222 
696 3273 1761 13754.956 1721.752 
694 3262 1797 13738.898 1721.099 
693 3265 1797 13739.726 1721.204 
692 3266 1767 13747.437 1721.901 
703 3254 1779 13736.46 1720.34 
705 3247 1801 13740.763 1719.344 
709 3247 1788 13751.502 1719.576 
678 3294 1784 13760.884 1722.851 
713 3245 1782 13754.565 1720.087 
703 3232 1784 13740.8 1721.388 
715 3225 1768 13721.823 1720.078 
713 3225 1787 13725.775 1718.954 
692 3265 1751 13745.157 1722.857 
703 3244 1785 13741.927 1721.113 
708 3240 1802 13736.827 1719.543 
702 3260 1788 13754.969 1722.081 
719 3183 1787 13690.419 1713.134 
698 3263 1765 13756.265 1722.399 
705 3250 1789 13739.66 1720.042 
653 3301 1761 13735.81 1721.399 
707 3240 1809 13738.721 1721.507 
710 3225 1780 13725.81 1720.205 
707 3263 1774 13747.887 1721.76 
709 3233 1789 13731.606 1719.964 
703 3259 1777 13740.217 1722.019 
709 3226 1792 13737.824 1720.949 
694 3274 1756 13744.881 1722.077 
688 3300 1768 13755.852 1724.218 
708 3242 1773 13738.2 1720.355 
642 3308 1691 13707.889 1718.259 
706 3263 1753 13753.352 1721.965 
716 3215 1767 13708.957 1715.725 
701 3261 1788 13754.86 1722.058 
726 3195 1770 13706.936 1714.597 
688 3258 1801 13731.735 1720.07 
716 3209 1777 13712.357 1716.909 
693 3273 1761 13743.319 1722.609 
695 3264 1777 13747.356 1722.873 
708 3233 1780 13734.566 1721.359 
705 3271 1757 13762.17 1722.731 
709 3236 1779 13737.575 1721.32 
725 3186 1783 13697.764 1714.184 
691 3251 1791 13742.728 1719.291 
705 3260 1775 13747.13 1722.931 
707 3237 1777 13735.34 1722.22 
698 3252 1789 13744.743 1719.301 
713 3220 1789 13730.599 1720.805 
678 3292 1794 13761.741 1721.896 
