148 735 439 14206.375 1788.335 
175 696 460 14167.09 1785.554 
161 720 446 14193.035 1791.689 
163 723 440 14221.031 1794.754 
205 636 438 14001.507 1758.144 
206 633 425 13982.939 1752.873 
162 722 444 14222.49 1793.902 
160 728 438 14228.439 1795.534 
195 655 435 14021.052 1765.026 
184 680 434 14079.145 1773.564 
170 717 443 14222.817 1791.464 
181 674 428 14060.077 1775.377 
161 725 443 14225.352 1794.229 
178 678 456 14103.507 1773.984 
186 664 424 14031.903 1769.226 
164 722 441 14221.598 1794.76 
173 700 448 14169.618 1788.677 
188 663 434 14057.211 1772.431 
162 723 441 14224.126 1792.948 
180 676 452 14103.345 1776.178 
165 727 439 14249.746 1799.736 
157 730 444 14208.084 1792.859 
150 736 432 14219.765 1786.541 
184 680 432 14075.839 1773.799 
160 728 439 14226.813 1794.026 
178 704 446 14201.459 1785.339 
172 704 465 14185.303 1784.773 
166 721 437 14209.684 1795.696 
177 687 451 14133.785 1782.273 
165 723 442 14215.597 1792.298 
179 677 453 14120.452 1777.624 
196 652 435 14010.719 1764.524 
169 718 442 14220.128 1791.199 
196 653 434 14011.158 1764.59 
171 714 450 14216.231 1790.23 
171 716 442 14215.735 1790.215 
169 699 461 14163.929 1785.61 
203 641 434 14020.058 1760.39 
166 716 446 14225.527 1795.258 
157 734 440 14220.815 1789.663 
162 721 447 14198.519 1787.582 
177 705 445 14198.514 1785.099 
192 657 439 14008.09 1759.131 
154 736 434 14213.0 1784.608 
181 686 431 14084.594 1770.983 
202 641 440 13982.636 1761.439 
183 682 454 14124.81 1774.923 
173 698 452 14153.446 1784.319 
148 737 431 14207.48 1784.636 
185 673 441 14079.249 1772.628 
160 727 451 14239.748 1795.382 
177 682 455 14125.221 1777.052 
185 661 441 14050.525 1773.139 
170 701 451 14162.321 1785.02 
198 649 450 14026.388 1761.772 
174 712 447 14211.739 1788.551 
202 643 443 14038.306 1758.769 
148 731 443 14150.863 1782.512 
157 729 448 14224.735 1792.986 
163 724 443 14225.462 1790.734 
206 630 435 13973.322 1754.122 
196 652 447 14025.938 1763.138 
188 657 440 14001.086 1759.675 
167 720 440 14219.215 1790.927 
173 703 454 14183.751 1783.784 
169 711 459 14212.998 1788.309 
166 718 454 14214.73 1791.718 
161 724 443 14222.335 1794.282 
204 643 446 14017.814 1759.424 
191 653 436 14012.927 1760.258 
199 645 429 13999.438 1760.256 
168 718 448 14222.408 1792.898 
205 633 438 14018.24 1761.583 
