911 3891 2236 13773.316 1729.34 
905 3911 2229 13776.54 1729.806 
865 3962 2192 13773.112 1727.379 
811 3997 2207 13768.523 1727.05 
846 3976 2215 13781.922 1726.616 
845 3982 2220 13780.3 1727.4 
848 3969 2233 13781.155 1727.106 
865 3954 2232 13783.697 1730.299 
876 3945 2221 13779.394 1729.31 
856 3973 2204 13762.591 1725.186 
868 3950 2237 13789.658 1728.719 
853 3985 2214 13796.532 1729.668 
853 3973 2219 13780.089 1727.347 
821 4009 2201 13786.781 1728.755 
874 3921 2247 13774.925 1730.01 
844 3979 2218 13781.53 1727.872 
871 3947 2235 13781.054 1730.85 
842 3970 2228 13787.321 1728.961 
865 3950 2256 13785.296 1730.836 
848 3972 2228 13772.202 1725.512 
878 3958 2236 13782.895 1728.3 
842 3993 2225 13789.519 1730.422 
851 3968 2212 13788.63 1729.796 
811 4003 2215 13766.995 1727.169 
864 3967 2256 13796.003 1731.605 
906 3917 2220 13772.912 1728.388 
812 4002 2215 13767.071 1727.14 
842 3970 2248 13782.935 1727.532 
837 3987 2237 13784.079 1727.529 
825 3994 2202 13785.589 1729.05 
818 4006 2200 13782.348 1729.171 
905 3915 2247 13778.256 1729.011 
889 3939 2238 13788.5 1730.652 
908 3894 2243 13773.088 1728.142 
836 3998 2202 13792.936 1728.731 
884 3929 2243 13783.14 1729.023 
873 3934 2249 13776.602 1727.169 
890 3931 2240 13787.491 1729.757 
849 3979 2219 13769.447 1725.754 
876 3932 2254 13775.322 1725.802 
876 3941 2224 13778.139 1729.028 
872 3946 2235 13781.094 1730.859 
884 3937 2242 13786.817 1730.376 
843 3984 2227 13775.979 1726.641 
845 3982 2219 13780.346 1727.401 
844 3983 2220 13780.713 1727.41 
850 3974 2239 13772.165 1726.175 
875 3942 2224 13778.612 1729.049 
881 3904 2256 13762.113 1726.088 
858 3971 2212 13775.659 1726.909 
873 3922 2246 13774.515 1730.014 
804 4031 2208 13771.751 1727.396 
876 3941 2223 13778.382 1729.097 
852 3975 2227 13784.963 1727.887 
872 3949 2261 13794.586 1730.791 
838 3985 2229 13780.203 1726.212 
837 3985 2229 13788.085 1730.796 
833 3993 2241 13787.188 1728.454 
853 3973 2226 13773.755 1726.005 
853 3972 2227 13773.533 1725.913 
900 3908 2253 13781.116 1729.797 
898 3911 2233 13778.814 1730.491 
899 3923 2222 13773.124 1728.494 
892 3926 2241 13778.681 1729.787 
874 3958 2217 13783.83 1728.437 
838 3995 2199 13784.992 1728.352 
893 3920 2245 13782.32 1730.157 
845 3972 2238 13784.796 1729.58 
818 4006 2199 13782.368 1729.173 
