476 2057 1256 14004.788 1758.472 
444 2096 1204 14004.652 1757.866 
483 2061 1260 14009.773 1755.957 
418 2100 1154 13949.692 1749.914 
460 2080 1244 14008.463 1757.116 
471 2067 1252 14006.871 1755.718 
445 2088 1210 13994.159 1759.185 
454 2078 1234 14005.595 1758.511 
490 2026 1247 13984.269 1754.004 
470 2073 1243 14011.437 1757.76 
466 2078 1218 14024.143 1759.028 
487 2038 1262 13991.908 1752.315 
450 2093 1200 14003.213 1760.461 
461 2066 1250 13995.164 1755.893 
452 2080 1230 14005.686 1757.881 
461 2076 1221 13992.304 1755.668 
465 2076 1237 13996.842 1753.942 
448 2084 1207 13995.459 1758.517 
482 2061 1244 14011.1 1756.513 
494 2019 1224 13972.734 1754.397 
457 2078 1231 13999.973 1757.2 
450 2088 1201 13999.875 1759.545 
460 2070 1249 14007.711 1756.919 
490 2029 1251 13977.401 1751.418 
455 2084 1205 13983.246 1753.554 
476 2068 1247 14003.652 1754.975 
484 2053 1249 14009.326 1757.322 
491 2025 1252 13974.809 1751.461 
462 2075 1236 14000.968 1758.011 
453 2087 1204 14001.147 1760.208 
452 2080 1232 14004.276 1758.271 
457 2076 1240 14004.385 1757.283 
469 2069 1245 13997.712 1754.651 
491 2027 1240 13974.9 1751.31 
486 2042 1236 13988.845 1754.571 
437 2098 1196 13993.506 1757.593 
419 2099 1155 13952.15 1750.367 
477 2066 1247 14007.994 1758.334 
454 2085 1204 13999.787 1759.886 
456 2083 1212 14009.372 1757.129 
478 2066 1247 14004.318 1756.015 
476 2070 1234 14003.807 1755.558 
481 2056 1244 14003.628 1756.675 
435 2094 1208 13987.081 1755.505 
479 2066 1245 14005.508 1754.889 
488 2030 1235 13969.908 1754.258 
446 2086 1204 14001.288 1759.218 
440 2094 1199 13993.792 1758.527 
446 2083 1218 13997.774 1758.217 
453 2083 1219 14002.036 1756.138 
494 2026 1246 13985.791 1753.399 
470 2058 1254 13996.869 1755.964 
482 2058 1245 14006.518 1756.509 
440 2081 1223 13983.219 1755.792 
466 2073 1225 14002.262 1757.914 
485 2055 1252 14011.939 1756.548 
448 2088 1201 13999.803 1759.739 
489 2029 1234 13984.664 1754.587 
444 2088 1202 13997.768 1758.065 
487 2034 1233 13988.957 1754.293 
471 2070 1228 13997.776 1756.697 
490 2029 1250 13977.532 1751.438 
471 2067 1233 14003.706 1756.002 
489 2024 1243 13986.159 1754.18 
488 2030 1236 13969.835 1754.255 
478 2068 1239 14007.708 1755.822 
495 2019 1241 13979.077 1753.269 
463 2075 1236 14000.348 1757.518 
458 2077 1231 13999.83 1757.165 
487 2018 1249 13979.566 1753.407 
491 2026 1228 13979.009 1754.696 
488 2027 1239 13981.217 1753.368 
487 2023 1255 13980.535 1753.16 
490 2020 1248 13970.848 1751.865 
487 2031 1235 13978.322 1753.102 
493 2015 1247 13965.958 1750.285 
492 2023 1247 13980.032 1751.268 
