596 2664 1538 13836.758 1731.85 
594 2680 1536 13856.521 1735.043 
605 2648 1537 13850.101 1732.805 
607 2646 1542 13844.822 1733.106 
608 2646 1528 13836.72 1732.292 
608 2649 1537 13840.567 1732.13 
601 2658 1536 13846.35 1732.579 
619 2602 1524 13792.526 1727.834 
597 2665 1535 13842.928 1733.139 
621 2592 1539 13796.462 1728.592 
610 2632 1552 13824.538 1731.113 
617 2639 1549 13847.505 1733.547 
598 2656 1554 13839.6 1732.304 
626 2593 1538 13803.766 1726.977 
598 2667 1525 13839.29 1731.094 
596 2661 1558 13854.677 1734.765 
580 2695 1520 13841.274 1732.807 
604 2639 1544 13835.53 1733.604 
602 2656 1528 13831.366 1730.697 
609 2635 1552 13825.53 1731.742 
608 2639 1558 13830.53 1732.128 
637 2587 1530 13799.651 1727.895 
588 2674 1551 13853.613 1733.746 
616 2614 1554 13815.119 1731.174 
604 2652 1546 13849.33 1733.331 
618 2598 1536 13793.987 1726.51 
609 2632 1554 13825.856 1731.417 
597 2662 1540 13847.038 1734.065 
585 2675 1554 13855.748 1734.549 
586 2686 1543 13860.838 1734.947 
600 2663 1542 13844.873 1733.408 
607 2655 1557 13847.802 1733.06 
585 2675 1556 13854.265 1734.101 
599 2658 1552 13853.504 1734.497 
583 2679 1549 13853.272 1734.342 
597 2657 1556 13840.961 1732.609 
595 2673 1548 13861.504 1735.645 
585 2678 1551 13860.312 1734.437 
613 2630 1562 13829.23 1732.564 
588 2667 1557 13850.588 1733.942 
589 2679 1539 13858.585 1734.922 
609 2637 1554 13827.49 1730.961 
599 2663 1549 13849.252 1733.085 
596 2657 1543 13850.764 1735.007 
608 2645 1543 13845.001 1733.115 
605 2645 1541 13845.5 1733.608 
609 2634 1561 13828.553 1731.329 
586 2678 1551 13856.132 1734.117 
583 2674 1545 13854.227 1735.058 
579 2687 1542 13832.692 1731.734 
586 2687 1531 13843.776 1733.238 
581 2693 1524 13844.934 1732.975 
628 2586 1521 13794.043 1728.293 
588 2676 1554 13832.622 1730.932 
631 2589 1535 13796.155 1726.239 
611 2634 1553 13827.57 1730.824 
608 2642 1565 13834.728 1731.858 
591 2682 1530 13856.028 1735.034 
593 2663 1555 13850.974 1734.041 
587 2677 1554 13858.075 1733.413 
607 2655 1556 13847.815 1733.06 
582 2677 1554 13855.213 1734.168 
585 2681 1545 13840.333 1731.855 
620 2601 1524 13792.106 1727.726 
576 2695 1534 13847.013 1732.223 
598 2663 1540 13849.296 1733.242 
601 2659 1541 13842.593 1732.863 
626 2598 1526 13809.851 1727.122 
591 2673 1556 13861.485 1734.589 
581 2676 1536 13855.309 1735.741 
573 2698 1519 13852.444 1733.764 
584 2692 1539 13850.849 1734.029 
630 2591 1532 13794.212 1725.828 
588 2678 1550 13858.445 1734.894 
589 2692 1529 13851.553 1732.913 
595 2676 1550 13862.745 1734.819 
568 2699 1527 13841.982 1731.49 
595 2665 1557 13849.312 1733.087 
597 2655 1558 13847.928 1733.142 
