1006 4574 2541 13753.015 1722.729 
1080 4421 2521 13707.1 1716.459 
1003 4535 2575 13740.529 1721.199 
1075 4434 2569 13719.597 1719.243 
1013 4541 2570 13740.687 1720.836 
1014 4559 2560 13752.13 1722.386 
1007 4550 2565 13740.572 1721.052 
1019 4494 2593 13731.827 1719.276 
1033 4516 2506 13730.921 1720.508 
1007 4550 2566 13740.558 1721.05 
1016 4513 2561 13744.364 1722.608 
1009 4568 2535 13752.23 1722.404 
1063 4447 2569 13720.015 1719.535 
1001 4563 2545 13745.871 1721.771 
959 4586 2497 13728.876 1720.016 
1036 4475 2569 13735.031 1720.425 
1032 4505 2547 13733.532 1719.806 
978 4576 2517 13738.134 1720.59 
1063 4461 2527 13716.277 1716.233 
1018 4514 2560 13735.576 1720.712 
1001 4572 2543 13754.012 1723.05 
978 4576 2523 13736.622 1720.218 
1026 4501 2570 13731.504 1720.444 
1015 4523 2570 13734.874 1720.827 
1028 4497 2577 13735.945 1719.421 
1022 4502 2576 13737.701 1720.684 
1085 4420 2549 13712.167 1716.269 
1082 4422 2543 13706.528 1715.535 
1035 4466 2580 13723.806 1719.149 
1096 4405 2556 13707.564 1716.029 
1023 4528 2543 13733.275 1719.913 
1028 4500 2553 13740.438 1721.874 
1031 4491 2589 13740.658 1721.187 
1006 4551 2566 13740.672 1721.065 
1058 4452 2558 13717.686 1719.186 
1078 4446 2558 13728.5 1720.384 
1044 4481 2539 13716.642 1717.622 
1032 4485 2566 13725.628 1717.422 
1039 4489 2545 13730.486 1720.117 
1026 4497 2569 13734.103 1719.887 
1018 4533 2556 13739.666 1721.364 
1011 4532 2561 13738.384 1721.207 
1032 4499 2564 13727.798 1719.168 
1053 4479 2556 13724.052 1719.545 
980 4582 2511 13737.313 1720.107 
1016 4505 2564 13730.448 1721.434 
994 4570 2548 13739.949 1721.009 
990 4560 2550 13728.644 1718.646 
1032 4491 2530 13718.83 1720.668 
1054 4455 2549 13713.781 1717.404 
1029 4514 2567 13739.394 1720.439 
1032 4511 2563 13732.841 1719.469 
990 4560 2551 13728.636 1718.645 
1025 4512 2547 13738.419 1720.823 
1026 4500 2570 13731.593 1720.458 
1006 4528 2581 13742.205 1721.135 
1024 4508 2590 13741.41 1720.498 
1021 4513 2571 13736.688 1719.377 
1066 4451 2568 13724.243 1720.071 
1038 4475 2548 13719.506 1720.043 
1035 4499 2562 13738.578 1719.945 
1035 4481 2577 13731.658 1719.656 
1036 4475 2569 13734.974 1720.489 
1036 4504 2535 13730.994 1720.168 
1017 4511 2561 13744.041 1722.645 
1034 4500 2562 13738.445 1719.914 
1034 4506 2527 13725.724 1718.477 
994 4511 2585 13722.093 1719.208 
999 4532 2570 13743.724 1721.531 
1056 4463 2542 13720.159 1716.551 
1021 4546 2555 13741.636 1720.774 
1013 4520 2563 13741.113 1721.504 
1015 4506 2591 13730.136 1718.602 
1017 4524 2581 13738.091 1720.821 
1032 4483 2564 13732.475 1720.159 
1027 4493 2568 13736.898 1720.747 
