562 2582 1443 13702.198 1715.452 
582 2567 1467 13698.619 1715.949 
566 2581 1444 13711.732 1717.709 
507 2685 1425 13771.726 1728.202 
526 2677 1466 13794.842 1731.424 
557 2590 1439 13714.804 1718.918 
492 2697 1426 13772.754 1727.545 
502 2688 1443 13776.808 1728.911 
554 2623 1464 13767.303 1729.673 
516 2684 1438 13786.247 1731.143 
584 2577 1462 13715.83 1718.945 
509 2684 1437 13787.097 1730.6 
518 2678 1443 13774.947 1730.075 
517 2683 1439 13786.544 1731.183 
585 2565 1465 13701.918 1716.195 
526 2676 1468 13794.27 1731.301 
503 2687 1428 13775.824 1729.692 
604 2535 1488 13696.632 1715.112 
599 2540 1467 13686.12 1714.659 
516 2683 1450 13793.769 1730.407 
597 2539 1463 13689.383 1715.297 
499 2686 1434 13774.327 1728.949 
503 2687 1443 13776.774 1728.905 
586 2564 1467 13703.441 1716.341 
520 2681 1442 13787.851 1731.307 
519 2683 1442 13783.88 1731.049 
537 2660 1461 13784.301 1729.663 
502 2689 1427 13782.166 1729.381 
593 2563 1493 13714.57 1718.049 
541 2642 1446 13778.904 1731.196 
605 2534 1489 13697.461 1715.172 
545 2643 1468 13791.336 1729.972 
593 2559 1486 13715.959 1718.319 
592 2560 1483 13715.631 1717.841 
584 2566 1465 13701.698 1716.167 
540 2659 1470 13793.082 1731.603 
502 2691 1443 13772.833 1728.19 
546 2633 1468 13775.048 1728.747 
585 2576 1463 13715.717 1718.937 
553 2627 1456 13772.516 1726.764 
594 2543 1474 13692.33 1714.515 
528 2675 1470 13796.238 1731.652 
543 2646 1464 13789.319 1729.442 
543 2647 1461 13792.309 1729.874 
