1062 4504 2578 13758.447 1723.868 
1059 4513 2631 13777.128 1726.191 
1054 4501 2635 13764.932 1724.15 
1035 4537 2607 13784.926 1725.908 
992 4575 2564 13780.337 1726.438 
1038 4552 2595 13777.552 1725.94 
1045 4521 2622 13766.376 1725.062 
1046 4531 2608 13774.919 1725.964 
1024 4552 2615 13782.25 1726.015 
1034 4538 2597 13786.781 1727.083 
1030 4553 2594 13775.656 1725.749 
1029 4551 2597 13784.48 1726.044 
1021 4555 2611 13787.361 1726.466 
1045 4521 2623 13766.349 1725.061 
1026 4546 2603 13784.892 1726.118 
1042 4535 2602 13785.502 1727.469 
1027 4539 2599 13777.497 1727.264 
1037 4549 2602 13778.443 1725.94 
1001 4570 2574 13783.668 1727.075 
1024 4552 2581 13784.63 1726.546 
1041 4534 2630 13772.415 1725.581 
1053 4525 2595 13773.59 1725.741 
1033 4547 2600 13779.932 1726.036 
1031 4552 2612 13776.581 1725.463 
1052 4532 2600 13776.462 1725.913 
1045 4524 2614 13781.015 1725.409 
1037 4543 2632 13779.262 1727.015 
1027 4545 2606 13786.368 1726.826 
1041 4532 2604 13783.283 1727.346 
1040 4540 2635 13778.386 1726.748 
1039 4541 2599 13789.319 1726.484 
1046 4517 2600 13787.539 1726.119 
1031 4556 2581 13780.599 1725.475 
1033 4544 2614 13791.196 1727.212 
991 4576 2564 13780.328 1726.436 
1028 4553 2589 13783.81 1726.311 
1044 4556 2609 13786.638 1725.474 
1068 4494 2631 13775.962 1726.108 
1038 4551 2596 13777.232 1725.892 
1030 4554 2595 13775.956 1725.709 
1044 4530 2596 13779.944 1726.443 
1052 4532 2602 13776.458 1725.916 
1047 4538 2593 13778.548 1726.684 
1045 4533 2610 13774.603 1725.193 
1024 4549 2587 13784.032 1726.134 
1025 4550 2603 13784.491 1725.719 
1046 4546 2594 13787.283 1726.656 
1040 4537 2611 13784.995 1725.62 
1023 4557 2600 13787.847 1726.803 
1037 4546 2603 13779.026 1726.178 
1044 4515 2624 13768.802 1724.192 
992 4577 2564 13780.289 1726.542 
1037 4543 2633 13779.234 1727.015 
1044 4526 2607 13786.24 1726.42 
1022 4556 2606 13782.866 1726.489 
1016 4560 2586 13781.338 1726.502 
1049 4523 2620 13784.621 1725.747 
1030 4553 2593 13781.833 1726.242 
1041 4532 2628 13770.999 1726.252 
1025 4563 2582 13788.821 1726.387 
1044 4526 2615 13781.777 1725.563 
1024 4553 2604 13786.791 1725.921 
1044 4530 2597 13778.44 1726.146 
1059 4524 2609 13776.725 1726.141 
1060 4498 2624 13769.19 1725.124 
1050 4521 2602 13779.069 1725.423 
1047 4519 2596 13782.663 1725.875 
1054 4525 2596 13772.13 1725.774 
1028 4545 2619 13774.023 1724.595 
