1098 5132 2765 13683.499 1715.036 
1129 5056 2835 13671.319 1712.999 
1083 5137 2744 13678.746 1713.781 
1113 5098 2784 13679.426 1714.375 
1098 5121 2787 13687.47 1713.927 
1119 5082 2772 13668.69 1712.192 
1082 5149 2753 13678.335 1714.184 
1047 5168 2747 13660.764 1711.245 
1085 5116 2791 13668.709 1710.988 
1101 5121 2772 13674.28 1712.818 
1132 5055 2824 13671.22 1711.717 
1117 5089 2801 13677.635 1713.567 
1136 5037 2815 13659.466 1710.793 
1092 5091 2800 13666.222 1713.722 
1086 5136 2743 13670.843 1712.708 
1091 5100 2814 13672.181 1712.072 
1075 5137 2755 13673.798 1714.113 
1083 5151 2750 13674.627 1713.9 
1088 5125 2772 13671.501 1713.84 
1121 5080 2786 13673.941 1713.55 
1141 5034 2815 13663.211 1710.637 
1089 5111 2791 13668.389 1710.949 
1121 5061 2826 13669.879 1712.381 
1081 5138 2754 13678.463 1714.428 
1135 5031 2800 13653.258 1710.794 
1127 5061 2806 13669.866 1711.668 
1114 5105 2786 13681.139 1713.459 
1130 5049 2834 13670.083 1712.19 
1092 5082 2806 13662.955 1714.161 
1097 5125 2768 13681.017 1714.291 
1142 5021 2773 13647.66 1710.93 
1096 5099 2796 13666.307 1711.907 
1120 5072 2815 13668.125 1712.479 
1099 5118 2777 13674.944 1713.055 
1102 5124 2770 13671.469 1713.267 
1104 5097 2796 13670.438 1711.211 
1079 5140 2751 13678.28 1714.392 
1114 5091 2781 13677.197 1713.85 
1121 5072 2808 13669.625 1711.79 
1103 5096 2799 13666.693 1711.873 
1131 5058 2831 13679.093 1713.281 
1098 5126 2782 13679.545 1712.883 
1103 5110 2795 13683.805 1714.429 
1121 5071 2816 13668.13 1712.48 
1118 5091 2787 13671.277 1712.515 
1096 5113 2789 13674.444 1712.832 
1118 5081 2817 13670.66 1712.985 
1082 5124 2770 13671.731 1713.485 
1086 5108 2805 13667.246 1712.614 
1109 5100 2792 13683.909 1713.869 
1110 5112 2779 13673.88 1712.891 
1030 5174 2723 13660.81 1712.344 
1118 5084 2778 13670.262 1713.499 
1106 5116 2775 13681.049 1714.032 
1084 5135 2774 13675.308 1712.724 
1123 5069 2779 13664.092 1710.943 
1084 5127 2767 13677.679 1713.699 
1118 5080 2801 13677.029 1712.402 
1105 5094 2812 13674.589 1712.793 
1119 5076 2802 13671.754 1712.303 
1038 5165 2738 13662.527 1712.102 
1108 5115 2784 13681.823 1713.997 
1100 5096 2806 13671.175 1713.146 
1112 5109 2792 13684.74 1713.859 
1083 5136 2774 13675.255 1712.713 
1116 5070 2834 13668.184 1712.987 
1119 5077 2791 13666.181 1712.234 
1140 5012 2794 13646.694 1710.722 
1085 5135 2766 13663.335 1711.934 
1084 5142 2780 13671.444 1712.985 
1121 5073 2807 13667.14 1712.402 
1112 5101 2792 13680.959 1714.242 
1115 5088 2824 13675.995 1714.038 
