449 2031 1176 13912.571 1741.544 
485 2014 1176 13914.213 1738.84 
487 1983 1194 13886.975 1734.902 
448 2035 1176 13908.297 1740.632 
497 1986 1176 13901.695 1737.213 
484 2014 1179 13916.866 1739.385 
492 1993 1172 13907.137 1738.865 
478 2007 1204 13898.346 1738.534 
500 1955 1184 13875.255 1735.096 
476 1995 1204 13903.243 1736.896 
489 1990 1184 13910.437 1737.233 
487 1998 1178 13910.018 1739.904 
464 2030 1161 13893.537 1735.928 
466 2029 1193 13914.895 1740.328 
493 1992 1186 13909.649 1741.87 
487 2001 1184 13909.808 1737.553 
497 1980 1184 13896.969 1737.525 
436 2060 1170 13911.231 1740.284 
481 2006 1193 13906.474 1740.065 
483 2005 1197 13909.67 1740.52 
451 2041 1179 13912.56 1739.313 
488 1999 1179 13902.69 1739.702 
483 2005 1175 13910.702 1739.618 
495 1988 1181 13905.498 1739.368 
499 1986 1174 13904.748 1735.997 
463 2039 1188 13918.54 1739.382 
452 2039 1179 13911.792 1740.328 
489 1971 1216 13890.795 1736.447 
454 2040 1176 13912.709 1738.058 
454 2036 1185 13916.21 1740.197 
499 1977 1178 13891.15 1737.451 
448 2039 1174 13919.011 1740.165 
498 1968 1179 13878.168 1736.0 
487 1983 1196 13884.167 1735.183 
486 1984 1197 13884.04 1735.154 
484 2006 1186 13903.307 1737.165 
486 1988 1194 13904.423 1741.194 
495 1990 1179 13899.012 1735.717 
490 1988 1190 13912.116 1739.438 
455 2037 1182 13903.493 1739.436 
469 2027 1190 13931.995 1742.526 
483 2001 1198 13905.241 1736.546 
484 1978 1198 13886.762 1739.174 
488 2001 1178 13911.59 1737.905 
473 2021 1188 13914.439 1739.08 
447 2046 1178 13920.487 1740.756 
486 1999 1195 13904.023 1740.715 
489 1999 1188 13900.692 1738.0 
482 2015 1176 13918.896 1740.223 
470 2029 1184 13912.561 1739.001 
441 2053 1169 13911.429 1737.776 
497 1971 1195 13889.678 1737.182 
452 2047 1171 13922.42 1740.962 
495 1992 1175 13903.709 1738.291 
490 1982 1194 13895.704 1738.369 
473 2003 1209 13912.564 1738.859 
491 1962 1196 13876.696 1734.927 
447 2048 1172 13908.352 1738.217 
448 2038 1174 13918.293 1740.166 
452 2040 1181 13915.978 1740.279 
491 1978 1188 13883.817 1735.171 
473 2008 1203 13894.361 1738.402 
453 2037 1184 13916.339 1740.22 
470 2025 1179 13923.066 1741.124 
467 2027 1200 13916.412 1739.902 
443 2045 1183 13908.561 1739.831 
480 2020 1199 13928.306 1741.227 
499 1983 1175 13901.025 1736.961 
472 2016 1200 13903.256 1738.485 
472 2024 1171 13910.51 1736.708 
438 2051 1149 13901.073 1739.53 
478 1999 1212 13898.849 1738.294 
485 1989 1203 13901.254 1736.059 
