162 640 437 13919.372 1760.126 
132 717 416 14033.603 1766.955 
156 719 398 14044.758 1770.856 
140 709 407 13993.575 1759.1 
156 696 416 14042.718 1763.463 
131 717 415 14018.168 1768.742 
122 735 389 13990.507 1757.542 
174 628 435 13920.806 1759.638 
168 633 435 13867.769 1746.358 
179 681 407 14024.146 1771.937 
148 717 403 14058.467 1771.197 
160 693 419 14008.894 1771.781 
160 711 406 14047.986 1769.222 
135 722 403 14006.773 1761.108 
150 716 402 14060.674 1772.737 
133 717 407 13995.845 1762.439 
160 700 417 14015.659 1769.696 
171 681 410 14021.375 1769.578 
136 719 400 14023.155 1764.635 
167 634 434 13868.137 1746.364 
160 647 427 13903.465 1757.451 
136 721 404 14006.91 1761.155 
166 633 435 13868.142 1746.39 
172 680 411 14020.774 1769.53 
145 722 398 14045.152 1769.696 
161 703 400 14028.64 1766.777 
179 623 425 13885.254 1748.662 
160 697 411 14022.936 1765.295 
163 649 425 13924.416 1761.548 
138 712 411 14012.269 1761.962 
119 739 394 13994.462 1759.219 
165 635 435 13872.187 1746.69 
160 660 421 13939.762 1756.803 
178 682 407 14024.475 1771.952 
132 718 405 13991.125 1760.7 
141 726 396 14040.797 1769.399 
153 704 415 14025.832 1768.928 
164 648 426 13930.062 1762.925 
155 708 410 14028.254 1764.363 
156 680 421 13936.676 1754.531 
154 707 410 14035.074 1770.45 
166 632 443 13928.81 1762.671 
134 722 402 14022.606 1763.003 
178 624 424 13883.107 1748.334 
156 707 411 14028.412 1764.377 
129 729 398 14015.818 1764.186 
172 630 434 13917.854 1758.921 
161 644 419 13912.046 1763.646 
173 635 432 13935.599 1760.487 
156 703 415 14046.877 1767.385 
162 643 420 13913.135 1763.781 
163 634 439 13920.121 1761.208 
129 729 399 14015.379 1764.112 
157 693 419 14041.49 1765.088 
159 694 419 14011.74 1772.106 
174 675 417 14016.714 1768.303 
173 692 401 14039.534 1772.176 
134 713 404 14008.125 1764.759 
134 716 410 14003.698 1759.107 
180 622 426 13885.424 1748.691 
149 700 412 14004.404 1771.935 
151 714 400 14027.869 1765.729 
165 687 415 13996.139 1768.551 
127 728 398 14016.589 1765.107 
137 714 420 14020.837 1761.631 
169 702 409 14052.758 1770.662 
169 701 410 14048.048 1770.088 
164 635 440 13921.186 1761.2 
168 633 436 13866.605 1746.559 
155 704 412 14040.053 1771.656 
