188 698 459 14204.799 1785.272 
199 675 458 14158.106 1782.894 
170 723 449 14207.891 1785.982 
205 662 479 14130.049 1774.636 
183 687 477 14128.372 1777.914 
192 686 480 14194.617 1780.732 
185 699 464 14189.843 1778.435 
178 722 462 14217.127 1786.316 
184 705 459 14189.809 1785.135 
199 688 461 14171.186 1781.139 
193 685 481 14196.742 1781.179 
183 708 430 14122.437 1780.194 
208 631 435 13981.279 1755.54 
194 681 469 14162.985 1780.226 
190 695 462 14187.746 1784.677 
181 712 449 14198.155 1782.942 
187 696 460 14164.281 1777.013 
200 676 467 14163.175 1782.774 
200 673 475 14155.48 1779.756 
181 691 470 14164.195 1780.104 
185 699 465 14189.739 1778.42 
200 672 475 14155.807 1779.836 
135 733 381 13998.469 1759.571 
193 693 466 14182.291 1781.977 
186 692 469 14173.243 1775.85 
184 704 460 14185.706 1784.252 
181 710 448 14203.584 1786.182 
138 724 386 13957.315 1755.108 
186 703 465 14168.99 1778.735 
190 687 470 14157.308 1781.731 
195 687 467 14181.223 1782.363 
182 710 452 14185.408 1783.447 
199 677 465 14157.824 1779.573 
136 732 378 13993.477 1756.122 
180 711 451 14196.504 1786.2 
187 706 453 14168.906 1780.311 
190 690 471 14166.621 1778.358 
137 730 382 14004.72 1760.16 
185 705 466 14174.672 1779.881 
191 688 470 14166.973 1778.174 
200 672 476 14151.12 1778.862 
204 664 468 14142.37 1776.582 
203 664 470 14134.177 1775.079 
195 677 473 14154.448 1779.061 
180 696 460 14167.341 1786.026 
188 686 472 14163.498 1781.94 
199 675 477 14157.372 1780.266 
200 672 476 14150.099 1779.25 
188 682 468 14141.568 1782.401 
197 680 466 14155.965 1779.91 
180 712 448 14197.069 1782.949 
185 704 455 14196.477 1783.9 
182 690 470 14165.615 1780.158 
139 728 383 14007.912 1760.787 
184 705 468 14176.624 1785.295 
192 690 469 14171.976 1780.653 
180 710 467 14176.044 1781.111 
201 658 473 14097.382 1777.124 
204 664 469 14141.256 1778.402 
202 665 467 14133.882 1776.768 
189 705 459 14195.522 1781.866 
203 665 467 14141.846 1776.473 
190 692 470 14161.109 1779.352 
191 689 470 14164.021 1777.923 
180 693 469 14169.199 1780.615 
196 694 465 14204.491 1786.348 
190 688 466 14162.749 1782.594 
203 684 464 14171.198 1778.683 
200 674 476 14145.151 1777.131 
