467 2005 1209 13934.812 1749.257 
514 1910 1193 13832.773 1734.91 
490 1965 1198 13906.616 1745.516 
484 1984 1209 13927.449 1748.916 
486 1987 1206 13917.3 1747.288 
471 2009 1194 13929.702 1748.997 
476 2001 1203 13942.284 1750.297 
463 2019 1188 13926.942 1747.831 
457 2032 1198 13935.365 1751.025 
407 2046 1150 13867.98 1738.536 
465 2018 1188 13927.824 1748.078 
482 1991 1211 13925.452 1747.628 
483 1979 1218 13920.133 1748.421 
480 1995 1215 13935.345 1748.976 
481 1985 1216 13917.203 1747.604 
515 1913 1180 13836.949 1736.383 
417 2049 1148 13862.233 1738.748 
465 2017 1204 13938.548 1751.766 
473 2003 1193 13928.768 1748.57 
489 1976 1198 13905.989 1745.658 
511 1921 1180 13837.994 1736.218 
478 1982 1221 13905.162 1746.36 
472 2004 1198 13933.885 1750.868 
488 1977 1197 13905.712 1745.597 
490 1955 1196 13900.592 1748.604 
486 1977 1212 13921.152 1745.8 
390 2051 1148 13845.753 1736.997 
478 1997 1212 13936.54 1749.039 
477 1983 1220 13905.254 1746.377 
508 1938 1204 13898.848 1746.765 
514 1920 1191 13843.685 1736.985 
481 1992 1210 13925.536 1747.627 
480 1996 1214 13935.616 1748.925 
493 1961 1208 13906.235 1744.603 
463 2027 1185 13932.845 1749.769 
480 1994 1214 13936.459 1748.485 
479 1983 1212 13915.676 1750.223 
408 2045 1170 13877.921 1741.835 
501 1952 1205 13896.218 1746.14 
481 1996 1200 13920.815 1747.733 
390 2052 1147 13847.759 1737.446 
472 2003 1209 13929.036 1750.364 
486 1985 1209 13923.965 1747.269 
485 1983 1206 13918.054 1748.769 
499 1958 1199 13904.174 1746.927 
481 1998 1201 13929.354 1747.407 
491 1968 1200 13906.088 1745.82 
468 2021 1185 13930.602 1747.056 
482 1993 1209 13932.815 1749.05 
467 2010 1191 13923.107 1748.034 
477 2002 1204 13930.561 1750.552 
509 1937 1206 13899.542 1746.716 
472 2008 1194 13930.582 1749.137 
487 1979 1213 13918.956 1746.718 
479 1987 1217 13930.385 1748.52 
485 1978 1208 13919.711 1748.184 
473 2001 1209 13928.577 1750.266 
487 1977 1212 13920.069 1748.461 
467 2007 1199 13928.55 1748.495 
488 1976 1213 13921.312 1746.22 
489 1973 1211 13913.049 1746.272 
476 1984 1220 13905.59 1746.317 
464 2018 1210 13939.033 1751.307 
462 2020 1187 13926.673 1747.784 
490 1960 1186 13886.686 1746.168 
510 1924 1169 13845.739 1736.537 
473 1997 1217 13934.922 1749.707 
476 2014 1207 13948.955 1747.712 
485 1986 1204 13919.122 1746.975 
492 1968 1201 13902.462 1746.024 
473 2003 1216 13929.609 1747.839 
483 1990 1212 13938.507 1749.853 
487 1979 1205 13913.271 1747.593 
477 1998 1212 13935.131 1749.169 
479 1998 1197 13923.547 1748.929 
484 1983 1210 13926.612 1748.898 
417 2034 1150 13841.237 1736.341 
487 1981 1205 13919.613 1746.532 
484 1986 1199 13920.044 1747.657 
492 1964 1205 13906.053 1745.177 
497 1959 1207 13904.514 1747.268 
