202 680 462 14114.522 1777.02 
179 694 464 14110.699 1774.309 
191 694 456 14160.718 1782.946 
192 697 461 14140.643 1780.593 
182 706 452 14137.023 1780.958 
158 729 399 14146.728 1776.436 
183 706 454 14147.856 1779.847 
151 738 404 14163.618 1779.251 
160 728 409 14157.677 1774.882 
191 697 459 14142.106 1779.75 
195 687 457 14137.07 1780.65 
169 722 422 14092.263 1771.76 
198 683 462 14134.341 1781.591 
170 713 407 14135.862 1778.174 
194 687 466 14121.018 1777.273 
162 721 399 14143.107 1777.062 
159 725 402 14141.056 1778.024 
194 690 450 14133.674 1777.57 
181 709 454 14143.045 1779.637 
192 700 449 14134.728 1778.584 
156 732 397 14146.199 1776.751 
192 696 462 14137.948 1780.381 
159 728 399 14142.849 1775.871 
195 687 457 14145.221 1778.852 
164 718 407 14126.9 1776.195 
182 710 441 14135.593 1775.879 
158 728 400 14141.87 1776.41 
164 716 408 14129.105 1776.268 
169 713 438 14094.679 1775.52 
203 672 454 14083.45 1773.88 
196 691 460 14130.804 1776.286 
167 718 422 14082.427 1772.535 
195 689 463 14130.453 1776.869 
195 689 457 14138.703 1777.027 
167 714 398 14099.182 1773.491 
196 692 459 14131.75 1776.444 
188 693 465 14114.752 1776.679 
162 720 405 14127.015 1772.603 
204 669 458 14087.992 1774.375 
192 699 458 14150.238 1781.887 
196 688 458 14142.053 1777.032 
190 700 462 14169.071 1784.327 
163 718 411 14124.982 1779.66 
180 712 443 14135.428 1778.054 
162 721 409 14121.859 1780.129 
163 722 403 14132.186 1776.453 
152 727 406 14137.406 1777.762 
161 719 417 14143.955 1780.755 
164 720 411 14121.494 1780.496 
179 710 444 14148.261 1777.212 
197 685 449 14115.002 1775.163 
152 726 403 14130.135 1777.996 
203 670 462 14099.305 1775.462 
200 684 465 14133.311 1781.199 
190 704 458 14157.715 1783.618 
156 730 406 14140.062 1776.919 
185 707 448 14146.546 1781.541 
149 740 403 14164.222 1779.355 
188 705 459 14169.054 1781.57 
194 691 464 14125.057 1777.554 
204 672 453 14074.03 1771.774 
194 690 462 14130.336 1776.842 
196 680 466 14124.299 1779.233 
195 690 451 14133.502 1777.541 
164 718 406 14126.721 1778.43 
181 710 442 14134.775 1775.856 
160 722 406 14131.545 1779.142 
194 690 462 14130.532 1776.831 
192 697 460 14140.799 1780.535 
193 689 459 14130.271 1778.884 
197 685 459 14106.857 1775.723 
184 688 471 14132.15 1774.543 
193 698 458 14149.783 1781.843 
185 692 467 14125.583 1777.304 
194 693 441 14099.252 1774.717 
161 724 411 14146.056 1774.113 
186 706 449 14146.716 1781.558 
154 731 404 14142.245 1773.867 
159 729 408 14155.99 1774.749 
193 691 462 14128.849 1776.678 
