336 1387 828 14038.958 1758.692 
317 1389 842 14024.454 1758.48 
346 1383 836 14057.99 1760.474 
354 1306 842 13936.969 1747.313 
352 1368 844 14035.148 1760.933 
360 1295 848 13939.889 1749.61 
366 1289 829 13912.929 1743.906 
345 1364 844 14046.822 1763.069 
354 1365 839 14035.044 1756.747 
340 1387 827 14065.12 1763.702 
335 1381 826 14035.898 1764.268 
348 1368 845 14040.582 1761.196 
361 1332 838 14027.945 1757.911 
365 1309 830 13955.139 1751.773 
345 1360 848 14033.83 1760.564 
319 1409 827 14049.665 1763.563 
332 1394 829 14053.576 1763.372 
347 1370 846 14042.715 1761.476 
328 1384 841 14037.493 1760.81 
345 1382 833 14060.452 1760.897 
332 1394 834 14045.028 1762.308 
333 1397 815 14053.096 1762.14 
353 1365 839 14049.29 1763.153 
350 1353 837 14007.136 1763.642 
360 1343 817 14021.195 1759.479 
357 1360 816 14036.293 1760.62 
348 1376 830 14053.59 1759.507 
321 1408 830 14061.641 1764.873 
335 1381 825 14035.966 1764.27 
367 1289 828 13912.833 1743.903 
342 1381 835 14060.305 1761.627 
355 1360 825 14018.297 1754.951 
359 1335 840 14015.035 1758.854 
324 1392 839 14042.312 1761.509 
352 1360 841 14038.353 1762.956 
359 1353 828 14023.726 1757.649 
338 1374 840 14036.646 1762.883 
349 1347 858 14012.213 1757.107 
356 1304 848 13951.708 1749.89 
357 1358 827 14031.001 1760.715 
358 1357 824 14035.3 1764.07 
344 1372 836 14055.673 1762.607 
348 1358 848 14023.595 1759.418 
352 1359 846 14043.749 1760.554 
347 1357 851 14034.657 1760.691 
351 1377 810 14062.463 1765.739 
346 1369 843 14029.34 1761.979 
349 1354 852 14035.537 1763.019 
333 1391 819 14051.285 1765.001 
345 1375 823 14057.621 1761.463 
328 1397 832 14070.347 1765.865 
326 1386 837 14038.194 1761.189 
347 1355 849 14031.819 1762.315 
346 1358 850 14034.125 1761.05 
346 1383 835 14058.063 1760.49 
334 1374 843 14041.314 1762.667 
356 1361 816 14035.907 1760.522 
345 1372 842 14041.845 1763.846 
349 1378 839 14052.001 1764.531 
351 1367 819 14039.843 1762.77 
339 1392 822 14059.964 1762.157 
331 1392 832 14049.21 1759.827 
354 1361 834 14044.682 1762.587 
357 1337 836 13995.136 1756.941 
338 1374 847 14046.163 1762.491 
344 1368 850 14043.359 1761.716 
353 1358 846 14037.861 1760.797 
338 1374 848 14045.926 1762.381 
345 1370 847 14042.775 1763.674 
336 1383 843 14045.116 1762.143 
346 1373 822 14055.674 1761.03 
344 1372 847 14044.914 1764.245 
351 1364 842 14040.516 1761.236 
320 1400 831 14040.204 1762.056 
356 1350 831 14015.429 1764.288 
346 1379 812 14055.173 1765.216 
351 1371 830 14028.46 1757.97 
317 1394 841 14035.653 1760.195 
