775 3888 2045 13660.887 1712.75 
829 3884 2193 13724.195 1722.066 
856 3839 2186 13710.739 1720.933 
835 3876 2166 13711.505 1720.796 
840 3870 2182 13718.005 1721.144 
875 3820 2187 13713.329 1721.185 
851 3851 2177 13715.18 1719.218 
848 3854 2179 13712.562 1720.694 
845 3861 2182 13717.847 1719.866 
773 3886 2048 13661.993 1713.873 
829 3884 2192 13724.205 1722.066 
830 3879 2188 13720.112 1721.905 
846 3856 2185 13715.895 1721.223 
858 3841 2186 13712.211 1720.536 
848 3873 2162 13721.649 1721.157 
858 3844 2171 13713.292 1721.032 
850 3856 2176 13712.819 1720.05 
834 3877 2165 13711.263 1720.788 
875 3820 2179 13713.476 1720.543 
839 3858 2185 13710.792 1720.437 
878 3812 2185 13710.392 1720.858 
849 3870 2173 13726.07 1721.506 
842 3878 2165 13717.343 1720.708 
838 3877 2167 13714.964 1720.765 
860 3848 2171 13710.706 1719.284 
854 3859 2175 13718.516 1720.856 
883 3806 2176 13705.632 1719.237 
853 3849 2190 13713.688 1721.458 
882 3811 2184 13708.742 1720.786 
863 3853 2168 13723.362 1721.537 
868 3834 2195 13719.376 1721.318 
873 3827 2180 13714.305 1721.318 
881 3812 2185 13709.239 1720.91 
879 3813 2183 13710.079 1720.899 
834 3865 2188 13711.898 1720.507 
880 3812 2180 13710.97 1720.448 
843 3850 2193 13712.685 1721.194 
871 3834 2195 13718.178 1722.186 
852 3863 2174 13716.054 1720.702 
847 3854 2177 13715.015 1720.475 
837 3864 2193 13717.102 1721.16 
852 3851 2170 13715.87 1721.186 
856 3844 2177 13709.734 1720.27 
873 3834 2168 13716.951 1721.332 
840 3857 2184 13714.82 1721.638 
831 3870 2187 13714.936 1720.67 
866 3842 2184 13715.451 1721.045 
855 3842 2189 13719.281 1721.493 
840 3856 2198 13712.613 1720.268 
855 3848 2192 13720.085 1721.304 
844 3872 2181 13719.587 1721.451 
878 3819 2186 13710.191 1720.689 
873 3825 2194 13714.196 1721.847 
855 3852 2173 13712.173 1720.111 
850 3853 2212 13720.822 1721.115 
854 3853 2169 13719.862 1721.539 
861 3849 2171 13709.523 1720.004 
874 3820 2186 13713.761 1721.46 
835 3872 2185 13716.396 1721.803 
843 3869 2177 13720.436 1721.625 
