177 722 470 14265.966 1793.992 
178 728 469 14302.261 1797.798 
193 719 464 14274.486 1794.304 
209 701 477 14308.041 1801.975 
190 717 469 14296.355 1796.436 
196 709 476 14271.579 1796.117 
200 707 484 14295.859 1797.43 
194 721 463 14279.694 1795.717 
197 712 467 14299.621 1797.675 
199 714 458 14290.596 1795.627 
196 708 475 14278.974 1793.899 
180 721 469 14302.923 1800.566 
195 708 479 14284.107 1798.727 
211 700 478 14310.867 1801.479 
226 665 469 14192.297 1784.127 
194 709 481 14286.511 1796.879 
209 697 479 14307.617 1803.601 
181 723 465 14272.486 1793.643 
211 696 485 14323.059 1800.192 
207 704 496 14329.383 1799.528 
213 696 473 14296.505 1799.297 
211 697 486 14302.579 1800.279 
202 706 479 14303.159 1801.663 
180 721 469 14301.736 1800.735 
211 697 485 14299.756 1800.342 
183 723 464 14272.763 1791.983 
209 701 478 14308.793 1800.628 
213 695 487 14305.697 1802.748 
197 708 473 14270.095 1794.346 
184 721 465 14269.501 1791.71 
217 688 484 14321.187 1798.656 
199 708 472 14275.839 1795.379 
211 695 493 14305.03 1800.405 
190 719 470 14297.042 1795.472 
185 720 466 14271.999 1791.798 
204 699 482 14289.596 1800.676 
212 696 487 14310.518 1798.258 
212 696 478 14299.045 1799.399 
221 684 507 14311.228 1800.706 
213 692 490 14306.979 1801.857 
197 710 457 14300.355 1797.286 
181 712 478 14221.752 1788.982 
179 725 463 14262.788 1791.175 
180 724 465 14273.695 1793.845 
220 688 492 14308.067 1798.813 
211 697 484 14326.277 1800.324 
186 719 468 14297.579 1795.144 
211 699 479 14308.823 1801.198 
222 687 496 14329.92 1801.229 
210 700 480 14310.687 1799.139 
195 716 477 14320.754 1800.706 
212 695 497 14322.409 1798.731 
208 698 478 14307.986 1803.678 
182 720 465 14276.377 1795.044 
210 703 477 14321.274 1801.584 
209 698 476 14298.293 1802.314 
183 720 475 14278.254 1794.098 
188 717 473 14295.652 1794.669 
215 694 488 14322.447 1799.627 
211 696 478 14304.472 1802.743 
