967 4496 2529 13704.292 1715.623 
829 4563 2381 13632.214 1705.81 
982 4472 2527 13698.572 1715.09 
837 4544 2377 13637.325 1708.32 
831 4569 2363 13637.572 1706.291 
826 4581 2388 13640.195 1707.259 
836 4563 2378 13631.22 1705.713 
987 4444 2533 13695.217 1715.087 
967 4496 2528 13704.325 1715.624 
961 4501 2491 13691.837 1713.611 
1004 4399 2475 13668.98 1711.282 
945 4509 2502 13699.6 1714.442 
828 4578 2389 13640.872 1706.504 
947 4520 2484 13698.222 1713.605 
940 4519 2483 13701.148 1714.539 
979 4481 2536 13703.923 1715.672 
831 4569 2364 13637.533 1706.289 
985 4467 2509 13698.278 1714.847 
999 4437 2518 13686.113 1713.373 
860 4539 2401 13650.4 1709.581 
973 4489 2525 13703.817 1715.934 
964 4492 2527 13705.487 1715.947 
979 4471 2537 13700.452 1715.777 
908 4534 2428 13674.068 1710.025 
941 4518 2484 13701.199 1714.549 
830 4582 2378 13641.95 1707.198 
941 4516 2487 13702.123 1714.485 
835 4558 2382 13633.716 1706.305 
992 4462 2526 13696.022 1714.557 
993 4435 2538 13696.779 1715.772 
967 4499 2516 13707.756 1716.587 
951 4506 2496 13706.836 1716.105 
968 4494 2517 13699.989 1714.855 
893 4533 2432 13666.682 1712.072 
960 4504 2491 13691.473 1712.868 
835 4541 2387 13623.404 1704.85 
823 4594 2392 13647.782 1707.812 
846 4553 2383 13631.374 1704.791 
824 4593 2392 13647.358 1707.722 
839 4547 2386 13632.314 1705.656 
982 4479 2522 13700.509 1714.738 
934 4521 2478 13695.316 1714.275 
986 4465 2515 13697.857 1714.795 
955 4511 2484 13699.995 1714.431 
938 4519 2484 13702.745 1715.482 
833 4541 2389 13622.675 1704.701 
994 4442 2516 13688.886 1714.281 
943 4515 2492 13700.575 1714.012 
975 4478 2539 13702.853 1715.774 
952 4512 2490 13702.831 1715.749 
995 4442 2524 13690.413 1714.165 
993 4443 2513 13688.64 1713.836 
945 4509 2501 13699.642 1714.39 
963 4493 2526 13705.425 1715.937 
976 4492 2517 13703.212 1717.085 
978 4488 2535 13710.169 1716.711 
994 4442 2517 13688.648 1714.263 
831 4546 2393 13620.307 1703.408 
945 4517 2495 13697.882 1714.035 
829 4584 2377 13642.064 1707.209 
981 4463 2535 13697.463 1715.518 
841 4556 2376 13639.675 1705.813 
844 4566 2375 13642.23 1706.748 
958 4505 2508 13709.438 1716.142 
992 4454 2538 13692.536 1714.768 
831 4558 2392 13628.793 1704.918 
827 4565 2390 13635.133 1706.612 
948 4506 2497 13700.345 1714.885 
966 4493 2525 13705.938 1716.695 
