593 2624 1529 13824.409 1736.034 
586 2628 1545 13818.31 1733.006 
623 2570 1566 13798.423 1732.609 
613 2571 1552 13786.345 1734.046 
612 2588 1521 13786.736 1729.755 
569 2659 1511 13821.395 1732.861 
565 2631 1544 13802.298 1734.359 
581 2637 1564 13806.017 1730.794 
575 2648 1551 13824.209 1733.727 
621 2573 1561 13799.498 1730.399 
600 2613 1569 13805.991 1732.706 
577 2646 1528 13827.504 1736.496 
580 2651 1541 13802.868 1731.99 
594 2607 1548 13812.336 1736.02 
571 2653 1516 13828.754 1734.373 
575 2647 1551 13824.263 1733.731 
599 2616 1535 13820.725 1735.933 
611 2585 1537 13786.596 1730.701 
578 2649 1530 13811.922 1733.631 
603 2602 1564 13795.077 1731.454 
574 2638 1558 13800.437 1731.095 
565 2651 1524 13802.001 1734.124 
597 2606 1553 13811.342 1735.813 
582 2628 1528 13821.636 1735.058 
585 2646 1556 13826.915 1733.846 
589 2625 1553 13807.428 1734.032 
601 2613 1543 13821.475 1736.104 
557 2664 1526 13807.881 1732.269 
625 2577 1543 13795.022 1730.327 
580 2636 1530 13815.276 1734.232 
606 2597 1550 13808.401 1734.563 
622 2571 1564 13798.555 1732.619 
598 2617 1540 13825.936 1736.333 
566 2656 1525 13804.101 1732.981 
605 2594 1538 13799.415 1734.662 
618 2574 1543 13793.751 1732.382 
612 2590 1521 13788.293 1729.131 
572 2655 1527 13809.512 1733.515 
601 2617 1540 13810.944 1731.807 
626 2562 1561 13788.418 1730.852 
624 2576 1555 13792.534 1731.964 
611 2585 1538 13786.351 1730.693 
565 2657 1524 13803.75 1732.939 
570 2656 1512 13805.88 1732.753 
616 2582 1557 13798.224 1732.718 
589 2632 1559 13813.101 1732.703 
586 2621 1535 13817.054 1735.545 
601 2610 1549 13813.904 1735.487 
613 2588 1522 13788.539 1729.315 
617 2581 1557 13797.853 1732.723 
563 2658 1524 13802.698 1732.737 
587 2636 1534 13815.822 1732.679 
628 2570 1555 13803.183 1733.3 
633 2565 1557 13797.691 1730.262 
582 2629 1527 13814.792 1735.549 
600 2603 1557 13805.63 1733.515 
604 2606 1542 13814.867 1734.875 
595 2622 1534 13795.699 1733.061 
610 2585 1545 13806.319 1734.477 
601 2610 1556 13808.003 1733.132 
564 2658 1522 13803.898 1732.739 
610 2594 1551 13798.825 1733.964 
600 2614 1551 13797.809 1731.936 
588 2635 1565 13815.145 1733.879 
587 2637 1535 13817.577 1732.631 
586 2637 1535 13817.193 1732.781 
576 2633 1533 13808.193 1735.412 
599 2610 1561 13814.185 1732.437 
565 2631 1543 13802.306 1734.359 
630 2554 1550 13791.08 1731.801 
629 2566 1564 13796.713 1730.538 
608 2601 1561 13804.447 1734.476 
597 2620 1524 13818.077 1734.64 
596 2608 1553 13811.794 1735.83 
