729 3283 1839 13777.66 1728.747 
739 3272 1827 13766.725 1725.826 
715 3314 1848 13797.714 1730.276 
704 3318 1807 13778.8 1728.558 
620 3337 1777 13715.231 1721.38 
708 3320 1799 13773.914 1726.516 
738 3267 1846 13783.242 1728.36 
710 3317 1836 13794.178 1729.731 
629 3331 1775 13718.609 1721.855 
727 3287 1831 13781.23 1728.734 
740 3280 1845 13774.736 1725.556 
748 3235 1846 13755.055 1723.745 
734 3278 1833 13778.25 1726.586 
742 3247 1840 13770.141 1727.875 
719 3295 1864 13779.303 1725.961 
743 3246 1838 13770.107 1727.876 
721 3295 1845 13783.118 1728.686 
622 3334 1772 13715.594 1721.25 
742 3238 1851 13762.454 1726.817 
730 3292 1842 13772.866 1724.439 
745 3244 1844 13767.705 1727.647 
730 3296 1830 13778.56 1726.113 
750 3243 1835 13758.896 1723.218 
702 3294 1850 13776.405 1726.563 
748 3240 1855 13761.68 1723.064 
733 3286 1830 13777.143 1725.316 
751 3243 1835 13758.333 1723.291 
730 3290 1845 13777.887 1726.08 
747 3251 1835 13753.766 1722.325 
748 3250 1836 13753.801 1722.329 
727 3276 1843 13782.335 1729.266 
728 3286 1831 13781.371 1728.742 
629 3331 1776 13718.545 1722.061 
729 3304 1840 13786.486 1727.779 
744 3271 1838 13770.051 1724.24 
726 3303 1835 13792.65 1728.552 
738 3275 1865 13787.493 1728.091 
624 3331 1784 13713.0 1721.51 
628 3332 1774 13719.266 1721.868 
717 3307 1831 13787.203 1728.379 
742 3241 1853 13762.109 1727.138 
743 3268 1845 13784.322 1726.623 
723 3299 1825 13791.098 1729.697 
716 3306 1807 13786.764 1728.93 
727 3286 1837 13786.793 1728.263 
703 3280 1865 13775.106 1727.123 
701 3295 1852 13783.545 1728.421 
751 3234 1848 13755.85 1723.834 
726 3291 1838 13783.985 1729.543 
728 3283 1833 13775.116 1728.809 
750 3247 1833 13747.597 1722.44 
726 3248 1866 13755.467 1723.857 
734 3276 1833 13778.716 1727.043 
745 3266 1858 13773.241 1725.321 
702 3282 1877 13779.547 1728.766 
692 3294 1858 13776.712 1727.725 
738 3268 1845 13783.59 1728.437 
704 3279 1865 13775.002 1727.102 
725 3295 1846 13783.822 1728.577 
751 3242 1835 13758.837 1723.206 
726 3289 1829 13784.008 1729.054 
728 3281 1839 13785.06 1729.104 
744 3267 1844 13772.937 1725.944 
747 3251 1834 13753.93 1722.466 
731 3280 1818 13773.239 1726.958 
729 3293 1861 13786.556 1728.66 
