920 3946 2333 13824.597 1732.951 
889 3975 2302 13810.179 1731.749 
947 3897 2351 13815.431 1732.419 
908 3940 2358 13816.096 1731.751 
910 3963 2323 13818.803 1732.245 
895 3963 2327 13810.96 1731.378 
888 3981 2317 13824.627 1733.984 
893 3981 2297 13825.282 1732.983 
918 3947 2331 13823.729 1732.856 
888 3973 2320 13827.606 1733.818 
899 3962 2332 13809.118 1731.816 
927 3938 2340 13814.1 1732.519 
913 3935 2351 13815.966 1733.07 
928 3931 2340 13820.145 1732.864 
936 3894 2356 13804.616 1730.51 
890 3974 2303 13810.247 1731.805 
916 3937 2352 13816.253 1732.974 
929 3932 2344 13814.476 1731.793 
901 3969 2291 13815.886 1733.43 
930 3927 2329 13816.691 1733.818 
919 3955 2326 13818.348 1733.181 
937 3923 2348 13818.349 1732.504 
935 3938 2338 13826.197 1733.63 
894 3976 2288 13817.218 1732.591 
893 3992 2290 13818.725 1733.231 
896 3991 2296 13816.346 1732.892 
928 3937 2339 13824.703 1733.608 
942 3917 2350 13821.447 1732.919 
895 3987 2299 13811.702 1731.756 
925 3945 2350 13830.255 1734.469 
939 3907 2352 13815.349 1732.973 
894 3971 2301 13819.852 1732.841 
913 3967 2320 13819.4 1732.773 
945 3906 2355 13818.031 1733.639 
907 3956 2323 13825.188 1733.896 
889 3975 2302 13810.199 1731.621 
889 3970 2343 13820.904 1733.259 
913 3958 2348 13825.117 1733.969 
928 3939 2332 13818.695 1732.753 
939 3921 2341 13814.628 1732.199 
933 3930 2361 13826.778 1733.743 
900 3968 2299 13820.423 1733.931 
890 3978 2298 13820.536 1732.531 
