711 3296 1878 13798.177 1736.216 
719 3260 1850 13771.493 1731.987 
734 3230 1859 13758.203 1728.092 
706 3290 1888 13793.145 1733.638 
715 3269 1908 13781.266 1732.057 
717 3274 1901 13787.723 1734.101 
701 3302 1853 13784.99 1731.173 
724 3250 1855 13784.255 1730.536 
687 3312 1859 13798.655 1734.414 
700 3299 1880 13780.089 1733.336 
698 3317 1896 13799.354 1732.763 
698 3298 1891 13792.573 1734.308 
703 3289 1901 13794.301 1733.243 
729 3243 1911 13776.518 1730.976 
710 3292 1885 13792.369 1735.978 
700 3294 1897 13785.32 1732.075 
726 3252 1845 13772.164 1730.013 
713 3272 1850 13787.911 1733.595 
705 3301 1886 13782.963 1732.163 
689 3325 1870 13789.323 1732.494 
709 3275 1890 13776.463 1731.304 
718 3259 1839 13774.975 1732.121 
707 3285 1904 13791.566 1732.873 
678 3325 1861 13782.568 1732.536 
741 3198 1863 13739.321 1725.552 
711 3301 1863 13795.759 1733.856 
702 3290 1892 13777.78 1730.667 
719 3258 1838 13773.913 1731.952 
698 3302 1874 13785.593 1734.071 
708 3285 1896 13781.344 1732.508 
697 3299 1889 13792.239 1734.233 
730 3242 1858 13766.559 1729.686 
726 3252 1844 13772.279 1730.031 
709 3278 1888 13785.123 1732.604 
715 3256 1911 13773.465 1730.464 
692 3310 1898 13794.641 1734.644 
699 3303 1879 13786.012 1733.28 
731 3200 1877 13726.981 1725.524 
691 3318 1876 13789.629 1732.058 
738 3188 1880 13731.772 1724.308 
674 3328 1854 13787.09 1734.019 
697 3292 1888 13788.31 1734.408 
698 3299 1889 13791.724 1733.142 
726 3251 1853 13770.326 1730.881 
674 3332 1862 13789.588 1732.625 
706 3291 1888 13788.113 1731.871 
683 3324 1885 13797.467 1733.845 
715 3283 1859 13779.48 1731.621 
705 3291 1886 13793.298 1733.687 
719 3268 1875 13778.515 1731.743 
694 3305 1881 13788.255 1734.555 
675 3307 1858 13779.766 1735.017 
725 3256 1876 13776.04 1730.017 
702 3290 1891 13787.177 1731.435 
697 3313 1897 13800.066 1733.947 
728 3232 1857 13773.738 1731.361 
712 3273 1891 13792.183 1733.85 
710 3292 1884 13792.404 1735.978 
715 3266 1862 13793.529 1732.217 
731 3224 1871 13750.887 1726.339 
720 3245 1882 13770.55 1729.51 
724 3256 1852 13770.431 1730.11 
699 3297 1868 13789.162 1731.905 
718 3270 1861 13770.473 1729.738 
711 3291 1885 13792.308 1735.963 
711 3274 1889 13791.421 1733.77 
735 3234 1855 13775.169 1731.123 
695 3305 1880 13793.764 1734.339 
723 3252 1851 13769.936 1731.14 
737 3220 1873 13763.728 1728.284 
673 3337 1882 13795.562 1734.806 
689 3321 1881 13799.545 1733.314 
719 3245 1883 13768.64 1730.508 
700 3288 1893 13790.569 1735.892 
710 3292 1886 13792.365 1735.978 
704 3293 1880 13778.125 1732.236 
