907 4471 2396 13617.938 1705.625 
1001 4278 2457 13585.913 1703.204 
918 4494 2363 13640.02 1708.336 
868 4518 2373 13644.273 1709.186 
935 4437 2397 13643.598 1712.537 
935 4442 2401 13639.774 1708.276 
967 4343 2451 13599.145 1705.188 
982 4351 2373 13603.823 1705.0 
989 4338 2493 13616.901 1705.719 
994 4326 2478 13605.712 1704.137 
943 4408 2393 13618.405 1709.527 
877 4514 2363 13643.32 1712.776 
999 4323 2489 13608.004 1705.35 
914 4473 2375 13634.952 1708.32 
907 4473 2357 13633.632 1711.222 
1000 4297 2451 13590.797 1703.492 
940 4455 2367 13643.492 1710.251 
874 4519 2363 13631.062 1709.29 
928 4458 2367 13630.152 1708.042 
1000 4288 2481 13589.03 1702.792 
934 4447 2368 13636.357 1708.309 
919 4451 2387 13633.569 1707.676 
906 4472 2398 13622.418 1707.228 
918 4487 2335 13640.348 1710.232 
900 4499 2347 13637.933 1709.669 
993 4331 2478 13608.894 1705.059 
966 4350 2455 13604.742 1703.824 
928 4476 2331 13643.112 1710.866 
938 4428 2398 13631.404 1708.354 
929 4453 2374 13624.901 1706.177 
917 4462 2367 13633.587 1710.175 
987 4342 2349 13592.773 1703.301 
952 4412 2386 13633.927 1710.237 
939 4369 2418 13595.315 1704.036 
946 4414 2392 13621.081 1707.467 
981 4351 2374 13603.87 1704.961 
933 4439 2373 13625.397 1709.002 
901 4496 2381 13645.95 1711.314 
928 4439 2371 13631.567 1710.77 
928 4465 2358 13633.805 1708.246 
995 4330 2473 13609.842 1705.652 
942 4380 2413 13606.216 1705.843 
941 4421 2414 13619.0 1705.188 
902 4473 2378 13629.632 1710.305 
914 4463 2363 13637.279 1709.151 
970 4403 2382 13632.262 1707.684 
909 4470 2390 13631.854 1707.523 
940 4424 2397 13635.102 1710.425 
1014 4282 2464 13591.088 1703.042 
955 4369 2398 13603.339 1705.62 
932 4451 2361 13639.898 1710.51 
903 4471 2378 13629.557 1710.326 
906 4469 2369 13632.877 1709.343 
941 4415 2370 13626.748 1705.242 
910 4496 2364 13635.201 1708.436 
971 4384 2358 13612.276 1706.292 
912 4468 2367 13630.326 1709.201 
902 4475 2369 13635.524 1709.847 
915 4446 2389 13633.772 1709.752 
961 4372 2390 13606.301 1706.017 
902 4472 2378 13629.633 1710.34 
930 4463 2372 13636.795 1707.111 
944 4434 2380 13626.1 1707.858 
891 4502 2357 13640.283 1710.881 
945 4432 2352 13625.491 1708.415 
996 4328 2473 13609.967 1705.732 
910 4468 2362 13631.211 1709.489 
941 4414 2400 13631.468 1709.93 
955 4394 2365 13622.021 1708.547 
905 4470 2375 13636.004 1710.111 
976 4375 2376 13607.338 1704.521 
931 4451 2379 13634.707 1707.535 
906 4474 2356 13633.497 1711.21 
932 4452 2369 13628.208 1707.627 
942 4376 2394 13605.05 1706.284 
904 4471 2373 13635.976 1710.101 
923 4471 2360 13626.13 1706.957 
954 4396 2365 13623.138 1708.671 
907 4460 2399 13626.854 1707.875 
975 4377 2382 13621.407 1708.198 
904 4480 2367 13627.31 1706.195 
940 4421 2401 13617.12 1705.286 
