1073 5192 2810 13711.965 1718.902 
1132 5099 2877 13704.258 1716.985 
1087 5162 2876 13712.021 1716.911 
1121 5120 2887 13700.165 1716.446 
1077 5181 2817 13695.595 1716.008 
1103 5138 2870 13704.338 1715.217 
1100 5136 2888 13701.373 1718.296 
1069 5185 2851 13707.966 1716.631 
1040 5189 2825 13692.215 1716.49 
1139 5098 2871 13697.436 1715.41 
1130 5084 2883 13698.716 1716.545 
1127 5124 2863 13708.466 1716.409 
1074 5187 2803 13707.639 1717.88 
1089 5141 2867 13690.559 1715.413 
1141 5087 2879 13696.41 1715.201 
1155 5071 2877 13687.698 1715.345 
1109 5115 2884 13694.222 1717.874 
1070 5198 2774 13702.251 1718.186 
1071 5180 2823 13693.591 1716.805 
1091 5171 2845 13707.927 1717.812 
1065 5183 2834 13704.644 1717.894 
1075 5180 2848 13695.419 1715.027 
1104 5080 2894 13684.243 1714.521 
1141 5087 2879 13696.517 1715.187 
1107 5135 2867 13695.515 1714.75 
1140 5102 2852 13695.909 1717.056 
1063 5204 2778 13705.602 1718.518 
1073 5186 2820 13708.403 1717.639 
1118 5131 2862 13699.24 1717.19 
1074 5182 2847 13695.052 1714.954 
1060 5200 2821 13712.55 1718.192 
1130 5099 2890 13696.558 1716.446 
1074 5186 2807 13707.705 1717.935 
1088 5142 2866 13690.269 1715.361 
1134 5089 2856 13694.069 1716.807 
1124 5089 2891 13687.362 1714.041 
1077 5171 2852 13700.449 1715.516 
1164 5021 2851 13669.848 1712.889 
1120 5134 2860 13702.461 1717.491 
1074 5187 2804 13707.632 1717.879 
1126 5106 2883 13701.815 1716.065 
1119 5125 2862 13695.563 1716.582 
1078 5173 2838 13695.324 1716.172 
1129 5102 2867 13696.171 1717.584 
1127 5114 2879 13696.246 1715.519 
1115 5097 2873 13694.122 1717.102 
1128 5111 2867 13703.33 1718.667 
1133 5128 2861 13708.348 1717.928 
1119 5117 2868 13708.534 1716.247 
1107 5136 2874 13697.078 1714.15 
1098 5152 2847 13706.139 1719.699 
1142 5101 2852 13695.953 1717.055 
1113 5114 2890 13699.452 1715.931 
1110 5165 2865 13717.391 1719.42 
1060 5201 2820 13712.869 1718.316 
1087 5169 2860 13700.731 1716.048 
1096 5168 2865 13708.983 1717.727 
1082 5174 2848 13701.645 1715.962 
1089 5173 2831 13693.834 1715.549 
1076 5182 2819 13706.999 1717.756 
1144 5073 2850 13680.968 1713.894 
