306 1384 846 14030.416 1761.176 
350 1347 854 14032.299 1757.4 
311 1392 845 14048.374 1760.736 
335 1378 843 14061.63 1759.055 
340 1372 843 14063.83 1765.149 
328 1380 848 14068.656 1765.599 
320 1381 821 14040.404 1763.822 
349 1322 877 14035.544 1760.713 
349 1341 868 14027.081 1757.734 
322 1382 837 14037.848 1759.568 
320 1382 820 14042.763 1763.953 
316 1388 826 14043.664 1761.395 
344 1359 852 14055.025 1760.875 
310 1381 850 14039.687 1760.686 
309 1391 829 14040.809 1762.195 
332 1377 840 14051.373 1762.544 
295 1373 858 13970.247 1751.652 
355 1325 861 13994.884 1756.793 
348 1341 844 14028.469 1758.755 
317 1389 837 14050.076 1760.289 
321 1381 840 14048.984 1763.315 
335 1367 858 14047.808 1759.568 
333 1376 841 14051.621 1762.57 
307 1382 846 14028.61 1760.923 
333 1376 840 14051.735 1762.584 
335 1365 856 14045.341 1760.521 
329 1380 847 14068.733 1765.601 
313 1390 832 14041.281 1760.936 
303 1376 854 14009.612 1756.961 
348 1328 872 14034.657 1761.785 
338 1354 860 14025.588 1759.819 
318 1353 863 13987.837 1753.092 
348 1339 849 14023.75 1759.769 
314 1394 828 14055.028 1761.692 
308 1392 829 14040.262 1762.016 
327 1382 829 14047.438 1761.522 
320 1382 839 14047.723 1763.198 
319 1385 840 14047.047 1760.421 
308 1385 844 14027.578 1761.036 
351 1338 850 14026.286 1757.757 
312 1385 845 14032.453 1758.477 
331 1375 850 14055.143 1760.796 
331 1378 839 14049.146 1762.268 
315 1389 843 14043.636 1758.565 
330 1374 857 14052.334 1761.266 
356 1333 858 14017.439 1757.11 
336 1356 860 14037.011 1759.615 
337 1352 858 14032.555 1758.261 
345 1355 851 14043.781 1761.091 
321 1381 842 14047.497 1759.531 
309 1362 864 13989.192 1753.232 
332 1360 861 14036.313 1758.582 
310 1383 847 14031.009 1760.525 
319 1384 842 14039.385 1758.196 
323 1381 837 14038.173 1759.592 
348 1340 859 14016.625 1759.168 
315 1381 845 14028.542 1756.868 
353 1327 859 13995.896 1756.569 
358 1330 857 14000.551 1756.069 
338 1365 854 14057.072 1762.053 
339 1365 845 14043.824 1760.302 
318 1382 840 14045.568 1763.064 
299 1378 851 14004.044 1754.722 
351 1331 865 14009.395 1759.268 
347 1350 875 14057.13 1762.585 
344 1359 851 14055.053 1760.879 
361 1319 856 13984.546 1753.159 
339 1374 843 14064.803 1765.289 
331 1367 860 14043.563 1760.124 
334 1368 856 14045.487 1759.272 
