948 3868 2271 13788.766 1728.166 
911 3921 2279 13800.017 1727.905 
931 3918 2285 13811.24 1730.803 
890 3956 2238 13797.862 1727.876 
893 3951 2252 13805.962 1729.339 
905 3937 2242 13800.872 1728.394 
947 3878 2291 13799.669 1728.619 
938 3902 2261 13799.816 1727.533 
952 3876 2277 13791.22 1726.079 
889 3957 2237 13797.944 1727.891 
882 3957 2243 13798.676 1728.634 
950 3867 2273 13789.626 1728.252 
939 3901 2267 13796.584 1727.507 
904 3938 2246 13799.528 1729.265 
894 3954 2251 13806.72 1729.489 
907 3947 2228 13801.912 1729.031 
886 3957 2215 13795.394 1728.972 
902 3949 2244 13805.6 1729.634 
882 3957 2244 13798.664 1728.634 
945 3898 2279 13806.741 1729.41 
943 3900 2279 13803.097 1728.367 
938 3902 2267 13796.488 1727.491 
934 3907 2267 13804.358 1729.354 
948 3881 2276 13799.004 1727.416 
938 3900 2280 13798.728 1728.614 
903 3932 2264 13803.637 1730.465 
909 3935 2271 13803.031 1730.425 
902 3944 2278 13810.579 1730.256 
935 3903 2271 13801.162 1727.803 
932 3911 2284 13807.732 1729.959 
943 3899 2276 13802.057 1729.41 
936 3897 2284 13796.476 1728.557 
911 3931 2251 13803.247 1730.883 
939 3895 2301 13806.848 1729.213 
943 3889 2282 13805.319 1729.47 
892 3946 2248 13797.453 1729.826 
910 3934 2241 13806.963 1730.091 
926 3920 2282 13808.458 1730.0 
906 3946 2237 13806.031 1730.482 
950 3881 2281 13794.13 1727.497 
946 3890 2291 13805.414 1728.91 
918 3926 2277 13810.229 1729.982 
898 3950 2239 13802.461 1729.158 
931 3916 2286 13807.121 1729.844 
934 3910 2290 13803.877 1730.015 
915 3942 2240 13807.641 1730.206 
908 3936 2271 13803.319 1730.44 
935 3902 2284 13804.065 1729.255 
922 3926 2276 13813.238 1730.683 
884 3975 2219 13798.305 1729.145 
887 3951 2241 13801.84 1729.693 
935 3905 2250 13798.651 1728.105 
884 3966 2224 13801.179 1727.882 
905 3928 2275 13803.021 1729.039 
900 3953 2214 13796.389 1729.64 
904 3943 2242 13803.128 1728.865 
921 3927 2276 13812.871 1730.629 
954 3870 2289 13797.476 1727.948 
944 3898 2283 13803.209 1728.776 
903 3945 2238 13805.297 1730.322 
883 3955 2233 13795.852 1729.47 
925 3920 2277 13809.512 1729.529 
908 3946 2231 13806.911 1730.026 
897 3951 2238 13802.136 1729.101 
917 3928 2240 13798.008 1728.572 
907 3943 2239 13804.475 1729.675 
924 3902 2301 13799.836 1727.616 
876 3966 2242 13801.381 1728.771 
907 3951 2220 13798.95 1728.739 
894 3947 2241 13803.518 1730.533 
923 3921 2243 13801.757 1729.693 
952 3879 2273 13790.745 1726.921 
889 3955 2237 13799.45 1729.274 
904 3929 2273 13802.674 1729.849 
910 3931 2262 13799.438 1729.732 
906 3930 2270 13803.36 1730.434 
908 3926 2268 13803.36 1731.385 
941 3891 2296 13801.518 1728.383 
937 3896 2305 13809.125 1729.853 
943 3893 2295 13808.733 1728.736 
