752 3222 1822 13785.556 1726.629 
719 3300 1817 13776.505 1724.918 
694 3324 1832 13789.258 1726.095 
792 3190 1846 13781.572 1724.837 
737 3284 1870 13788.589 1724.78 
696 3312 1860 13786.604 1725.955 
783 3198 1852 13779.556 1726.151 
721 3297 1829 13785.059 1723.691 
730 3254 1849 13773.662 1725.445 
710 3288 1855 13770.225 1722.962 
716 3280 1855 13785.759 1725.597 
720 3300 1821 13778.515 1724.267 
693 3316 1851 13791.392 1725.937 
773 3196 1854 13776.901 1724.467 
754 3223 1829 13785.604 1725.926 
749 3222 1839 13748.646 1721.511 
747 3179 1890 13752.332 1716.967 
697 3320 1842 13779.798 1724.411 
750 3165 1882 13745.832 1716.843 
742 3234 1854 13755.627 1722.659 
785 3196 1839 13779.435 1725.475 
716 3304 1829 13785.074 1725.07 
787 3194 1848 13779.852 1725.981 
762 3219 1833 13786.568 1726.259 
699 3313 1842 13776.274 1724.3 
696 3305 1853 13785.794 1726.212 
742 3240 1828 13758.507 1720.968 
726 3212 1887 13765.591 1720.878 
788 3193 1850 13780.328 1726.064 
761 3225 1818 13779.581 1725.337 
729 3255 1849 13773.644 1725.444 
758 3227 1827 13783.859 1725.401 
735 3201 1897 13765.695 1720.799 
716 3303 1828 13784.681 1725.123 
741 3235 1854 13756.316 1722.791 
725 3276 1872 13780.32 1724.191 
770 3217 1844 13783.826 1725.591 
773 3207 1849 13777.077 1725.256 
715 3285 1867 13782.318 1724.546 
791 3177 1866 13774.195 1724.481 
698 3320 1843 13780.138 1724.351 
727 3264 1860 13779.323 1724.789 
727 3279 1855 13785.726 1725.15 
763 3222 1826 13784.126 1726.375 
725 3283 1862 13783.333 1725.298 
791 3196 1844 13783.458 1724.841 
749 3202 1881 13766.86 1721.87 
739 3208 1890 13766.284 1721.447 
744 3231 1832 13757.948 1722.381 
712 3283 1869 13782.664 1724.895 
718 3277 1871 13779.502 1722.988 
774 3217 1835 13783.78 1724.884 
726 3296 1848 13790.212 1727.391 
781 3206 1851 13785.1 1726.401 
726 3213 1885 13765.437 1720.845 
792 3167 1856 13766.258 1723.07 
729 3255 1850 13773.543 1725.411 
802 3165 1844 13772.21 1724.509 
769 3214 1834 13783.513 1725.941 
782 3211 1840 13789.466 1726.722 
787 3187 1858 13779.259 1725.539 
706 3305 1856 13787.675 1725.83 
725 3215 1888 13769.484 1721.592 
771 3216 1834 13786.651 1725.269 
784 3208 1848 13790.282 1727.304 
707 3303 1843 13785.715 1724.896 
718 3300 1854 13789.577 1727.421 
740 3252 1869 13780.587 1724.753 
738 3291 1841 13792.631 1725.665 
770 3217 1832 13786.59 1725.275 
701 3306 1861 13782.727 1724.707 
694 3315 1850 13783.461 1725.275 
733 3213 1884 13765.107 1721.433 
730 3215 1893 13768.763 1720.728 
705 3314 1834 13789.835 1725.487 
778 3209 1841 13786.541 1727.152 
709 3291 1857 13768.076 1722.107 
