821 3950 2218 13758.561 1720.161 
834 3946 2205 13763.507 1723.479 
893 3842 2265 13744.3 1720.309 
852 3925 2246 13778.256 1723.646 
884 3879 2270 13764.117 1722.046 
876 3888 2285 13762.34 1723.74 
821 3959 2205 13769.314 1722.688 
888 3895 2244 13769.469 1723.903 
828 3949 2197 13765.265 1721.525 
902 3804 2262 13737.536 1717.074 
873 3908 2266 13772.284 1722.791 
810 3954 2211 13766.591 1721.034 
890 3879 2265 13764.896 1724.109 
869 3891 2252 13768.0 1724.262 
822 3947 2211 13762.912 1722.492 
882 3882 2262 13765.874 1721.854 
863 3893 2271 13755.692 1721.24 
892 3856 2261 13760.418 1720.099 
855 3912 2244 13771.8 1723.785 
873 3882 2271 13762.226 1723.805 
855 3917 2255 13768.394 1722.22 
823 3949 2201 13761.387 1722.225 
820 3949 2218 13766.521 1721.927 
838 3936 2233 13766.522 1721.414 
894 3838 2265 13757.836 1720.428 
826 3953 2202 13765.82 1721.369 
831 3944 2215 13768.56 1721.934 
879 3892 2255 13765.725 1723.585 
875 3886 2263 13766.14 1721.603 
899 3819 2274 13735.996 1717.845 
882 3876 2265 13766.798 1723.185 
897 3859 2244 13749.873 1717.424 
855 3919 2243 13773.542 1723.748 
829 3954 2201 13764.834 1721.62 
863 3889 2272 13755.904 1721.957 
898 3837 2271 13745.997 1718.689 
858 3921 2243 13772.348 1722.648 
830 3947 2208 13764.322 1720.044 
889 3878 2269 13763.388 1723.735 
866 3901 2255 13765.361 1722.899 
808 3963 2196 13765.492 1721.786 
852 3919 2250 13769.486 1722.536 
869 3891 2268 13763.441 1723.841 
900 3826 2263 13748.025 1718.487 
883 3881 2263 13766.381 1721.829 
855 3899 2268 13759.523 1721.504 
809 3962 2197 13765.358 1721.855 
818 3941 2240 13756.138 1720.261 
878 3879 2274 13757.499 1722.371 
853 3927 2245 13782.873 1724.248 
863 3890 2258 13766.473 1724.094 
860 3917 2243 13771.439 1722.79 
881 3884 2262 13767.259 1721.87 
816 3950 2209 13763.087 1720.922 
807 3964 2195 13765.575 1721.934 
892 3846 2268 13757.306 1720.356 
808 3963 2196 13764.937 1721.808 
894 3858 2249 13747.567 1718.116 
822 3956 2202 13762.292 1721.178 
891 3845 2273 13749.022 1720.033 
855 3910 2250 13767.249 1722.72 
876 3891 2268 13763.489 1722.757 
851 3921 2250 13769.742 1722.547 
861 3911 2244 13760.69 1722.003 
856 3916 2256 13768.601 1722.228 
882 3882 2262 13766.381 1721.835 
856 3916 2248 13774.008 1722.653 
813 3960 2191 13760.639 1720.693 
859 3909 2245 13762.048 1722.406 
901 3823 2257 13743.298 1718.694 
892 3836 2269 13750.152 1719.983 
874 3889 2263 13767.09 1721.717 
815 3961 2193 13760.185 1720.673 
870 3906 2254 13766.824 1723.255 
857 3910 2252 13768.94 1722.267 
875 3896 2257 13759.787 1721.191 
880 3882 2258 13762.066 1723.213 
893 3835 2268 13749.115 1720.376 
822 3951 2212 13758.247 1720.521 
883 3872 2271 13759.576 1720.974 
815 3951 2209 13763.519 1720.921 
868 3905 2244 13767.689 1723.211 
851 3903 2247 13764.885 1723.327 
862 3910 2244 13760.144 1721.821 
855 3909 2258 13762.731 1721.886 
854 3901 2250 13768.824 1723.709 
877 3885 2274 13759.33 1722.272 
