583 2578 1431 13726.897 1721.326 
563 2648 1473 13784.921 1729.927 
614 2498 1504 13708.652 1721.099 
541 2675 1453 13796.414 1732.076 
564 2647 1474 13784.749 1729.922 
620 2481 1500 13691.751 1718.02 
563 2666 1467 13800.318 1731.114 
567 2634 1457 13784.263 1729.101 
574 2559 1466 13710.644 1722.257 
577 2552 1453 13695.144 1719.955 
542 2676 1471 13796.754 1731.016 
550 2668 1463 13781.111 1728.514 
578 2590 1438 13749.219 1725.776 
592 2516 1521 13711.522 1721.55 
618 2498 1508 13704.083 1718.289 
615 2491 1510 13712.948 1721.954 
617 2492 1508 13700.327 1719.456 
594 2518 1517 13714.798 1722.517 
606 2508 1512 13718.132 1722.236 
613 2491 1516 13712.885 1720.104 
582 2580 1430 13727.516 1721.406 
549 2674 1473 13792.749 1730.587 
541 2675 1454 13796.304 1732.061 
593 2519 1517 13704.584 1720.048 
540 2678 1461 13799.968 1731.61 
542 2674 1461 13792.754 1731.065 
609 2496 1516 13709.992 1719.703 
599 2507 1514 13706.014 1721.79 
569 2560 1466 13707.587 1721.755 
623 2476 1499 13686.819 1717.483 
597 2533 1495 13722.514 1722.126 
537 2677 1463 13794.345 1731.825 
614 2488 1515 13715.005 1720.461 
579 2589 1440 13749.369 1725.762 
604 2526 1492 13712.804 1721.092 
608 2516 1516 13716.501 1721.178 
592 2520 1517 13704.73 1720.055 
597 2518 1506 13715.591 1722.728 
592 2540 1505 13725.002 1722.164 
590 2525 1511 13721.081 1722.837 
613 2504 1509 13716.665 1722.218 
592 2533 1509 13719.626 1722.115 
549 2651 1480 13784.278 1730.071 
581 2550 1487 13722.403 1722.771 
600 2519 1503 13717.8 1722.75 
589 2526 1510 13721.028 1722.832 
533 2682 1448 13793.5 1732.319 
616 2489 1507 13718.04 1720.499 
622 2487 1499 13694.078 1718.954 
559 2661 1473 13791.293 1730.47 
588 2540 1522 13730.806 1722.681 
611 2505 1518 13709.894 1719.939 
593 2530 1500 13713.16 1720.286 
598 2514 1517 13701.968 1720.48 
608 2513 1524 13721.036 1721.084 
574 2532 1480 13716.66 1722.926 
576 2628 1461 13782.631 1729.547 
618 2486 1521 13715.064 1722.376 
579 2600 1452 13746.555 1724.191 
551 2657 1468 13793.038 1732.219 
608 2518 1512 13719.594 1722.167 
596 2524 1506 13724.35 1721.927 
531 2688 1462 13799.633 1732.839 
595 2521 1513 13727.448 1720.244 
544 2684 1470 13795.955 1730.954 
549 2673 1476 13795.083 1730.792 
545 2667 1458 13793.421 1732.326 
548 2675 1472 13792.271 1730.475 
558 2662 1473 13791.241 1730.453 
536 2682 1462 13802.439 1732.303 
558 2657 1473 13797.364 1730.681 
591 2546 1517 13731.311 1722.435 
561 2653 1472 13792.476 1731.026 
548 2663 1456 13790.839 1731.685 
597 2520 1499 13711.354 1722.385 
603 2519 1510 13717.246 1722.632 
547 2663 1456 13790.232 1731.737 
564 2667 1469 13799.962 1730.518 
543 2670 1458 13793.372 1731.114 
553 2656 1465 13790.109 1731.625 
567 2642 1471 13776.616 1729.309 
610 2490 1513 13715.892 1722.41 
541 2673 1453 13791.79 1732.52 
565 2666 1471 13799.385 1730.431 
544 2666 1457 13794.497 1731.411 
554 2661 1460 13796.882 1732.421 
