335 1351 859 14013.137 1762.919 
349 1333 841 13999.635 1763.236 
327 1364 849 14001.724 1763.221 
339 1333 856 13996.457 1763.613 
331 1352 854 13974.968 1757.295 
347 1316 861 13958.102 1755.303 
330 1357 840 14008.482 1763.041 
361 1309 856 13978.026 1757.994 
344 1339 837 13980.585 1759.24 
331 1351 852 14007.731 1765.034 
319 1363 848 14005.101 1757.825 
315 1372 831 14008.607 1762.075 
349 1336 852 13981.512 1758.047 
325 1366 839 14004.291 1764.913 
331 1347 835 13995.784 1765.209 
310 1379 813 13978.087 1755.89 
336 1346 845 14008.344 1765.848 
326 1365 846 13986.278 1759.232 
331 1358 832 13992.007 1761.934 
339 1333 855 13996.68 1763.659 
343 1340 843 13968.739 1755.038 
328 1354 845 14002.779 1765.111 
339 1348 835 13986.901 1757.895 
348 1335 840 14000.592 1763.457 
345 1328 850 14001.423 1761.903 
302 1388 820 13985.554 1756.032 
353 1314 847 13962.327 1759.24 
335 1349 844 14009.793 1764.444 
309 1386 826 14001.826 1758.908 
303 1386 827 13981.753 1756.271 
340 1352 830 13985.724 1759.629 
338 1346 854 14009.295 1765.187 
352 1310 850 13961.417 1756.103 
336 1347 848 13989.128 1758.516 
340 1339 849 14000.405 1759.423 
325 1370 827 14006.186 1760.258 
348 1337 851 13981.788 1758.067 
338 1342 853 14010.461 1762.273 
329 1360 853 13995.853 1758.407 
301 1390 812 13983.238 1757.401 
340 1338 854 14002.002 1764.131 
343 1344 816 13973.763 1758.966 
356 1314 846 13973.629 1759.553 
334 1354 847 14003.896 1759.686 
343 1332 846 13989.337 1761.799 
331 1358 841 14001.275 1760.726 
342 1343 834 13987.96 1757.287 
325 1367 846 13988.865 1759.3 
333 1359 832 13990.47 1760.135 
350 1319 854 13991.773 1757.816 
345 1332 857 13999.324 1760.0 
302 1377 810 13981.407 1761.077 
332 1352 845 14000.056 1760.879 
344 1339 842 13985.389 1758.548 
337 1339 861 14007.081 1764.184 
337 1349 841 14006.48 1762.559 
307 1384 824 13993.901 1759.945 
337 1351 837 13982.712 1757.62 
336 1351 832 13982.46 1759.981 
316 1373 827 13987.844 1761.975 
344 1328 858 13995.032 1762.647 
335 1353 844 14005.208 1763.123 
339 1334 855 13997.542 1763.51 
301 1389 819 13981.894 1755.561 
334 1354 845 13998.595 1760.748 
334 1340 861 14002.34 1763.696 
351 1316 849 13987.031 1759.526 
321 1378 826 14000.139 1760.199 
351 1322 847 13981.157 1761.083 
353 1311 843 13975.043 1757.32 
329 1368 837 14008.156 1762.578 
301 1389 818 13982.323 1755.596 
341 1334 855 13995.244 1762.774 
351 1321 853 13985.161 1762.011 
351 1316 848 13987.043 1759.527 
346 1323 861 13988.99 1761.32 
300 1394 821 13993.593 1757.61 
303 1388 817 13984.785 1755.456 
306 1387 815 13990.808 1758.928 
329 1364 838 13986.108 1758.515 
301 1388 819 13988.826 1757.181 
