1101 5258 2900 13762.357 1723.206 
1105 5229 2937 13759.035 1722.98 
1083 5266 2877 13752.685 1721.525 
1129 5200 2950 13752.888 1721.914 
1085 5262 2911 13759.07 1721.816 
1125 5240 2913 13760.214 1723.435 
1116 5214 2944 13748.838 1721.311 
1136 5148 2887 13721.398 1718.695 
1118 5223 2925 13758.629 1723.147 
1118 5229 2936 13758.656 1721.964 
1111 5228 2928 13755.343 1723.184 
1112 5228 2932 13758.592 1722.635 
1117 5248 2904 13758.311 1723.052 
1105 5223 2939 13746.657 1720.786 
1086 5255 2915 13754.433 1721.577 
1126 5211 2958 13753.71 1721.505 
1101 5241 2926 13752.048 1722.302 
1086 5260 2908 13754.068 1722.187 
1124 5203 2926 13751.713 1721.754 
1099 5235 2926 13752.213 1721.694 
1079 5271 2889 13752.298 1721.668 
1124 5202 2947 13749.23 1721.782 
1102 5231 2931 13752.486 1722.239 
1073 5263 2904 13748.224 1721.175 
1102 5256 2901 13761.845 1723.079 
1119 5235 2913 13760.904 1722.898 
1116 5227 2935 13754.611 1722.306 
1121 5211 2939 13752.814 1721.64 
1073 5275 2874 13749.313 1722.183 
1127 5218 2907 13750.476 1721.866 
1104 5265 2894 13757.981 1723.597 
1091 5252 2910 13754.514 1721.735 
1100 5244 2919 13754.141 1721.719 
1136 5141 2904 13719.236 1717.472 
1098 5241 2916 13753.051 1722.322 
1101 5245 2912 13751.755 1721.643 
1101 5235 2924 13753.58 1722.579 
1112 5249 2908 13760.104 1723.356 
1136 5144 2897 13722.993 1718.578 
1066 5280 2885 13754.086 1721.323 
1080 5272 2881 13754.479 1722.041 
1116 5222 2943 13754.479 1721.771 
1135 5180 2892 13736.016 1720.44 
1113 5221 2939 13753.927 1721.988 
1097 5246 2919 13755.78 1721.687 
1130 5146 2906 13724.187 1717.989 
1102 5254 2902 13761.792 1723.04 
1071 5284 2896 13751.8 1722.316 
1130 5155 2899 13723.472 1718.853 
1100 5239 2912 13763.052 1722.653 
1072 5279 2875 13750.592 1722.389 
1095 5250 2916 13756.557 1721.805 
1112 5254 2905 13760.139 1723.228 
1067 5285 2894 13752.385 1722.697 
1114 5222 2937 13756.416 1722.513 
1128 5209 2902 13745.081 1721.855 
1118 5226 2933 13758.803 1722.241 
1101 5256 2903 13761.868 1722.999 
1101 5238 2914 13763.171 1722.659 
1132 5153 2907 13723.793 1718.576 
1120 5212 2938 13752.755 1721.637 
1079 5271 2888 13752.457 1721.706 
1139 5146 2892 13720.233 1718.161 
1133 5162 2893 13723.151 1717.822 
1101 5256 2902 13761.919 1723.009 
1100 5245 2918 13754.329 1721.716 
1070 5277 2875 13751.968 1721.522 
1096 5244 2921 13755.185 1721.596 
1137 5148 2891 13721.488 1718.478 
1095 5250 2917 13756.545 1721.803 
1135 5149 2905 13723.812 1718.038 
1097 5242 2921 13754.663 1721.48 
1098 5238 2928 13752.372 1721.824 
1121 5221 2928 13749.066 1720.895 
1133 5148 2900 13721.772 1718.402 
1135 5150 2908 13723.124 1717.954 
1106 5233 2916 13756.383 1721.997 
1119 5213 2937 13752.418 1721.554 
1094 5240 2927 13751.039 1721.449 
1105 5233 2930 13752.997 1720.989 
1105 5234 2916 13754.729 1722.294 
