334 1375 898 14056.253 1765.262 
331 1379 901 14069.957 1767.041 
356 1327 857 13984.616 1760.471 
348 1323 863 13974.308 1759.516 
333 1394 868 14072.992 1768.097 
329 1390 886 14090.381 1770.293 
348 1338 861 14003.708 1758.089 
328 1392 890 14099.023 1774.186 
334 1391 877 14076.411 1766.821 
317 1392 898 14084.053 1768.92 
334 1390 871 14087.363 1769.736 
351 1307 869 13932.148 1749.339 
324 1407 881 14117.637 1771.866 
331 1403 869 14118.184 1773.561 
336 1388 891 14098.666 1772.996 
303 1416 899 14090.839 1772.815 
357 1316 844 13981.104 1762.08 
350 1309 868 13933.949 1749.524 
353 1322 842 13988.499 1763.087 
350 1337 847 13997.689 1758.832 
342 1343 872 14001.925 1759.14 
315 1409 896 14085.753 1771.571 
308 1402 900 14075.485 1770.985 
324 1399 886 14086.972 1770.832 
306 1410 900 14086.203 1770.856 
349 1310 863 13941.583 1751.049 
358 1326 858 13986.679 1760.787 
313 1415 898 14092.542 1772.728 
329 1389 885 14105.91 1772.87 
295 1420 870 14047.269 1764.222 
328 1402 874 14122.358 1776.273 
325 1386 898 14079.285 1769.127 
348 1334 879 14012.827 1758.263 
331 1392 880 14097.825 1772.197 
307 1412 901 14084.754 1770.906 
333 1392 874 14094.635 1770.724 
332 1387 883 14095.214 1773.14 
352 1306 869 13933.172 1749.392 
340 1384 881 14091.665 1772.188 
352 1336 862 14024.254 1764.343 
295 1419 871 14046.814 1764.025 
355 1315 861 13967.379 1755.539 
339 1388 881 14086.931 1772.893 
341 1378 887 14097.085 1772.308 
326 1394 886 14106.773 1773.203 
339 1385 895 14106.615 1774.08 
327 1389 901 14082.746 1768.476 
324 1408 882 14115.915 1772.04 
328 1396 886 14095.741 1771.541 
324 1410 871 14109.402 1770.765 
322 1405 887 14111.61 1772.656 
340 1382 888 14099.053 1773.588 
357 1324 847 13986.0 1761.72 
349 1344 860 14031.709 1764.304 
319 1397 891 14088.071 1770.319 
330 1395 874 14091.913 1775.073 
332 1401 871 14119.09 1774.538 
330 1406 884 14117.075 1775.032 
347 1350 862 14036.789 1764.268 
341 1382 886 14109.033 1773.328 
332 1392 876 14094.117 1772.961 
331 1400 879 14121.68 1774.391 
356 1317 843 13980.741 1762.042 
323 1411 858 14122.074 1775.617 
325 1408 874 14127.57 1776.808 
