486 1984 1178 13896.072 1737.598 
461 1992 1194 13869.059 1735.658 
494 1957 1158 13849.627 1735.013 
491 1946 1184 13858.17 1734.538 
474 2009 1181 13901.176 1736.77 
451 2022 1173 13906.199 1743.454 
431 2045 1127 13892.288 1740.318 
433 2039 1147 13859.671 1735.114 
460 2026 1164 13902.723 1737.765 
423 2037 1164 13877.71 1738.672 
461 2022 1157 13888.212 1736.599 
417 2047 1146 13873.652 1741.138 
443 2023 1176 13891.915 1738.275 
440 2023 1130 13865.868 1740.418 
449 2021 1174 13884.986 1739.344 
483 1953 1190 13856.023 1732.982 
497 1914 1154 13804.566 1727.978 
482 1989 1175 13882.459 1738.561 
461 2001 1168 13878.518 1739.284 
495 1913 1154 13802.539 1728.055 
459 2028 1160 13887.947 1739.061 
433 2035 1130 13866.542 1738.78 
428 2035 1151 13888.267 1742.644 
425 2048 1144 13883.731 1740.485 
463 1985 1188 13859.563 1734.982 
489 1968 1171 13859.943 1736.03 
442 2031 1142 13877.539 1738.805 
430 2039 1160 13884.765 1740.575 
458 2019 1170 13890.689 1736.698 
487 1947 1188 13851.369 1732.216 
471 1970 1187 13862.777 1736.465 
466 2013 1172 13893.765 1737.744 
481 1991 1175 13883.139 1738.647 
427 2036 1145 13887.043 1742.569 
481 1965 1192 13857.582 1733.782 
421 2046 1138 13884.004 1742.762 
475 1968 1185 13872.756 1734.381 
479 1987 1173 13881.774 1738.909 
455 2028 1156 13888.142 1737.811 
444 2033 1144 13875.857 1736.454 
480 1986 1174 13882.315 1738.95 
492 1946 1187 13856.368 1733.15 
425 2037 1146 13887.902 1742.645 
452 2030 1159 13888.291 1739.374 
440 2029 1165 13890.877 1737.791 
482 1954 1190 13856.305 1733.002 
431 2035 1144 13876.733 1739.833 
487 1956 1185 13859.638 1734.523 
406 2060 1102 13862.602 1735.992 
455 2031 1154 13888.153 1738.086 
480 1977 1196 13870.757 1735.026 
489 1945 1188 13852.731 1732.185 
463 2013 1181 13892.447 1738.541 
435 2040 1137 13867.157 1737.49 
385 2062 1087 13833.355 1732.652 
467 1998 1168 13883.732 1739.471 
432 2038 1130 13871.723 1738.701 
456 2025 1169 13903.519 1739.793 
464 2014 1172 13901.279 1738.187 
458 2019 1169 13891.237 1736.391 
444 2018 1194 13894.911 1738.225 
477 2012 1179 13906.409 1738.637 
489 1968 1172 13860.006 1735.891 
461 2019 1162 13879.159 1738.38 
424 2044 1148 13879.855 1738.551 
400 2059 1111 13860.362 1735.588 
439 2034 1157 13896.739 1741.694 
426 2058 1129 13869.286 1736.84 
425 2039 1149 13888.217 1742.562 
416 2048 1146 13873.819 1741.161 
435 2036 1129 13867.079 1737.98 
427 2038 1140 13880.642 1741.949 
497 1914 1155 13804.489 1727.973 
431 2043 1143 13878.107 1740.187 
