748 3235 1879 13773.411 1725.949 
742 3236 1881 13777.618 1727.185 
706 3299 1856 13792.284 1729.397 
722 3284 1878 13782.296 1726.225 
704 3308 1839 13778.746 1725.792 
732 3279 1896 13793.507 1726.872 
688 3320 1835 13784.274 1724.905 
756 3227 1898 13776.688 1725.013 
719 3300 1859 13795.011 1729.239 
731 3266 1859 13787.433 1728.419 
742 3258 1869 13792.424 1726.587 
703 3311 1856 13798.092 1728.721 
709 3293 1879 13795.705 1728.947 
723 3296 1872 13794.07 1727.432 
714 3263 1883 13790.675 1729.338 
706 3300 1859 13796.687 1729.135 
729 3263 1880 13785.415 1728.488 
749 3235 1854 13776.674 1727.038 
702 3315 1851 13798.411 1726.879 
707 3303 1862 13802.964 1727.363 
735 3263 1871 13791.128 1729.032 
750 3221 1857 13762.457 1726.782 
741 3249 1870 13780.408 1727.647 
733 3237 1902 13773.829 1725.289 
701 3317 1850 13800.821 1730.788 
725 3289 1876 13789.123 1726.821 
716 3296 1873 13805.246 1729.186 
699 3308 1852 13794.016 1729.567 
705 3303 1855 13794.882 1729.688 
750 3228 1880 13768.284 1724.556 
748 3235 1859 13773.54 1726.082 
761 3198 1858 13737.863 1722.273 
761 3172 1869 13724.687 1719.345 
758 3185 1871 13738.456 1722.345 
741 3253 1867 13788.325 1729.036 
729 3283 1878 13791.598 1727.706 
703 3314 1850 13798.809 1730.11 
703 3318 1841 13796.926 1726.612 
746 3252 1894 13784.278 1726.189 
732 3279 1897 13793.678 1726.855 
692 3323 1841 13789.531 1724.454 
722 3283 1889 13789.485 1726.408 
714 3290 1876 13798.757 1728.751 
688 3312 1853 13783.799 1724.323 
702 3305 1863 13784.651 1727.515 
719 3289 1871 13804.824 1728.911 
718 3299 1890 13809.776 1728.676 
702 3300 1860 13795.925 1728.534 
745 3249 1867 13780.873 1726.906 
690 3319 1845 13786.34 1725.231 
724 3287 1893 13789.012 1726.123 
730 3285 1862 13801.158 1729.46 
736 3277 1867 13786.401 1726.122 
757 3226 1890 13775.577 1726.088 
727 3288 1875 13805.383 1730.013 
759 3184 1872 13738.43 1722.34 
706 3304 1862 13802.829 1727.357 
726 3291 1869 13808.704 1729.426 
687 3325 1838 13787.401 1725.184 
690 3319 1845 13785.469 1725.426 
733 3265 1855 13787.166 1728.662 
735 3277 1870 13786.17 1726.684 
748 3232 1873 13776.879 1725.942 
724 3280 1883 13794.216 1728.167 
742 3237 1899 13775.282 1725.516 
712 3292 1857 13801.082 1730.131 
700 3318 1849 13800.129 1730.641 
747 3248 1876 13786.463 1728.987 
729 3269 1866 13792.564 1728.594 
728 3289 1857 13800.672 1729.517 
727 3292 1865 13800.174 1729.974 
730 3283 1876 13788.583 1727.243 
728 3285 1875 13791.493 1727.549 
721 3292 1864 13801.575 1730.054 
740 3275 1900 13802.63 1728.392 
755 3213 1896 13770.933 1726.044 
739 3235 1902 13773.094 1724.651 
723 3297 1853 13797.464 1730.014 
724 3277 1884 13800.059 1729.32 
