610 2583 1524 13755.96 1720.458 
592 2638 1493 13783.714 1723.006 
609 2598 1506 13741.233 1717.411 
574 2669 1477 13790.265 1723.582 
575 2668 1479 13789.99 1723.581 
561 2631 1510 13751.126 1717.82 
615 2582 1510 13747.585 1718.96 
585 2656 1480 13786.633 1725.333 
622 2576 1503 13747.077 1719.122 
621 2580 1501 13744.201 1717.88 
593 2625 1496 13769.23 1720.32 
580 2632 1508 13762.575 1721.148 
560 2632 1510 13751.001 1717.817 
587 2660 1505 13795.816 1724.138 
571 2679 1466 13798.976 1724.861 
596 2605 1530 13773.471 1719.082 
573 2670 1477 13790.374 1723.58 
574 2669 1479 13790.248 1723.579 
580 2631 1509 13761.171 1720.834 
611 2596 1501 13757.266 1719.704 
559 2663 1502 13776.693 1722.589 
569 2671 1479 13788.627 1723.402 
592 2621 1497 13771.859 1722.035 
584 2630 1512 13770.183 1719.932 
593 2637 1493 13783.301 1722.998 
621 2559 1509 13738.699 1715.968 
595 2605 1522 13776.122 1721.024 
589 2635 1507 13779.723 1722.129 
619 2587 1502 13754.378 1718.255 
592 2628 1507 13771.618 1721.66 
572 2679 1467 13798.94 1724.854 
574 2669 1478 13790.26 1723.581 
597 2614 1489 13771.731 1721.805 
570 2664 1506 13780.481 1721.812 
550 2682 1492 13798.153 1721.377 
596 2622 1486 13766.633 1720.318 
595 2601 1493 13763.229 1721.646 
574 2669 1479 13790.459 1723.524 
594 2636 1495 13784.471 1723.198 
548 2698 1470 13790.543 1722.775 
567 2673 1497 13794.776 1723.382 
616 2587 1505 13753.338 1716.666 
592 2638 1493 13783.704 1723.007 
615 2582 1512 13747.516 1718.901 
595 2621 1515 13761.471 1720.65 
606 2603 1544 13776.623 1720.617 
578 2661 1473 13790.776 1723.804 
595 2624 1496 13771.942 1720.657 
595 2624 1498 13772.615 1720.624 
579 2661 1473 13784.431 1721.686 
614 2601 1500 13742.099 1716.69 
577 2663 1470 13783.367 1721.216 
605 2619 1529 13786.297 1720.755 
578 2661 1474 13790.738 1723.804 
568 2660 1508 13785.294 1722.658 
570 2670 1478 13789.017 1723.264 
575 2668 1479 13790.26 1723.58 
562 2680 1452 13784.591 1722.188 
570 2674 1490 13793.951 1723.022 
592 2622 1497 13772.822 1721.928 
578 2661 1479 13787.422 1723.782 
588 2646 1494 13790.725 1723.086 
568 2637 1512 13760.252 1717.532 
589 2627 1521 13770.903 1721.615 
589 2632 1506 13781.888 1723.436 
596 2630 1486 13767.438 1719.904 
607 2600 1491 13755.613 1719.254 
543 2676 1481 13764.93 1721.736 
618 2595 1504 13755.6 1719.124 
595 2614 1496 13773.382 1721.157 
