983 4562 2572 13750.955 1724.451 
1020 4473 2561 13731.32 1723.114 
979 4561 2586 13751.991 1726.115 
976 4580 2582 13765.95 1726.951 
979 4557 2600 13754.983 1726.344 
979 4555 2601 13753.909 1726.263 
1018 4492 2577 13733.645 1722.755 
964 4582 2575 13760.838 1726.071 
1005 4514 2605 13746.184 1725.236 
962 4598 2568 13755.741 1726.627 
1015 4504 2583 13740.852 1723.589 
982 4564 2591 13751.722 1723.843 
988 4550 2595 13748.366 1724.354 
947 4609 2538 13755.117 1725.092 
958 4595 2561 13759.492 1725.654 
994 4560 2593 13759.29 1727.266 
978 4562 2599 13763.564 1727.101 
959 4591 2573 13761.528 1725.967 
1016 4491 2585 13735.188 1722.836 
959 4594 2561 13759.575 1725.663 
1006 4528 2587 13746.902 1723.557 
982 4565 2583 13764.907 1726.568 
1007 4514 2607 13746.853 1724.689 
985 4554 2601 13747.549 1724.803 
949 4606 2541 13754.918 1725.001 
981 4548 2606 13754.946 1725.909 
1015 4508 2578 13737.596 1723.076 
974 4560 2604 13750.613 1726.212 
1013 4509 2614 13749.009 1724.675 
976 4558 2608 13755.659 1726.356 
961 4598 2567 13755.469 1726.651 
1004 4524 2613 13749.032 1724.965 
972 4577 2588 13759.845 1726.621 
963 4597 2566 13757.441 1726.847 
966 4574 2599 13755.857 1726.748 
950 4605 2541 13754.598 1725.177 
982 4555 2607 13754.335 1725.146 
964 4587 2556 13754.878 1725.872 
975 4581 2583 13766.182 1726.995 
1008 4518 2605 13751.773 1725.229 
970 4566 2604 13748.642 1724.873 
973 4565 2593 13764.301 1726.951 
1003 4527 2623 13752.479 1725.872 
1010 4502 2615 13743.316 1723.735 
971 4569 2587 13758.424 1726.733 
943 4616 2543 13758.59 1725.642 
972 4564 2605 13756.519 1726.539 
975 4568 2603 13756.699 1726.745 
977 4550 2604 13752.077 1726.142 
947 4609 2540 13754.164 1724.77 
945 4611 2541 13755.33 1724.679 
961 4599 2567 13755.482 1726.624 
953 4596 2576 13754.46 1726.699 
980 4549 2605 13755.026 1725.912 
976 4575 2580 13759.859 1727.369 
1003 4535 2613 13759.879 1725.6 
962 4584 2570 13757.057 1726.061 
957 4596 2561 13759.374 1725.64 
983 4558 2582 13758.069 1727.332 
944 4610 2539 13756.14 1725.406 
981 4571 2588 13762.057 1725.539 
951 4608 2540 13756.914 1725.461 
967 4579 2595 13755.647 1726.055 
986 4550 2609 13748.264 1724.892 
999 4546 2620 13759.173 1725.925 
989 4547 2598 13747.311 1725.584 
