853 3834 2237 13713.209 1720.537 
861 3822 2230 13698.606 1717.802 
857 3841 2202 13710.425 1720.59 
844 3859 2231 13719.97 1721.511 
857 3805 2229 13700.203 1719.079 
804 3895 2158 13706.406 1719.212 
786 3883 2193 13687.638 1718.254 
813 3884 2168 13708.51 1720.596 
801 3887 2149 13697.799 1720.356 
782 3923 2152 13699.71 1719.429 
859 3841 2209 13712.097 1719.415 
851 3865 2226 13724.194 1720.906 
872 3835 2224 13714.67 1720.892 
813 3886 2166 13709.867 1720.775 
867 3815 2234 13699.808 1717.274 
846 3857 2233 13720.285 1721.536 
845 3858 2231 13720.307 1721.59 
871 3836 2224 13714.668 1720.891 
804 3888 2133 13698.922 1720.299 
839 3873 2230 13723.714 1721.566 
813 3889 2189 13698.648 1717.512 
856 3843 2215 13718.995 1721.669 
858 3852 2225 13714.28 1719.09 
796 3895 2187 13708.734 1721.706 
767 3910 2192 13695.663 1718.875 
825 3882 2215 13714.612 1721.456 
790 3901 2180 13704.302 1720.084 
876 3815 2225 13701.356 1718.746 
780 3905 2165 13698.106 1719.696 
807 3889 2153 13696.421 1720.585 
787 3902 2149 13698.377 1718.398 
815 3884 2185 13708.6 1718.205 
766 3931 2156 13686.736 1716.945 
798 3883 2184 13696.906 1718.687 
842 3856 2215 13713.412 1721.605 
871 3831 2224 13716.09 1721.078 
855 3844 2214 13719.02 1721.67 
831 3875 2194 13711.256 1719.846 
830 3876 2193 13711.266 1719.848 
790 3900 2180 13704.001 1720.14 
783 3906 2181 13695.046 1718.474 
842 3841 2237 13708.586 1720.562 
817 3885 2189 13705.65 1718.098 
858 3828 2229 13704.377 1718.106 
862 3820 2231 13698.651 1717.882 
878 3813 2238 13710.056 1718.56 
809 3901 2182 13711.301 1718.483 
810 3892 2186 13709.127 1717.557 
764 3898 2175 13694.719 1720.286 
781 3922 2160 13703.011 1718.996 
802 3887 2149 13697.79 1720.355 
858 3834 2237 13706.894 1717.464 
853 3851 2224 13721.555 1721.383 
827 3880 2227 13733.325 1721.799 
840 3863 2228 13715.979 1720.988 
784 3912 2162 13698.157 1719.776 
803 3889 2132 13698.673 1720.262 
785 3911 2150 13715.224 1721.942 
