765 3241 1915 13808.045 1731.841 
765 3242 1914 13809.226 1731.913 
768 3190 1851 13750.113 1723.769 
729 3296 1889 13822.845 1735.09 
747 3264 1908 13805.411 1731.227 
754 3257 1891 13805.315 1730.929 
752 3251 1916 13802.775 1730.709 
751 3262 1888 13802.08 1733.722 
748 3261 1921 13813.495 1732.511 
753 3249 1907 13808.325 1731.309 
753 3265 1901 13816.391 1732.829 
747 3268 1899 13804.965 1731.279 
753 3246 1909 13799.42 1730.383 
738 3278 1887 13819.76 1733.658 
719 3305 1886 13816.848 1733.505 
721 3311 1869 13822.114 1733.196 
731 3292 1896 13819.908 1734.277 
746 3278 1895 13812.252 1732.566 
726 3298 1896 13815.269 1734.513 
752 3250 1912 13797.696 1730.764 
759 3244 1899 13803.909 1731.578 
755 3253 1887 13785.317 1730.336 
719 3310 1868 13822.795 1733.467 
726 3305 1873 13822.264 1733.67 
751 3270 1890 13799.83 1732.575 
739 3269 1892 13812.201 1733.135 
742 3267 1881 13807.705 1732.88 
738 3263 1883 13799.168 1733.661 
731 3302 1890 13821.286 1734.909 
737 3277 1895 13810.962 1732.753 
727 3299 1882 13824.856 1735.861 
713 3306 1880 13813.017 1732.538 
754 3246 1909 13799.39 1730.381 
767 3234 1910 13801.56 1731.799 
736 3293 1900 13818.951 1734.151 
711 3306 1876 13809.561 1733.49 
718 3299 1891 13816.796 1732.163 
736 3284 1892 13819.482 1735.093 
722 3304 1880 13817.025 1734.009 
741 3269 1888 13803.331 1732.914 
