334 1395 845 14058.831 1769.683 
336 1393 849 14066.218 1769.99 
367 1359 882 14072.12 1769.077 
332 1391 853 14053.423 1769.859 
326 1402 848 14058.785 1768.887 
329 1396 864 14050.578 1764.879 
328 1401 844 14068.394 1769.543 
368 1349 880 14041.275 1764.48 
341 1390 867 14060.418 1767.952 
317 1408 842 14059.672 1769.062 
317 1410 845 14067.677 1768.815 
352 1385 873 14086.068 1770.645 
361 1354 888 14055.166 1768.502 
338 1390 869 14060.415 1766.819 
364 1357 885 14055.734 1765.784 
341 1390 866 14060.428 1767.953 
334 1400 861 14064.391 1768.672 
353 1383 876 14083.728 1770.119 
360 1379 877 14093.33 1771.892 
335 1399 840 14067.519 1770.098 
345 1371 884 14049.245 1764.34 
360 1375 879 14089.157 1770.198 
360 1382 878 14100.585 1771.453 
336 1393 850 14066.257 1769.978 
336 1393 848 14066.337 1770.008 
337 1389 865 14078.605 1770.437 
364 1363 881 14064.499 1769.013 
342 1385 877 14068.682 1768.582 
340 1392 852 14074.683 1770.577 
340 1393 860 14057.285 1767.91 
319 1404 846 14065.181 1769.375 
343 1389 871 14072.133 1767.696 
372 1345 872 14041.514 1762.129 
364 1364 880 14074.717 1769.175 
321 1404 838 14045.607 1764.343 
363 1374 878 14096.461 1770.898 
329 1401 844 14053.783 1767.715 
336 1394 855 14070.393 1768.961 
331 1399 861 14069.273 1770.164 
359 1376 881 14090.986 1770.469 
320 1403 855 14068.511 1769.377 
336 1392 868 14064.952 1769.218 
364 1363 879 14072.795 1769.758 
356 1366 883 14059.087 1766.742 
326 1401 852 14054.415 1770.439 
351 1386 871 14084.163 1770.378 
362 1375 877 14095.588 1770.916 
332 1397 862 14056.423 1767.673 
363 1368 880 14084.315 1769.832 
339 1388 868 14062.11 1767.893 
361 1373 880 14087.683 1771.028 
336 1392 868 14065.617 1769.175 
345 1390 864 14084.177 1771.589 
336 1398 861 14066.182 1769.021 
317 1410 838 14043.212 1769.327 
369 1346 871 14040.451 1763.115 
331 1396 853 14069.534 1769.303 
365 1362 882 14077.283 1769.611 
365 1363 881 14080.893 1768.837 
321 1402 851 14053.3 1766.508 
319 1404 847 14058.224 1768.104 
