975 4405 2508 13671.152 1709.716 
909 4511 2478 13683.334 1709.803 
983 4354 2539 13645.172 1705.974 
917 4497 2484 13680.962 1709.732 
948 4450 2539 13680.988 1710.616 
967 4420 2538 13671.376 1710.492 
803 4572 2305 13604.583 1702.179 
937 4474 2480 13679.423 1711.412 
954 4428 2524 13665.65 1710.184 
941 4476 2522 13685.976 1711.055 
951 4437 2526 13678.603 1709.813 
954 4429 2516 13674.519 1709.8 
839 4528 2351 13613.366 1705.408 
971 4415 2520 13668.428 1709.881 
956 4426 2530 13668.778 1709.782 
925 4478 2484 13676.029 1711.254 
963 4415 2526 13676.972 1711.452 
917 4486 2484 13677.071 1710.264 
921 4481 2504 13679.436 1709.644 
816 4534 2299 13602.213 1702.227 
943 4424 2545 13661.03 1708.902 
952 4444 2529 13676.567 1710.272 
927 4478 2498 13679.923 1709.666 
941 4476 2521 13685.813 1711.056 
957 4437 2532 13669.464 1709.183 
985 4358 2510 13638.299 1705.129 
920 4489 2500 13678.695 1710.058 
946 4469 2524 13682.925 1711.323 
948 4441 2540 13675.99 1709.958 
949 4448 2538 13680.062 1710.384 
929 4480 2480 13677.037 1709.926 
813 4539 2297 13602.812 1701.76 
913 4490 2480 13678.28 1710.498 
947 4424 2543 13659.913 1708.021 
924 4479 2497 13674.292 1709.953 
980 4396 2525 13660.339 1708.435 
953 4444 2514 13677.589 1709.857 
912 4491 2479 13678.427 1710.552 
948 4455 2524 13683.747 1710.563 
950 4450 2525 13681.42 1710.864 
802 4562 2303 13607.256 1703.096 
935 4452 2527 13673.995 1710.031 
924 4483 2491 13679.543 1710.132 
916 4488 2486 13679.003 1710.037 
959 4434 2514 13667.815 1709.946 
849 4527 2389 13628.268 1706.125 
957 4402 2546 13664.413 1709.421 
953 4434 2536 13677.435 1710.016 
926 4487 2482 13679.199 1709.929 
991 4343 2520 13639.19 1703.811 
922 4486 2497 13679.076 1710.211 
983 4369 2524 13644.282 1706.905 
921 4481 2505 13679.574 1709.638 
958 4428 2525 13672.06 1709.116 
928 4480 2499 13678.649 1709.845 
955 4427 2523 13665.403 1710.155 
987 4344 2518 13637.954 1704.255 
953 4436 2537 13674.159 1709.693 
942 4423 2546 13660.389 1708.888 
958 4436 2533 13669.941 1709.298 
974 4383 2531 13652.331 1706.89 
958 4435 2513 13667.225 1709.839 
915 4489 2502 13681.733 1709.576 
804 4555 2320 13599.469 1701.715 
925 4482 2477 13675.931 1710.789 
916 4488 2502 13681.707 1709.571 
952 4439 2532 13674.349 1710.134 
956 4425 2538 13670.183 1709.403 
802 4573 2304 13604.661 1702.189 
924 4485 2488 13679.216 1709.999 
965 4424 2523 13667.52 1710.09 
928 4482 2484 13678.642 1710.019 
960 4443 2524 13676.931 1709.739 
816 4537 2304 13602.155 1701.905 
944 4422 2546 13660.454 1708.898 
926 4485 2483 13678.309 1709.744 
951 4446 2537 13678.401 1710.623 
925 4477 2484 13675.587 1711.469 
984 4367 2525 13643.862 1706.892 
943 4422 2547 13660.637 1708.917 
921 4488 2500 13679.264 1709.981 
940 4477 2520 13686.876 1711.216 
986 4354 2520 13642.102 1705.551 
931 4455 2531 13672.925 1710.326 
912 4488 2508 13681.104 1709.426 
952 4448 2523 13669.237 1709.524 
