956 4420 2446 13658.848 1708.324 
975 4383 2448 13639.957 1707.266 
923 4474 2452 13651.692 1712.177 
888 4536 2467 13658.312 1712.727 
854 4576 2457 13668.183 1713.316 
915 4498 2421 13650.021 1710.257 
866 4555 2454 13659.075 1710.937 
900 4520 2457 13651.05 1710.831 
991 4353 2520 13649.158 1710.345 
876 4556 2439 13665.736 1713.573 
900 4518 2480 13664.283 1713.536 
979 4373 2470 13643.304 1710.595 
942 4426 2450 13642.118 1708.542 
934 4484 2450 13654.882 1712.427 
898 4542 2432 13668.44 1712.77 
884 4552 2469 13664.54 1713.369 
982 4360 2485 13641.848 1708.019 
905 4517 2475 13660.559 1713.369 
892 4525 2455 13651.563 1712.808 
888 4541 2458 13660.839 1713.002 
952 4419 2432 13645.155 1708.77 
885 4534 2471 13662.976 1713.544 
929 4438 2465 13651.489 1710.145 
869 4553 2440 13655.1 1711.252 
984 4359 2490 13642.303 1708.157 
889 4536 2462 13658.437 1712.38 
953 4419 2431 13644.976 1708.889 
897 4530 2463 13660.805 1712.749 
900 4532 2445 13657.856 1712.624 
910 4511 2444 13656.97 1711.666 
972 4382 2486 13647.4 1708.313 
865 4566 2419 13662.748 1713.418 
945 4400 2459 13642.147 1708.954 
912 4506 2459 13655.839 1711.581 
972 4381 2486 13646.632 1708.33 
885 4536 2466 13661.881 1712.964 
887 4525 2459 13652.868 1712.913 
910 4499 2458 13654.873 1712.05 
915 4497 2484 13662.801 1712.843 
876 4557 2425 13665.049 1712.679 
959 4397 2410 13633.758 1707.795 
892 4534 2456 13657.898 1712.65 
898 4526 2456 13657.464 1712.484 
889 4542 2454 13661.68 1712.877 
981 4361 2485 13642.001 1708.025 
958 4394 2457 13647.226 1707.329 
861 4573 2422 13657.272 1711.546 
892 4534 2456 13658.243 1712.614 
950 4395 2464 13640.035 1706.662 
965 4364 2500 13645.146 1708.354 
926 4474 2482 13653.374 1711.709 
880 4541 2457 13664.761 1712.376 
950 4395 2463 13640.061 1706.666 
919 4485 2463 13652.858 1711.348 
889 4520 2477 13655.825 1712.835 
916 4497 2441 13648.707 1711.686 
885 4530 2455 13664.171 1712.374 
861 4559 2439 13660.272 1711.904 
961 4390 2463 13644.653 1707.643 
914 4503 2439 13650.906 1711.202 
957 4420 2431 13642.687 1707.438 
971 4392 2447 13643.8 1707.762 
922 4493 2445 13655.939 1711.415 
877 4558 2425 13665.014 1712.699 
958 4403 2416 13637.075 1708.439 
860 4561 2439 13660.575 1711.905 
920 4494 2438 13650.436 1710.377 
949 4388 2456 13638.232 1707.727 
860 4562 2438 13661.116 1711.997 
966 4396 2451 13642.407 1708.67 
875 4559 2424 13664.787 1712.759 
945 4400 2460 13641.933 1708.921 
955 4405 2453 13638.107 1708.222 
901 4531 2444 13657.576 1712.587 
954 4409 2451 13656.573 1707.935 
943 4388 2469 13630.488 1706.905 
944 4407 2446 13649.216 1709.189 
867 4572 2414 13664.487 1712.616 
942 4427 2439 13647.254 1706.597 
877 4544 2453 13664.715 1712.68 
977 4367 2473 13633.962 1704.73 
859 4569 2452 13665.237 1713.26 
