498 1982 1199 13914.307 1748.755 
499 1990 1199 13923.302 1745.583 
378 2052 1052 13793.149 1728.795 
498 1997 1175 13931.582 1749.589 
485 2009 1208 13942.111 1749.472 
492 1999 1185 13912.322 1743.832 
470 2020 1184 13908.189 1744.681 
479 2020 1175 13934.197 1748.813 
471 2015 1188 13919.273 1748.746 
493 1981 1206 13909.581 1746.466 
501 1987 1183 13919.187 1748.86 
451 2028 1146 13879.32 1740.752 
493 1987 1195 13923.96 1746.622 
469 2023 1185 13927.923 1749.867 
473 2016 1185 13917.716 1747.468 
400 2033 1069 13810.26 1730.288 
493 1991 1201 13914.099 1746.633 
493 1982 1205 13911.982 1744.99 
463 2020 1187 13910.16 1746.873 
504 1985 1181 13915.462 1747.601 
492 1997 1191 13928.795 1743.892 
450 2030 1145 13881.773 1740.966 
476 2012 1196 13932.007 1748.866 
493 2004 1184 13931.317 1747.697 
499 1993 1168 13917.992 1748.198 
399 2034 1068 13809.308 1730.187 
494 1987 1196 13922.538 1749.203 
483 2011 1188 13930.622 1749.699 
459 2026 1161 13897.24 1741.133 
494 1994 1198 13920.971 1748.201 
402 2040 1083 13815.583 1729.908 
498 1996 1178 13917.543 1748.24 
482 2012 1187 13929.948 1749.488 
451 2027 1144 13889.502 1742.497 
504 1986 1176 13921.904 1747.859 
489 1998 1209 13937.881 1748.593 
504 1983 1189 13921.151 1749.377 
495 1985 1195 13923.925 1746.656 
502 1988 1182 13918.153 1748.262 
490 1988 1207 13918.925 1746.741 
502 1990 1179 13923.798 1748.76 
497 1979 1204 13918.32 1745.994 
401 2032 1068 13808.953 1730.102 
491 2000 1186 13923.657 1746.711 
473 2014 1181 13923.371 1748.503 
392 2045 1068 13808.62 1730.204 
491 1992 1198 13922.336 1748.51 
487 2006 1172 13925.706 1748.5 
471 2019 1176 13923.414 1748.56 
503 1984 1188 13921.1 1749.383 
494 1986 1195 13924.153 1746.666 
505 1968 1185 13901.124 1746.731 
377 2035 1041 13792.911 1731.777 
476 2014 1180 13915.899 1747.186 
491 1998 1190 13928.428 1743.673 
484 2011 1190 13931.744 1749.619 
446 2025 1149 13876.634 1742.237 
388 2047 1067 13798.469 1730.896 
492 1998 1198 13921.968 1746.986 
378 2034 1041 13793.111 1731.74 
479 2012 1183 13919.285 1749.759 
474 2014 1179 13916.423 1747.231 
490 2003 1190 13924.575 1748.583 
472 2020 1182 13925.541 1748.516 
461 2025 1164 13900.881 1741.776 
493 1992 1191 13930.861 1744.831 
490 2007 1191 13929.973 1747.699 
499 1992 1193 13926.87 1749.542 
488 2003 1212 13943.325 1750.161 
