288 1384 787 13944.963 1749.987 
344 1300 815 13904.394 1746.387 
280 1393 788 13958.219 1754.515 
346 1253 808 13804.393 1736.493 
314 1359 783 13933.823 1748.608 
308 1337 809 13886.952 1745.741 
284 1397 783 13957.085 1754.06 
296 1356 793 13916.859 1750.121 
295 1372 797 13934.942 1753.14 
290 1386 768 13906.212 1745.27 
294 1357 818 13934.367 1748.564 
285 1390 754 13928.715 1748.817 
333 1312 790 13886.132 1745.836 
328 1322 823 13916.521 1750.898 
301 1365 770 13887.228 1749.23 
269 1405 731 13887.954 1746.019 
315 1358 783 13933.49 1748.6 
291 1376 806 13947.703 1749.791 
263 1413 735 13905.224 1746.782 
337 1286 820 13870.663 1743.549 
332 1312 798 13900.242 1748.282 
322 1326 804 13894.551 1749.002 
267 1402 740 13922.864 1749.355 
290 1383 781 13952.741 1752.192 
290 1383 804 13942.813 1746.02 
348 1256 801 13815.659 1737.125 
256 1410 757 13936.182 1750.479 
266 1403 754 13914.748 1745.286 
300 1374 787 13920.312 1749.838 
310 1365 765 13931.66 1747.493 
287 1362 814 13923.362 1747.323 
347 1257 801 13815.088 1737.23 
294 1375 779 13941.35 1750.667 
308 1341 800 13894.78 1745.006 
351 1254 797 13827.059 1737.685 
270 1400 757 13928.743 1748.386 
341 1284 821 13867.038 1744.665 
287 1387 771 13950.809 1750.618 
325 1326 817 13910.598 1748.331 
273 1401 760 13900.306 1746.288 
307 1347 788 13905.871 1746.54 
326 1330 802 13893.536 1747.742 
307 1340 804 13891.367 1746.318 
288 1379 793 13933.599 1750.82 
290 1373 799 13928.424 1749.858 
266 1404 738 13916.091 1748.381 
276 1398 743 13902.948 1746.174 
332 1314 817 13897.104 1748.79 
284 1384 794 13927.607 1749.76 
300 1378 748 13899.444 1743.567 
298 1364 811 13921.467 1748.792 
302 1361 788 13930.471 1748.695 
261 1412 736 13905.088 1747.786 
329 1312 820 13902.875 1748.635 
266 1401 769 13920.296 1748.864 
331 1310 823 13890.967 1745.46 
296 1374 789 13917.773 1749.56 
307 1362 763 13914.25 1748.467 
294 1369 800 13915.979 1748.146 
258 1409 735 13921.424 1747.305 
332 1309 820 13889.885 1745.984 
285 1386 777 13940.852 1750.765 
321 1327 813 13902.198 1749.629 
341 1289 817 13877.852 1745.807 
332 1316 815 13904.509 1746.824 
304 1377 781 13930.953 1748.49 
308 1365 769 13927.01 1747.069 
333 1305 814 13885.382 1747.327 
259 1412 732 13915.171 1747.976 
321 1330 813 13912.654 1749.03 
306 1363 763 13915.062 1748.763 
283 1383 797 13932.084 1749.01 
263 1403 743 13919.984 1749.83 
272 1399 741 13918.939 1750.199 
303 1355 802 13914.673 1745.767 
329 1320 817 13908.171 1748.672 
260 1404 749 13923.375 1750.395 
327 1323 818 13908.913 1748.11 
287 1384 775 13930.681 1750.153 
