874 4581 2394 13675.19 1714.902 
1004 4467 2533 13701.142 1717.142 
886 4578 2411 13687.391 1716.792 
978 4542 2533 13730.219 1721.06 
983 4526 2530 13725.107 1720.77 
997 4484 2515 13709.938 1721.206 
987 4503 2524 13719.636 1721.902 
1008 4459 2532 13700.886 1717.808 
877 4579 2395 13675.255 1715.098 
998 4505 2505 13722.978 1721.206 
979 4541 2531 13729.61 1721.026 
990 4473 2538 13703.347 1717.546 
984 4532 2523 13735.037 1722.02 
1012 4455 2507 13703.415 1718.273 
1016 4463 2530 13698.135 1717.699 
984 4524 2548 13732.859 1721.53 
1001 4488 2531 13719.153 1720.958 
972 4550 2512 13732.805 1722.387 
1006 4479 2523 13701.769 1719.862 
997 4489 2537 13711.523 1717.143 
985 4528 2503 13729.156 1721.987 
1015 4451 2537 13696.714 1717.788 
1008 4462 2518 13704.33 1717.556 
1016 4439 2563 13702.516 1718.497 
1031 4441 2546 13702.146 1718.597 
972 4526 2543 13727.709 1720.914 
1005 4464 2536 13707.755 1718.622 
968 4533 2533 13725.606 1721.094 
975 4549 2510 13734.167 1721.576 
970 4569 2513 13750.642 1724.12 
989 4472 2547 13704.465 1717.807 
1002 4459 2537 13699.232 1716.441 
1037 4436 2550 13704.404 1717.916 
996 4511 2523 13722.685 1719.76 
1000 4499 2514 13715.522 1719.525 
1009 4455 2548 13704.223 1717.842 
1017 4431 2556 13697.39 1717.577 
1000 4501 2522 13722.407 1719.392 
1002 4484 2509 13700.373 1718.598 
994 4525 2536 13741.251 1721.748 
1000 4466 2549 13706.496 1717.771 
1005 4450 2558 13702.368 1717.886 
986 4536 2509 13734.098 1720.42 
983 4548 2527 13753.61 1725.016 
955 4577 2516 13742.137 1721.924 
1002 4494 2505 13715.304 1719.662 
