509 1970 1258 13929.09 1746.301 
509 2011 1242 13958.636 1751.069 
489 2044 1213 13970.495 1754.921 
499 2015 1231 13971.632 1756.591 
512 1990 1226 13934.123 1751.719 
487 2006 1252 13924.845 1746.659 
516 1990 1224 13943.357 1748.836 
550 1896 1190 13840.092 1737.247 
498 2023 1227 13954.046 1753.212 
503 2024 1225 13962.997 1751.51 
483 2044 1223 13969.952 1754.728 
498 1990 1250 13933.065 1750.275 
504 1985 1250 13934.651 1747.774 
510 2006 1229 13951.977 1750.904 
493 2031 1228 13956.757 1753.179 
531 1930 1189 13873.617 1741.811 
495 2032 1216 13953.813 1752.98 
496 2001 1249 13934.919 1749.24 
516 1986 1226 13931.133 1750.41 
494 2012 1239 13951.857 1751.117 
494 2002 1249 13942.84 1749.319 
502 2017 1216 13944.638 1751.576 
520 1985 1242 13942.947 1748.736 
494 2002 1250 13942.828 1749.318 
506 2011 1242 13966.319 1754.57 
485 2020 1232 13940.461 1751.029 
515 1987 1226 13931.1 1750.4 
525 1936 1182 13872.368 1741.064 
512 2005 1231 13954.883 1751.404 
499 2019 1223 13957.132 1751.779 
495 2034 1215 13957.18 1753.744 
493 2043 1226 13968.892 1753.995 
514 1988 1225 13925.349 1750.083 
500 2018 1225 13950.034 1752.293 
513 1992 1234 13940.742 1748.097 
509 2012 1242 13958.281 1751.007 
532 1915 1183 13847.684 1739.217 
497 2026 1230 13964.423 1754.606 
497 1990 1252 13923.502 1745.796 
492 2025 1232 13946.934 1750.102 
496 2027 1230 13963.539 1754.529 
534 1910 1198 13849.204 1735.522 
509 1995 1231 13934.621 1751.826 
502 2001 1244 13944.834 1750.876 
497 2020 1231 13952.139 1750.756 
488 2050 1221 13980.65 1756.0 
499 1995 1250 13930.829 1745.533 
521 1985 1228 13936.047 1750.553 
524 1980 1224 13933.839 1748.341 
503 1997 1244 13941.05 1748.553 
529 1932 1205 13875.065 1743.391 
480 2021 1238 13952.877 1752.545 
500 2017 1235 13953.406 1751.462 
516 1961 1244 13909.062 1744.882 
517 1985 1223 13927.734 1750.724 
533 1911 1197 13849.224 1735.523 
503 2013 1233 13954.477 1751.321 
509 1996 1230 13945.586 1753.425 
509 1988 1244 13940.229 1751.032 
535 1902 1190 13837.813 1737.087 
500 2026 1222 13964.048 1752.246 
515 1962 1245 13909.082 1744.87 
516 1987 1232 13940.941 1749.907 
526 1933 1185 13859.081 1738.705 
509 1999 1222 13940.714 1752.717 
511 1974 1251 13927.406 1745.361 
492 2025 1231 13947.004 1750.102 
515 1990 1232 13939.012 1749.084 
516 1987 1225 13932.547 1750.524 
521 1980 1232 13937.726 1748.006 
489 2017 1238 13948.551 1751.618 
507 1980 1245 13926.989 1745.485 
504 2014 1240 13958.554 1749.194 
514 1979 1228 13930.181 1751.082 
510 1992 1235 13933.042 1749.166 
514 1991 1234 13940.736 1748.107 
491 2026 1231 13947.046 1750.12 
509 1995 1232 13934.485 1751.934 
515 1978 1239 13933.195 1750.012 
490 2015 1239 13948.118 1751.491 
513 2004 1232 13955.089 1751.435 
492 2021 1231 13950.48 1751.987 
514 1971 1247 13926.246 1746.894 
495 2013 1238 13964.302 1751.47 
513 1987 1240 13940.768 1746.798 
