159 710 437 14071.09 1770.384 
174 685 461 14089.116 1780.032 
179 664 467 14028.237 1771.915 
170 694 469 14094.297 1781.927 
137 741 449 14124.127 1783.332 
154 718 452 14118.615 1782.662 
175 684 475 14107.01 1777.801 
181 674 457 14064.227 1778.323 
180 683 457 14083.636 1773.777 
147 730 447 14104.776 1774.828 
174 681 475 14088.288 1778.472 
172 683 474 14105.942 1782.56 
147 727 428 14083.224 1780.651 
186 634 405 13844.892 1744.193 
163 698 448 14075.861 1783.448 
175 687 446 14048.797 1773.771 
183 678 461 14069.045 1777.423 
146 731 446 14103.404 1774.711 
176 672 465 14054.135 1776.742 
151 725 454 14109.405 1776.762 
148 723 421 14070.108 1782.899 
171 693 470 14095.196 1782.129 
169 697 459 14088.501 1778.287 
174 693 468 14094.128 1778.468 
161 706 453 14086.158 1779.992 
187 633 407 13847.457 1744.318 
141 740 441 14114.218 1778.996 
173 694 467 14091.86 1778.528 
164 698 463 14093.996 1778.251 
170 686 471 14085.321 1775.896 
151 722 423 14072.797 1777.561 
184 646 399 13877.117 1750.574 
145 720 444 14099.162 1783.936 
163 700 441 14062.813 1776.978 
179 680 463 14079.277 1777.007 
142 725 443 14117.482 1781.834 
176 686 462 14093.776 1778.08 
184 644 402 13862.244 1748.092 
159 708 446 14094.194 1781.293 
150 724 431 14088.751 1777.031 
148 726 443 14105.16 1776.532 
184 631 409 13845.114 1737.215 
165 691 456 14070.835 1783.318 
155 718 428 14081.161 1779.027 
148 727 448 14091.636 1774.438 
144 732 446 14114.704 1778.606 
152 721 451 14093.912 1775.062 
177 671 465 14055.389 1776.504 
158 706 454 14087.556 1776.362 
186 636 400 13823.74 1742.798 
146 730 444 14117.033 1782.331 
148 725 440 14092.576 1778.593 
159 708 448 14093.123 1781.12 
141 735 444 14112.544 1780.242 
155 712 453 14100.274 1778.806 
140 736 443 14118.12 1779.99 
155 712 446 14102.928 1779.865 
149 721 439 14087.787 1782.316 
144 724 449 14089.39 1783.061 
142 737 443 14111.219 1779.776 
157 717 442 14063.64 1776.437 
185 641 406 13861.109 1748.696 
162 702 451 14092.476 1780.123 
142 730 446 14098.945 1782.439 
141 731 444 14121.069 1781.64 
160 707 447 14093.892 1781.221 
139 734 438 14119.244 1781.434 
161 700 458 14084.629 1779.977 
143 723 443 14101.643 1782.629 
158 708 450 14072.718 1775.433 
151 720 437 14086.321 1778.796 
144 734 441 14100.975 1778.099 
156 713 447 14073.524 1778.44 
144 732 437 14115.161 1779.26 
150 719 438 14087.18 1778.748 
145 731 452 14128.675 1781.417 
162 702 452 14091.884 1780.259 
