1155 5140 2912 13720.798 1716.217 
1091 5229 2907 13732.151 1717.554 
1133 5173 2921 13727.284 1716.942 
1140 5154 2885 13721.734 1715.826 
1192 4834 2735 13573.308 1697.073 
1139 5146 2903 13714.658 1714.939 
1081 5251 2874 13731.068 1717.547 
1111 5197 2930 13734.037 1717.667 
1128 5188 2890 13730.301 1718.179 
1111 5209 2860 13721.775 1717.405 
1162 4906 2752 13604.409 1700.711 
1157 5123 2888 13711.919 1714.61 
1100 5219 2911 13737.61 1719.339 
1136 5167 2922 13725.103 1716.774 
1079 5214 2920 13729.016 1717.149 
1099 5231 2898 13731.219 1717.785 
1114 5188 2918 13735.192 1717.59 
1119 5197 2873 13724.75 1717.347 
1130 5175 2905 13723.253 1716.047 
1063 5253 2846 13723.455 1716.2 
1076 5226 2907 13730.799 1717.586 
1158 5123 2888 13711.436 1714.436 
1191 4840 2738 13574.133 1697.109 
1133 5172 2916 13723.993 1716.975 
1078 5215 2919 13728.956 1717.148 
1089 5246 2850 13732.827 1718.484 
1121 5195 2873 13724.892 1717.362 
1161 4908 2747 13601.119 1699.956 
1156 5126 2886 13712.134 1714.538 
1119 5176 2916 13722.347 1716.948 
1082 5234 2903 13737.815 1717.643 
1129 5179 2899 13729.182 1717.501 
1118 5177 2915 13722.304 1716.942 
1142 5153 2897 13716.071 1715.453 
1120 5189 2900 13733.323 1718.671 
1086 5225 2873 13727.951 1718.138 
1137 5164 2892 13723.704 1716.708 
1084 5225 2894 13733.382 1716.639 
1157 5124 2887 13711.772 1714.497 
1101 5215 2917 13739.811 1717.447 
1159 4914 2732 13603.855 1701.26 
1123 5193 2907 13729.497 1717.314 
1128 5184 2904 13726.87 1716.267 
1073 5248 2899 13738.594 1717.34 
1173 4899 2759 13599.88 1700.596 
1119 5193 2901 13729.845 1718.061 
1158 5122 2889 13711.866 1714.605 
1086 5237 2878 13731.284 1717.202 
1111 5213 2854 13724.819 1717.201 
1129 5171 2915 13726.724 1717.171 
1174 4847 2726 13569.037 1696.623 
1119 5191 2896 13731.622 1718.092 
1116 5202 2907 13735.392 1718.845 
1164 4869 2761 13582.322 1696.776 
1132 5170 2897 13716.533 1717.135 
1083 5227 2892 13733.771 1716.68 
1120 5196 2906 13736.265 1717.745 
1092 5228 2870 13736.361 1717.926 
1131 5178 2900 13730.106 1717.642 
1080 5248 2898 13737.068 1719.267 
1134 5170 2902 13722.694 1716.529 
1120 5175 2917 13722.681 1716.973 
1090 5232 2867 13719.596 1716.131 
1103 5209 2872 13726.793 1717.696 
1107 5204 2913 13727.559 1717.688 
1087 5224 2889 13737.446 1717.662 
1064 5253 2846 13723.418 1716.343 
1107 5206 2909 13732.733 1716.433 
1089 5230 2882 13736.552 1717.797 
1118 5181 2909 13727.375 1719.172 
1083 5226 2893 13733.379 1716.663 
1090 5232 2868 13719.595 1716.138 
1107 5207 2893 13726.139 1717.713 
1106 5230 2891 13736.429 1717.565 
1085 5238 2877 13730.847 1717.164 
