460 2015 1165 13917.317 1743.57 
443 2031 1186 13919.564 1745.872 
492 1940 1204 13867.268 1738.622 
437 2037 1169 13916.777 1745.246 
462 2004 1197 13915.458 1745.98 
465 1993 1195 13894.276 1741.27 
439 2032 1159 13900.135 1743.982 
466 1993 1176 13906.205 1742.879 
434 2038 1175 13911.985 1744.769 
464 1991 1189 13898.212 1742.304 
438 2033 1166 13909.767 1744.991 
488 1941 1196 13855.87 1737.4 
468 1994 1179 13900.555 1743.191 
455 2007 1189 13911.853 1743.521 
433 2039 1175 13911.751 1744.757 
431 2037 1172 13915.623 1745.243 
477 1957 1200 13865.656 1737.918 
435 2035 1172 13910.146 1745.043 
434 2038 1174 13912.091 1744.774 
446 2029 1177 13915.594 1744.733 
490 1950 1185 13858.03 1737.608 
431 2032 1181 13908.48 1743.498 
482 1965 1186 13852.904 1736.523 
476 1990 1150 13874.823 1740.515 
471 1987 1174 13881.027 1740.478 
435 2033 1160 13911.941 1745.34 
479 1985 1196 13904.739 1744.2 
470 1953 1200 13854.874 1738.776 
485 1953 1198 13868.453 1739.727 
482 1958 1185 13875.32 1738.974 
482 1954 1187 13843.618 1735.112 
446 2005 1199 13894.411 1740.276 
432 2038 1170 13913.708 1745.421 
455 2020 1166 13908.786 1744.521 
435 2029 1188 13912.411 1743.041 
465 1999 1183 13905.492 1742.026 
448 2027 1179 13910.965 1744.304 
433 2038 1176 13910.794 1744.721 
461 2007 1189 13901.34 1742.11 
463 1992 1189 13898.22 1742.304 
469 1986 1183 13890.029 1742.853 
460 2009 1172 13914.646 1743.193 
460 2008 1184 13908.52 1745.438 
480 1983 1199 13905.138 1744.274 
464 1990 1190 13899.146 1742.51 
441 2028 1190 13912.813 1744.888 
430 2032 1186 13907.229 1743.383 
483 1957 1185 13876.269 1739.186 
430 2040 1171 13912.949 1745.654 
481 1981 1198 13903.371 1744.071 
461 2008 1173 13915.401 1743.261 
435 2037 1176 13913.163 1744.818 
492 1957 1184 13872.304 1739.127 
488 1973 1182 13887.509 1741.924 
492 1961 1182 13884.274 1741.535 
426 2050 1177 13927.38 1746.807 
478 1955 1201 13865.91 1737.734 
482 1965 1185 13853.052 1736.556 
438 2038 1169 13909.296 1743.722 
452 2024 1196 13931.125 1747.452 
449 2017 1197 13909.794 1743.012 
482 1957 1189 13848.504 1734.814 
413 2052 1164 13907.019 1744.366 
428 2035 1179 13913.76 1746.049 
459 2016 1187 13922.559 1747.193 
