189 716 479 14271.475 1793.264 
192 711 483 14264.72 1790.846 
209 695 497 14306.761 1797.393 
187 711 476 14264.14 1793.73 
201 689 510 14283.909 1793.444 
191 712 494 14289.25 1788.733 
188 712 494 14280.304 1790.479 
195 697 508 14279.496 1793.482 
217 673 490 14239.294 1782.513 
191 713 486 14289.014 1792.464 
179 720 483 14270.41 1791.862 
208 691 500 14287.591 1788.118 
186 713 475 14263.566 1793.348 
208 699 496 14312.406 1796.615 
213 681 503 14284.818 1788.9 
177 724 475 14261.066 1786.447 
193 705 493 14284.119 1791.326 
188 715 496 14276.434 1789.942 
210 694 498 14307.651 1797.509 
205 683 513 14248.162 1788.585 
196 706 493 14281.086 1785.367 
195 705 496 14284.49 1791.172 
212 681 502 14286.259 1787.488 
199 705 480 14268.954 1785.977 
204 702 504 14307.484 1796.475 
203 693 512 14284.735 1791.524 
199 694 506 14291.848 1791.389 
190 719 489 14313.151 1791.562 
189 707 502 14268.734 1789.826 
206 685 511 14267.044 1788.779 
206 695 505 14287.858 1790.497 
184 715 500 14284.921 1789.532 
190 710 497 14288.047 1790.216 
215 677 487 14251.157 1782.621 
191 713 499 14278.689 1789.041 
194 714 482 14288.52 1788.32 
190 705 487 14272.845 1795.683 
203 704 501 14302.048 1796.661 
187 710 492 14275.198 1790.957 
196 707 497 14278.744 1794.049 
196 702 507 14264.315 1786.029 
182 724 472 14273.584 1788.645 
187 712 476 14263.306 1793.31 
187 713 481 14271.2 1792.805 
177 725 468 14243.647 1783.182 
205 697 507 14285.141 1791.095 
212 691 499 14312.205 1795.579 
206 691 510 14287.344 1788.846 
189 713 491 14285.426 1791.961 
183 720 472 14259.364 1783.594 
216 679 487 14246.233 1782.678 
210 681 512 14289.801 1792.263 
191 707 482 14264.69 1795.503 
194 709 510 14294.78 1788.62 
204 704 499 14310.309 1793.7 
193 709 493 14278.899 1791.438 
206 687 504 14277.416 1791.876 
189 714 496 14276.261 1789.929 
214 684 498 14275.383 1788.777 
194 711 501 14290.031 1789.549 
204 692 512 14285.21 1791.597 
178 723 475 14261.174 1786.477 
182 711 491 14264.032 1792.557 
206 691 509 14287.558 1788.839 
209 690 500 14287.76 1788.12 
210 681 513 14289.614 1792.217 
214 697 497 14308.818 1797.147 
190 708 494 14291.918 1791.951 
188 711 475 14264.151 1793.732 
176 728 482 14269.037 1790.136 
184 715 481 14263.664 1792.053 
195 710 481 14284.298 1796.466 
190 712 506 14292.068 1788.853 
207 684 502 14277.985 1787.194 
192 714 493 14298.451 1790.498 
