991 5203 2732 13662.797 1709.756 
1138 5049 2814 13655.921 1707.398 
1044 5183 2772 13665.357 1708.715 
1148 5023 2859 13650.977 1706.228 
1156 5008 2863 13660.601 1708.69 
1027 5181 2724 13664.021 1709.512 
1043 5169 2795 13678.512 1709.498 
1107 5081 2837 13665.207 1708.85 
1086 5102 2804 13667.191 1709.112 
1088 5090 2820 13660.811 1710.074 
1127 5057 2850 13669.331 1711.07 
988 5195 2722 13653.684 1709.76 
1008 5190 2732 13661.33 1709.948 
1061 5147 2775 13669.648 1708.488 
1034 5178 2781 13674.021 1709.343 
1050 5149 2776 13646.486 1705.872 
1134 5038 2843 13658.606 1709.73 
989 5195 2721 13653.722 1709.765 
1040 5181 2771 13675.277 1708.993 
1013 5199 2719 13662.084 1709.354 
1144 5022 2849 13657.281 1709.522 
1063 5148 2754 13655.439 1708.157 
1049 5150 2794 13671.085 1709.219 
1075 5132 2799 13666.883 1709.243 
1140 5045 2808 13665.676 1709.265 
1053 5148 2802 13660.491 1706.904 
1131 5061 2853 13666.262 1709.606 
1047 5169 2811 13672.764 1708.395 
1145 5021 2807 13649.106 1707.727 
1060 5145 2783 13670.548 1708.685 
1060 5137 2799 13655.329 1706.935 
1135 5014 2866 13654.996 1708.71 
1035 5176 2781 13673.727 1709.307 
1039 5182 2770 13675.133 1709.024 
1041 5195 2781 13668.732 1709.348 
1028 5181 2725 13664.011 1709.453 
1123 5066 2847 13668.376 1709.277 
1013 5199 2720 13661.99 1709.372 
1151 5013 2858 13656.981 1710.188 
1063 5143 2791 13664.623 1708.482 
1040 5181 2770 13674.954 1709.012 
1036 5173 2790 13659.157 1706.099 
1130 5025 2866 13661.227 1708.812 
1032 5179 2778 13673.348 1709.294 
1107 5075 2835 13661.74 1709.301 
1136 5033 2830 13656.064 1708.632 
1049 5175 2778 13671.109 1708.961 
1078 5091 2811 13657.333 1708.955 
1155 5009 2863 13660.596 1708.681 
1134 5051 2801 13661.174 1709.778 
1147 5010 2879 13656.904 1708.645 
1029 5184 2797 13664.811 1706.889 
1139 5015 2854 13655.639 1709.862 
1146 5031 2837 13652.678 1707.144 
1061 5147 2788 13653.157 1706.605 
1134 5055 2804 13664.94 1709.391 
1105 5077 2833 13661.389 1709.293 
1056 5144 2803 13655.423 1707.245 
1137 5023 2856 13657.215 1709.396 
1081 5109 2772 13657.8 1707.178 
1135 5050 2801 13661.264 1709.793 
1131 5025 2864 13655.27 1708.811 
1107 5075 2834 13661.707 1709.377 
1145 5019 2850 13656.867 1709.499 
1148 5019 2857 13661.345 1709.358 
1015 5202 2724 13668.093 1709.109 
1047 5172 2771 13671.595 1707.929 
1043 5178 2758 13669.655 1709.046 
1129 5074 2845 13676.904 1712.236 
1120 5064 2848 13672.369 1709.561 
1136 5036 2827 13655.74 1708.451 
1130 5063 2819 13654.314 1708.214 
1155 4992 2846 13648.796 1709.682 
1108 5083 2828 13676.602 1710.953 
1062 5149 2754 13655.487 1708.165 
1138 5039 2821 13661.361 1707.994 
1056 5153 2763 13665.124 1707.532 
1067 5134 2772 13657.559 1708.095 
1038 5184 2770 13675.417 1709.068 
1027 5184 2726 13664.872 1709.495 
1109 5079 2839 13665.244 1708.855 
1008 5197 2749 13659.862 1707.555 
1014 5181 2758 13667.457 1710.671 
1133 5060 2858 13675.752 1711.054 
1034 5175 2736 13665.5 1710.251 
1143 5025 2852 13659.837 1708.769 
1065 5145 2754 13654.806 1708.015 
