467 1939 1188 13802.723 1730.427 
395 2011 1118 13798.532 1729.864 
460 1979 1191 13858.797 1738.289 
468 1960 1184 13838.008 1736.118 
416 2016 1101 13828.826 1732.921 
388 2026 1131 13805.04 1730.745 
461 1978 1192 13858.704 1738.27 
386 2028 1103 13796.547 1732.817 
427 2012 1104 13826.507 1730.896 
389 2041 1100 13816.3 1732.837 
422 2010 1125 13827.26 1732.499 
470 1944 1174 13820.168 1734.824 
473 1944 1186 13829.06 1734.733 
480 1940 1180 13820.584 1732.543 
392 2018 1118 13791.484 1730.885 
459 1979 1207 13848.608 1734.859 
421 2010 1104 13812.977 1732.552 
450 1996 1177 13861.675 1738.791 
390 2024 1123 13803.125 1730.084 
474 1939 1166 13823.438 1734.871 
419 2013 1103 13815.408 1733.027 
479 1949 1180 13823.151 1732.909 
389 2037 1102 13826.108 1732.589 
458 1980 1206 13847.643 1734.844 
407 2018 1095 13813.135 1735.185 
411 2018 1105 13818.93 1734.289 
400 2029 1101 13822.023 1734.707 
423 2011 1106 13823.448 1731.776 
384 2038 1101 13803.672 1729.281 
418 2016 1112 13828.387 1735.732 
388 2042 1093 13807.026 1732.239 
482 1917 1185 13805.473 1733.869 
419 2009 1117 13823.317 1733.495 
416 2019 1089 13833.956 1733.545 
410 2019 1101 13816.916 1731.59 
458 1980 1190 13857.603 1738.185 
458 1980 1177 13856.319 1739.622 
424 2007 1133 13833.197 1734.47 
449 1985 1196 13859.839 1739.362 
475 1949 1175 13824.414 1734.05 
474 1950 1183 13831.239 1734.772 
408 2022 1093 13810.126 1733.604 
388 2021 1136 13799.251 1730.549 
389 2030 1122 13803.839 1729.687 
450 1991 1189 13862.093 1738.338 
450 1997 1177 13862.213 1738.651 
466 1976 1207 13860.014 1738.439 
416 2005 1122 13818.678 1734.579 
415 2019 1110 13815.458 1732.171 
409 2022 1092 13819.194 1732.48 
420 2008 1117 13823.459 1733.53 
385 2030 1130 13802.726 1731.373 
455 1990 1182 13871.073 1738.819 
418 2015 1112 13827.705 1735.794 
458 1964 1204 13841.261 1738.671 
455 1969 1200 13852.67 1739.195 
461 1984 1189 13863.725 1739.48 
412 2019 1100 13816.244 1732.999 
396 2022 1122 13800.077 1729.619 
390 2029 1122 13803.872 1731.776 
415 2019 1100 13818.547 1732.844 
410 2020 1097 13820.968 1733.57 
413 2019 1103 13817.075 1731.273 
416 2018 1100 13810.653 1732.456 
418 2017 1111 13817.364 1733.065 
463 1973 1196 13863.218 1740.788 
457 1990 1188 13866.474 1740.247 
454 1970 1201 13853.463 1739.264 
441 1994 1199 13858.023 1740.725 
460 1985 1189 13863.556 1739.473 
469 1960 1180 13833.681 1735.843 
453 1980 1202 13848.705 1734.557 
408 2025 1092 13824.174 1735.762 
449 1997 1175 13861.531 1738.762 
