477 1994 1235 13903.831 1744.125 
466 2000 1220 13906.518 1746.034 
488 1968 1242 13892.417 1745.67 
460 2003 1252 13901.655 1745.761 
468 1996 1221 13892.777 1745.315 
468 1994 1247 13903.763 1746.714 
476 1976 1250 13888.653 1743.154 
484 1975 1235 13906.442 1747.699 
442 2028 1208 13896.612 1745.647 
498 1952 1236 13891.931 1744.882 
505 1938 1249 13888.897 1742.583 
491 1961 1246 13902.504 1745.146 
506 1947 1229 13881.753 1743.306 
502 1963 1236 13904.49 1743.81 
459 2014 1241 13899.476 1745.083 
454 2009 1224 13893.841 1745.936 
473 1981 1253 13895.801 1745.007 
477 1986 1244 13898.599 1744.604 
492 1961 1234 13900.267 1747.536 
493 1959 1240 13893.633 1745.197 
474 1979 1252 13899.533 1744.607 
496 1959 1230 13885.979 1744.12 
462 2006 1240 13898.076 1745.262 
473 1987 1250 13902.691 1745.82 
498 1954 1238 13899.187 1744.721 
455 2007 1223 13891.935 1745.882 
491 1964 1236 13894.005 1744.119 
487 1979 1223 13899.434 1743.641 
440 2030 1202 13887.504 1744.375 
503 1943 1243 13887.217 1744.153 
478 1975 1246 13898.981 1744.252 
474 1986 1251 13903.818 1743.95 
494 1964 1229 13895.104 1745.115 
441 2029 1203 13888.429 1744.491 
461 2005 1235 13897.499 1745.385 
480 1975 1240 13891.235 1743.513 
490 1970 1242 13903.871 1745.546 
494 1962 1237 13890.149 1743.788 
493 1962 1238 13896.716 1744.686 
479 1966 1244 13879.18 1741.897 
490 1972 1236 13905.126 1745.517 
480 1974 1238 13897.226 1743.772 
473 1990 1252 13904.456 1745.771 
466 2003 1234 13906.573 1745.561 
478 1985 1240 13901.029 1743.209 
475 1977 1248 13889.43 1743.331 
441 2024 1213 13889.851 1744.904 
471 1995 1247 13902.46 1746.435 
499 1946 1247 13878.478 1740.646 
505 1948 1239 13898.366 1745.135 
468 1999 1216 13897.059 1744.78 
472 1983 1254 13897.084 1745.233 
503 1965 1229 13902.409 1744.623 
453 2006 1220 13886.863 1746.003 
507 1935 1242 13876.759 1742.899 
482 1969 1243 13895.082 1743.687 
499 1949 1243 13889.314 1743.343 
502 1969 1226 13905.256 1744.466 
484 1977 1236 13901.567 1745.122 
475 1974 1248 13890.826 1742.028 
481 1983 1230 13902.746 1744.22 
495 1959 1239 13893.648 1744.887 
479 1957 1248 13863.947 1739.474 
494 1950 1243 13884.864 1743.211 
464 2005 1227 13895.009 1744.723 
492 1973 1234 13906.774 1745.16 
488 1976 1233 13899.627 1745.679 
468 1987 1257 13892.965 1743.804 
504 1942 1248 13887.833 1742.374 
493 1962 1239 13897.302 1744.674 
464 2005 1233 13899.284 1744.405 
504 1939 1248 13888.735 1742.563 
490 1949 1248 13884.331 1744.924 
477 1976 1245 13898.609 1744.207 
492 1948 1247 13879.963 1743.108 
506 1934 1244 13879.7 1741.5 
504 1942 1243 13886.796 1744.272 
482 1987 1229 13905.606 1744.945 
502 1945 1253 13893.183 1745.029 
498 1947 1245 13877.619 1740.473 
464 2005 1232 13899.392 1744.413 
443 2025 1210 13891.654 1745.2 
447 2021 1214 13895.932 1745.527 
449 2012 1219 13889.269 1745.594 
485 1977 1217 13896.541 1745.856 
493 1951 1242 13885.908 1743.213 
497 1946 1256 13897.799 1745.643 
448 2012 1216 13890.905 1745.257 
508 1934 1243 13877.517 1742.907 
483 1986 1226 13907.537 1745.533 
