591 2642 1586 13864.325 1737.136 
608 2650 1561 13883.596 1742.893 
633 2604 1585 13862.692 1737.247 
592 2693 1555 13904.264 1743.107 
584 2675 1575 13880.905 1739.437 
626 2644 1557 13894.15 1742.466 
604 2674 1573 13909.154 1742.564 
611 2664 1568 13899.008 1740.505 
644 2588 1524 13820.967 1730.236 
583 2676 1587 13891.54 1739.683 
592 2656 1582 13891.122 1741.537 
621 2627 1574 13866.158 1738.561 
602 2675 1562 13907.308 1741.992 
626 2615 1585 13866.868 1738.804 
594 2661 1578 13878.42 1738.402 
575 2700 1549 13891.526 1741.695 
588 2664 1577 13886.429 1739.693 
605 2670 1576 13898.043 1743.055 
630 2638 1554 13884.64 1739.359 
631 2607 1580 13861.45 1738.155 
632 2634 1571 13884.632 1738.436 
629 2579 1587 13838.396 1734.416 
568 2705 1533 13887.561 1742.342 
601 2673 1559 13904.018 1745.007 
616 2623 1581 13858.51 1737.142 
609 2669 1554 13895.381 1740.929 
605 2674 1556 13899.947 1741.115 
636 2587 1580 13845.436 1733.909 
598 2667 1576 13901.657 1742.091 
598 2683 1570 13907.853 1742.975 
622 2645 1549 13880.406 1738.165 
620 2610 1589 13856.648 1738.152 
627 2587 1587 13849.955 1736.155 
606 2673 1556 13893.687 1740.969 
638 2590 1528 13820.96 1730.785 
606 2666 1559 13902.671 1741.791 
602 2679 1562 13901.051 1741.589 
605 2648 1579 13877.582 1738.719 
608 2670 1553 13895.429 1740.937 
619 2621 1581 13872.774 1740.499 
608 2666 1564 13890.755 1741.159 
609 2672 1561 13891.159 1741.555 
609 2654 1569 13895.29 1740.8 
613 2650 1569 13891.841 1741.725 
608 2660 1558 13882.216 1742.602 
600 2679 1562 13899.273 1741.856 
576 2701 1541 13890.078 1741.937 
618 2660 1574 13892.104 1741.507 
601 2676 1565 13901.123 1741.618 
616 2633 1575 13873.611 1739.059 
608 2669 1553 13894.637 1740.957 
619 2644 1568 13886.254 1741.345 
608 2668 1569 13888.994 1742.132 
600 2678 1566 13901.622 1741.853 
645 2586 1524 13819.42 1730.034 
634 2615 1578 13868.884 1739.308 
612 2664 1555 13888.546 1740.638 
597 2680 1569 13902.778 1743.327 
590 2643 1586 13864.215 1737.115 
589 2689 1569 13906.148 1742.401 
602 2648 1583 13884.42 1737.38 
569 2704 1534 13888.172 1742.447 
593 2655 1583 13869.64 1738.562 
610 2671 1565 13891.217 1740.694 
605 2676 1560 13898.218 1742.648 
607 2642 1581 13886.494 1739.831 
598 2687 1567 13898.582 1742.623 
606 2643 1581 13885.669 1739.728 
612 2663 1569 13898.441 1740.492 
567 2707 1545 13889.808 1742.566 
637 2605 1578 13861.164 1738.437 
640 2567 1580 13828.483 1735.499 
597 2677 1567 13900.171 1743.728 
600 2678 1546 13891.545 1742.571 
605 2673 1569 13903.848 1742.521 
599 2690 1553 13905.491 1742.441 
