705 3235 1837 13731.54 1721.646 
641 3292 1794 13715.447 1724.231 
739 3175 1824 13706.256 1718.779 
715 3227 1847 13736.083 1724.763 
679 3268 1796 13733.245 1723.192 
740 3172 1859 13718.091 1721.289 
701 3239 1834 13740.469 1724.613 
703 3234 1812 13731.4 1723.444 
705 3235 1837 13731.425 1721.699 
760 3125 1830 13681.285 1715.599 
703 3234 1812 13731.337 1723.447 
690 3246 1842 13736.583 1723.353 
741 3164 1852 13711.951 1717.639 
670 3277 1760 13719.156 1723.377 
650 3299 1781 13726.002 1723.143 
722 3210 1860 13740.812 1724.287 
727 3204 1828 13725.273 1721.169 
758 3126 1851 13695.654 1718.905 
671 3275 1771 13721.21 1723.775 
667 3279 1767 13725.497 1723.653 
741 3176 1836 13690.468 1715.699 
721 3160 1873 13698.035 1717.008 
720 3220 1809 13718.113 1719.4 
713 3232 1844 13739.953 1724.583 
726 3189 1847 13719.849 1720.038 
672 3265 1797 13718.789 1723.421 
726 3189 1834 13716.785 1720.586 
743 3174 1845 13722.623 1720.399 
672 3276 1765 13722.772 1724.009 
678 3258 1803 13711.582 1722.024 
668 3263 1811 13717.77 1721.314 
671 3267 1800 13723.097 1723.986 
736 3186 1837 13720.182 1721.158 
670 3276 1776 13723.087 1723.107 
731 3168 1860 13710.411 1722.558 
669 3291 1783 13725.992 1722.902 
655 3291 1765 13718.948 1723.309 
734 3164 1862 13707.024 1721.133 
677 3253 1801 13715.257 1721.79 
634 3302 1772 13708.981 1721.692 
673 3268 1785 13727.958 1723.25 
685 3254 1789 13718.569 1722.367 
742 3158 1841 13703.602 1720.877 
648 3287 1801 13722.444 1722.51 
757 3139 1839 13698.506 1717.342 
662 3280 1765 13718.589 1723.311 
682 3268 1798 13726.108 1722.811 
683 3267 1799 13727.249 1722.985 
645 3296 1797 13724.959 1722.507 
642 3297 1773 13721.837 1723.204 
686 3253 1789 13717.972 1722.249 
756 3154 1850 13712.663 1718.314 
670 3286 1782 13724.454 1722.604 
673 3269 1794 13727.113 1724.055 
677 3282 1799 13733.094 1723.099 
654 3292 1764 13718.946 1723.309 
660 3286 1791 13731.736 1723.753 
755 3163 1863 13723.228 1719.588 
681 3275 1776 13733.775 1723.734 
723 3199 1848 13721.681 1722.219 
670 3257 1810 13710.357 1721.231 
