730 3280 1859 13780.948 1728.786 
723 3282 1873 13772.285 1728.403 
746 3223 1891 13753.784 1726.586 
783 3118 1815 13672.782 1713.309 
747 3222 1918 13750.406 1723.261 
750 3239 1880 13768.732 1724.756 
738 3254 1897 13767.858 1726.628 
747 3245 1851 13770.007 1728.167 
709 3286 1860 13758.408 1723.052 
737 3255 1914 13769.792 1724.137 
762 3210 1875 13760.573 1726.062 
765 3211 1889 13754.375 1725.43 
746 3237 1889 13765.452 1727.26 
758 3220 1869 13757.833 1725.792 
720 3281 1856 13774.606 1726.267 
734 3258 1842 13768.956 1726.39 
742 3215 1914 13747.395 1725.029 
767 3202 1870 13752.697 1725.441 
776 3107 1817 13660.413 1712.527 
708 3287 1859 13758.266 1723.084 
741 3242 1903 13760.104 1723.696 
772 3152 1810 13686.137 1715.159 
763 3215 1857 13761.258 1726.736 
738 3257 1889 13760.649 1723.888 
744 3223 1902 13748.753 1723.181 
718 3283 1844 13768.293 1725.255 
740 3224 1893 13756.628 1726.822 
733 3265 1869 13770.026 1725.749 
735 3263 1868 13759.667 1724.907 
783 3109 1829 13667.061 1712.453 
693 3303 1822 13753.074 1724.684 
747 3232 1884 13758.572 1726.091 
753 3220 1882 13757.331 1725.029 
725 3261 1882 13758.218 1725.144 
768 3201 1871 13753.154 1725.513 
747 3225 1892 13753.498 1724.42 
728 3266 1878 13767.222 1726.587 
748 3240 1863 13765.097 1727.117 
740 3236 1915 13758.529 1723.426 
740 3252 1889 13765.141 1725.994 
746 3240 1860 13770.126 1727.916 
746 3244 1874 13761.46 1726.816 
760 3218 1873 13755.832 1725.202 
711 3302 1851 13771.791 1728.504 
742 3248 1867 13756.272 1726.562 
731 3278 1860 13780.933 1728.776 
724 3275 1871 13771.897 1726.226 
751 3220 1897 13744.491 1722.526 
757 3215 1878 13750.556 1723.923 
741 3257 1879 13765.124 1726.629 
743 3246 1869 13765.533 1726.586 
757 3235 1872 13778.293 1729.295 
741 3238 1889 13761.496 1724.3 
755 3212 1892 13750.851 1724.948 
706 3285 1853 13765.065 1724.835 
745 3218 1895 13746.63 1725.421 
752 3217 1889 13752.954 1725.171 
751 3246 1878 13773.665 1726.204 
726 3254 1862 13762.748 1726.848 
759 3239 1855 13767.017 1726.077 
706 3285 1852 13765.63 1724.87 
744 3245 1855 13773.408 1727.945 
725 3259 1884 13766.776 1726.107 
752 3232 1877 13762.243 1725.21 
745 3219 1896 13745.59 1724.294 
758 3229 1894 13750.873 1722.507 
729 3260 1871 13764.124 1726.298 
758 3227 1862 13767.333 1727.528 
741 3250 1867 13766.707 1727.395 
762 3210 1862 13762.032 1725.789 
756 3211 1893 13750.874 1724.954 
748 3239 1865 13762.486 1726.589 
754 3221 1887 13753.585 1724.922 
739 3254 1889 13765.634 1726.058 
747 3242 1868 13759.813 1726.34 
742 3228 1895 13755.392 1723.422 
741 3238 1888 13761.516 1724.304 
743 3227 1895 13755.335 1723.41 
727 3268 1879 13765.504 1725.961 
746 3246 1837 13766.331 1727.757 
748 3241 1878 13761.598 1726.23 
762 3220 1860 13761.191 1726.518 
726 3268 1874 13768.201 1726.223 
743 3242 1883 13757.707 1724.951 
