154 731 415 14177.144 1782.168 
191 692 417 14161.102 1780.971 
164 715 436 14181.907 1783.03 
194 654 443 14052.371 1762.552 
178 712 434 14184.577 1780.983 
187 696 413 14146.759 1778.859 
187 689 437 14177.626 1782.466 
163 723 426 14187.757 1788.19 
200 664 414 14089.982 1769.815 
198 644 441 14030.557 1757.697 
189 693 415 14153.572 1777.524 
157 737 406 14177.623 1786.454 
178 713 433 14187.348 1781.49 
188 694 425 14149.705 1779.513 
154 730 419 14183.949 1782.911 
169 721 435 14198.388 1786.924 
161 725 417 14194.218 1783.031 
168 718 425 14185.11 1787.153 
187 694 433 14150.56 1779.738 
169 713 425 14185.994 1789.091 
178 709 437 14195.809 1787.609 
198 666 417 14093.264 1771.035 
175 709 433 14185.059 1787.961 
189 694 413 14154.334 1778.342 
186 710 442 14225.205 1787.103 
199 653 416 14041.177 1763.48 
156 738 405 14176.134 1786.236 
197 657 423 14065.904 1768.798 
159 727 423 14188.384 1780.218 
185 692 443 14190.555 1787.164 
171 711 436 14181.497 1785.11 
188 687 444 14159.945 1783.855 
154 730 417 14180.469 1784.162 
192 690 440 14150.824 1779.635 
163 733 402 14165.849 1782.906 
188 687 438 14167.994 1780.632 
160 732 410 14171.392 1783.842 
190 693 414 14153.765 1778.55 
180 698 443 14194.273 1784.357 
154 735 414 14173.352 1780.912 
179 710 436 14197.426 1787.312 
155 736 408 14171.041 1784.759 
189 688 422 14128.224 1781.005 
156 725 428 14157.945 1784.73 
176 723 430 14217.438 1787.013 
196 673 420 14126.539 1774.765 
169 729 414 14206.006 1783.181 
177 710 436 14196.218 1787.702 
191 690 428 14157.941 1778.018 
158 736 399 14175.175 1787.852 
172 714 431 14183.02 1784.817 
163 724 423 14199.045 1789.641 
167 721 416 14209.307 1789.106 
163 716 436 14182.074 1783.039 
193 655 428 14044.572 1765.315 
152 740 411 14178.608 1784.576 
199 648 419 14012.166 1760.895 
169 724 430 14216.775 1786.944 
165 725 425 14183.787 1787.108 
187 694 432 14151.079 1779.136 
187 693 436 14196.441 1783.493 
160 726 416 14194.696 1783.045 
188 694 415 14153.148 1777.479 
171 714 435 14170.417 1783.267 
171 712 430 14200.334 1788.758 
192 691 416 14159.348 1780.757 
200 652 417 14041.29 1763.492 
170 713 436 14162.398 1778.732 
174 710 433 14188.639 1788.711 
159 727 422 14188.673 1780.223 
193 691 424 14163.383 1780.147 
177 713 435 14185.709 1781.232 
158 729 420 14199.51 1786.049 
191 686 421 14138.019 1782.392 
164 727 415 14163.547 1783.12 
194 686 423 14137.5 1775.958 
167 721 429 14202.356 1789.615 
