1036 4476 2549 13738.175 1721.129 
989 4545 2536 13747.051 1722.187 
980 4558 2530 13742.241 1723.037 
1039 4433 2492 13703.402 1716.351 
971 4584 2501 13749.988 1722.872 
977 4593 2468 13752.518 1724.644 
991 4571 2446 13738.093 1723.071 
967 4584 2536 13751.116 1722.221 
963 4588 2543 13749.695 1723.696 
965 4601 2524 13764.624 1725.003 
963 4600 2538 13759.36 1724.21 
984 4575 2506 13738.001 1721.879 
995 4536 2538 13741.628 1722.124 
985 4566 2548 13740.625 1720.8 
987 4560 2520 13753.77 1724.938 
971 4582 2511 13746.575 1724.096 
1018 4532 2513 13745.943 1724.116 
979 4569 2516 13735.037 1720.893 
978 4568 2521 13749.911 1722.706 
1008 4560 2528 13759.318 1723.543 
961 4562 2547 13740.403 1721.131 
1029 4487 2544 13738.468 1721.51 
987 4542 2530 13739.967 1722.751 
955 4602 2516 13758.499 1724.187 
981 4564 2525 13745.364 1723.075 
983 4534 2541 13735.622 1721.003 
986 4573 2487 13758.315 1724.169 
1017 4539 2517 13750.28 1724.519 
967 4582 2541 13751.11 1723.884 
1051 4414 2510 13699.546 1715.798 
984 4574 2458 13740.246 1723.776 
969 4575 2534 13736.469 1722.294 
1012 4538 2519 13745.718 1723.829 
976 4568 2529 13750.303 1723.315 
999 4545 2532 13737.408 1720.358 
1028 4487 2544 13738.497 1721.513 
1047 4420 2513 13701.641 1715.867 
977 4574 2514 13744.699 1722.151 
953 4611 2521 13752.157 1722.733 
976 4575 2469 13742.671 1724.035 
976 4547 2531 13735.094 1722.618 
993 4565 2475 13739.202 1724.005 
984 4580 2494 13749.989 1723.558 
1008 4557 2518 13749.231 1723.703 
983 4576 2506 13738.009 1721.875 
1044 4428 2518 13710.895 1717.71 
975 4556 2538 13739.538 1722.266 
986 4579 2476 13752.501 1723.77 
978 4567 2508 13751.782 1722.76 
970 4567 2527 13745.415 1723.546 
974 4576 2523 13752.642 1723.557 
990 4566 2481 13743.323 1723.764 
977 4574 2498 13756.18 1724.128 
990 4537 2536 13732.795 1719.27 
969 4565 2540 13745.984 1721.807 
1002 4562 2497 13746.826 1721.726 
988 4572 2487 13743.757 1723.963 
1012 4538 2526 13745.197 1723.139 
993 4559 2508 13753.462 1723.653 
995 4564 2485 13750.007 1724.074 
980 4564 2510 13747.868 1722.483 
1031 4458 2552 13726.971 1719.977 
990 4565 2503 13744.599 1722.975 
975 4577 2520 13739.099 1721.376 
986 4580 2472 13755.101 1723.605 
987 4562 2514 13753.863 1723.736 
1049 4418 2508 13700.801 1716.291 
998 4546 2531 13737.267 1720.349 
965 4599 2534 13760.693 1724.118 
1028 4487 2545 13738.488 1721.511 
981 4561 2525 13749.269 1723.528 
975 4581 2516 13758.76 1724.745 
986 4573 2488 13758.743 1724.161 
994 4564 2510 13745.5 1723.863 
993 4561 2533 13745.906 1722.286 
1033 4475 2539 13737.332 1721.323 
979 4567 2517 13734.046 1720.8 
1010 4550 2514 13745.495 1723.015 
973 4586 2478 13741.677 1722.122 
968 4577 2533 13736.882 1722.302 
986 4561 2519 13753.254 1724.898 
979 4570 2507 13751.856 1723.557 
985 4576 2482 13739.69 1722.917 
978 4570 2516 13734.973 1720.889 
