1072 5092 2802 13647.842 1710.313 
1013 5177 2727 13660.236 1710.099 
1102 5060 2828 13642.409 1707.4 
1039 5154 2717 13660.3 1710.683 
1026 5174 2721 13665.843 1711.6 
1119 5009 2872 13637.43 1707.811 
1065 5133 2734 13663.931 1712.075 
1101 5072 2812 13644.29 1709.483 
1055 5135 2745 13653.344 1710.056 
1066 5112 2815 13654.923 1710.732 
1071 5094 2835 13649.635 1709.665 
1103 5042 2840 13630.146 1707.49 
1049 5126 2745 13654.035 1710.274 
1063 5115 2815 13654.047 1709.529 
1103 5035 2844 13630.826 1706.059 
1034 5166 2701 13654.283 1710.338 
1011 5176 2723 13658.179 1710.215 
1050 5130 2724 13658.651 1712.89 
1121 5031 2854 13640.662 1708.137 
1096 5079 2817 13644.29 1708.285 
1029 5173 2730 13663.529 1711.123 
1040 5116 2757 13640.755 1709.116 
1102 5044 2840 13630.727 1707.549 
1059 5111 2822 13648.433 1709.267 
1056 5139 2734 13661.653 1711.474 
1037 5159 2728 13657.84 1710.282 
1053 5121 2746 13650.95 1710.133 
1102 5055 2844 13635.59 1707.539 
1107 5062 2834 13641.536 1708.812 
1095 5075 2828 13639.951 1707.557 
1051 5127 2742 13655.677 1710.545 
1040 5153 2717 13664.438 1711.781 
1095 5083 2820 13642.053 1708.502 
1039 5158 2730 13658.488 1710.286 
1025 5176 2717 13656.499 1709.176 
1018 5178 2697 13654.621 1710.746 
1056 5134 2737 13659.907 1711.682 
1103 5056 2832 13647.57 1709.446 
1069 5102 2720 13642.2 1709.543 
1083 5082 2830 13645.969 1709.341 
1100 5063 2846 13645.017 1710.204 
1057 5131 2737 13659.018 1711.566 
1105 5060 2825 13645.443 1707.784 
1016 5174 2723 13664.505 1711.463 
1072 5091 2803 13647.522 1710.257 
1036 5123 2746 13648.39 1709.682 
1089 5051 2851 13650.562 1709.052 
1064 5123 2742 13656.772 1711.733 
1052 5122 2747 13651.1 1710.293 
1091 5083 2838 13649.819 1708.427 
1089 5082 2817 13642.385 1709.108 
1010 5184 2689 13660.408 1710.71 
1078 5091 2797 13642.859 1709.252 
1064 5125 2741 13657.821 1711.396 
1029 5172 2715 13664.812 1711.266 
1106 5057 2838 13641.895 1708.956 
1098 5070 2822 13647.703 1709.777 
1071 5100 2826 13649.463 1709.442 
1065 5124 2741 13657.831 1711.397 
1051 5135 2742 13653.882 1710.181 
1078 5076 2828 13646.309 1709.888 
1110 5058 2839 13642.85 1708.443 
1017 5178 2704 13657.247 1710.4 
1082 5084 2801 13640.704 1708.906 
1011 5181 2690 13660.027 1710.718 
1084 5084 2827 13646.326 1708.141 
1025 5176 2703 13660.882 1711.67 
1090 5052 2853 13642.998 1708.861 
1108 5019 2855 13638.201 1707.384 
1089 5060 2837 13651.438 1709.837 
1040 5142 2742 13657.76 1710.679 
1069 5102 2832 13647.675 1708.767 
1048 5149 2731 13664.731 1711.846 
1072 5095 2818 13653.105 1709.348 
1105 5044 2828 13639.382 1709.344 
1087 5079 2846 13649.212 1709.387 
1101 5072 2840 13650.668 1708.855 
1083 5085 2826 13645.851 1708.045 
1105 5059 2839 13642.511 1709.006 
1070 5092 2833 13649.733 1708.486 
1101 5061 2847 13643.261 1709.308 
1088 5060 2849 13638.47 1708.241 
1074 5090 2810 13646.542 1708.865 
1071 5099 2829 13650.459 1709.654 
