1004 4517 2585 13730.603 1720.067 
1018 4494 2611 13737.848 1719.513 
1003 4519 2586 13742.266 1722.642 
1018 4473 2615 13721.412 1718.132 
1024 4456 2626 13732.858 1721.338 
997 4528 2566 13728.368 1719.33 
962 4564 2527 13730.571 1717.873 
950 4563 2561 13731.807 1718.183 
1035 4469 2578 13716.842 1717.679 
1011 4492 2588 13728.448 1720.887 
1035 4407 2598 13693.816 1715.352 
1022 4484 2598 13734.049 1721.213 
1033 4431 2620 13720.571 1719.215 
1031 4439 2596 13713.086 1717.488 
971 4540 2565 13731.407 1717.146 
1045 4393 2599 13691.633 1714.07 
1005 4496 2564 13725.284 1720.196 
998 4485 2591 13719.368 1719.618 
991 4520 2575 13733.149 1721.211 
982 4529 2549 13718.784 1716.042 
1023 4459 2606 13719.381 1717.993 
1010 4493 2574 13721.38 1719.945 
1019 4474 2609 13726.109 1718.665 
940 4557 2554 13727.113 1718.454 
1030 4459 2599 13721.294 1717.681 
1020 4470 2603 13727.103 1720.154 
967 4550 2543 13728.121 1717.613 
970 4545 2566 13733.506 1719.444 
996 4503 2587 13725.641 1719.474 
1038 4404 2591 13698.063 1715.408 
1009 4494 2584 13723.879 1720.01 
1006 4494 2570 13726.034 1720.578 
997 4498 2596 13734.111 1717.685 
954 4551 2551 13727.787 1716.986 
1045 4393 2598 13691.665 1714.073 
1030 4462 2590 13724.143 1720.003 
957 4549 2568 13729.604 1718.406 
1036 4422 2584 13706.213 1714.846 
1034 4424 2598 13704.796 1717.337 
971 4534 2556 13730.547 1718.601 
956 4548 2569 13729.348 1718.42 
973 4522 2586 13718.727 1717.504 
1022 4461 2600 13717.464 1718.558 
1026 4465 2591 13728.565 1719.97 
1023 4458 2596 13716.307 1718.667 
954 4551 2559 13724.29 1716.937 
1024 4477 2580 13725.67 1719.255 
1011 4497 2564 13717.847 1717.265 
1023 4465 2597 13715.34 1717.585 
1028 4444 2594 13715.639 1719.084 
958 4539 2567 13723.152 1717.355 
1033 4454 2585 13719.042 1720.124 
984 4535 2548 13725.287 1717.267 
1024 4460 2593 13711.868 1717.102 
958 4568 2524 13724.022 1717.543 
977 4514 2591 13718.694 1716.571 
984 4531 2540 13720.699 1717.608 
1034 4487 2581 13723.183 1717.446 
955 4550 2559 13724.171 1717.005 
1021 4487 2599 13729.602 1718.574 
1020 4489 2597 13728.364 1718.332 
997 4507 2592 13731.158 1718.906 
984 4501 2598 13729.256 1717.903 
1025 4476 2581 13726.039 1719.333 
1031 4439 2595 13713.117 1717.49 
1034 4427 2588 13704.595 1717.114 
975 4552 2531 13731.283 1717.696 
976 4537 2576 13728.03 1718.416 
1029 4449 2610 13718.648 1718.027 
987 4526 2573 13735.041 1720.943 
955 4571 2514 13731.476 1718.232 
