193 657 452 14020.098 1759.797 
146 720 418 14068.891 1768.128 
181 676 441 14035.591 1763.98 
158 694 413 14020.657 1757.434 
141 730 418 14104.05 1773.253 
155 689 410 14031.045 1758.258 
154 709 426 14098.506 1765.578 
151 716 421 14108.342 1770.266 
184 668 430 13980.922 1757.879 
157 681 392 13996.457 1760.633 
159 682 410 14019.234 1754.562 
142 726 412 14084.406 1767.964 
161 683 418 13998.249 1750.122 
143 724 419 14096.873 1772.284 
182 671 444 14027.77 1764.671 
147 718 415 14062.484 1767.124 
154 713 424 14105.214 1768.611 
185 665 441 14037.421 1759.924 
143 724 419 14096.802 1772.434 
184 665 442 14033.106 1759.789 
152 715 422 14107.793 1770.169 
162 686 411 14005.599 1756.687 
185 664 442 14033.862 1759.892 
159 682 409 14019.52 1754.615 
155 688 422 14018.261 1757.384 
186 665 447 14009.087 1758.886 
144 724 411 14078.301 1767.802 
187 665 441 13992.342 1757.588 
142 726 411 14084.459 1767.976 
143 723 420 14096.555 1772.06 
162 686 413 14006.67 1755.726 
166 678 400 13990.347 1753.064 
186 666 437 14031.209 1762.202 
194 656 446 13993.573 1757.055 
185 666 441 14015.158 1761.595 
183 667 438 14001.132 1759.521 
155 688 422 14017.729 1757.704 
187 666 436 14004.08 1764.812 
155 709 404 14072.191 1768.903 
193 658 444 14021.914 1762.465 
163 677 413 13983.534 1748.659 
183 670 434 14005.189 1761.477 
166 678 401 13990.355 1752.86 
194 653 446 14011.707 1762.056 
184 658 448 13997.158 1756.807 
159 693 413 14018.404 1757.181 
193 658 445 14024.69 1760.126 
160 691 403 14006.612 1755.015 
192 659 445 14024.262 1760.125 
163 678 412 13987.092 1748.796 
186 663 441 14028.137 1763.458 
187 657 455 13994.731 1758.699 
161 688 409 14010.984 1756.494 
160 692 402 14006.584 1754.776 
156 693 404 14002.416 1760.742 
190 655 447 13998.649 1760.977 
156 685 418 13985.812 1751.619 
188 663 443 14021.101 1759.304 
155 705 408 14052.516 1764.174 
158 691 404 13995.328 1757.629 
186 665 443 14023.504 1761.521 
158 695 393 14007.066 1755.077 
201 642 450 13995.534 1752.276 
189 650 453 13997.731 1760.038 
189 663 445 14028.424 1757.39 
197 653 443 14016.301 1762.047 
199 643 447 13982.918 1758.105 
205 642 439 13970.86 1753.042 
189 660 437 14004.919 1757.998 
144 723 412 14073.646 1767.687 
