884 3925 2319 13823.696 1733.294 
892 3918 2334 13814.027 1731.35 
892 3919 2318 13815.784 1732.553 
880 3930 2331 13815.326 1732.573 
869 3960 2334 13831.27 1734.6 
888 3917 2327 13812.559 1733.949 
887 3925 2335 13816.736 1731.624 
878 3948 2337 13833.571 1735.021 
892 3900 2338 13800.375 1730.001 
890 3922 2322 13815.277 1732.112 
886 3931 2285 13811.041 1731.698 
891 3920 2311 13818.51 1733.222 
882 3931 2322 13812.078 1732.102 
864 3962 2312 13824.105 1734.175 
881 3927 2328 13813.153 1731.18 
795 3991 2246 13790.828 1726.232 
887 3914 2342 13813.262 1732.482 
847 3968 2294 13806.205 1731.148 
881 3938 2325 13831.384 1733.901 
879 3941 2296 13818.756 1732.263 
889 3927 2323 13821.402 1732.952 
853 3964 2321 13822.528 1733.268 
901 3912 2335 13822.38 1732.648 
845 3975 2302 13827.193 1733.623 
846 3974 2308 13826.24 1734.25 
878 3953 2333 13834.441 1735.332 
885 3935 2321 13814.822 1731.501 
902 3891 2323 13799.336 1729.934 
895 3915 2318 13804.105 1731.947 
876 3957 2304 13829.423 1734.23 
891 3918 2326 13817.484 1731.865 
903 3879 2322 13790.925 1729.532 
883 3923 2324 13822.854 1734.505 
887 3914 2341 13813.267 1732.483 
854 3967 2294 13805.81 1731.958 
816 3982 2269 13794.851 1729.829 
806 3988 2255 13792.464 1727.182 
901 3911 2329 13822.383 1733.042 
891 3921 2322 13806.219 1731.95 
833 3979 2285 13817.026 1733.035 
