596 2602 1508 13805.368 1730.361 
627 2567 1517 13792.837 1727.319 
531 2633 1464 13740.128 1718.454 
605 2581 1516 13791.155 1729.181 
604 2595 1501 13800.454 1730.014 
630 2569 1510 13792.051 1728.713 
613 2579 1536 13800.361 1726.069 
637 2541 1550 13775.545 1723.584 
608 2595 1519 13794.811 1727.182 
628 2583 1507 13794.276 1729.373 
610 2566 1544 13781.522 1725.035 
614 2572 1521 13790.469 1729.57 
628 2570 1520 13776.633 1726.472 
581 2611 1483 13780.015 1725.096 
609 2594 1520 13794.708 1727.225 
606 2578 1514 13791.909 1728.989 
606 2591 1503 13794.62 1729.605 
620 2569 1532 13798.573 1727.472 
628 2561 1511 13789.157 1727.538 
650 2526 1526 13769.162 1724.285 
635 2545 1518 13769.1 1722.826 
638 2535 1514 13769.877 1726.931 
615 2568 1521 13790.43 1728.311 
606 2582 1525 13776.706 1724.924 
627 2564 1526 13783.84 1727.293 
643 2529 1515 13775.366 1727.48 
599 2593 1524 13786.448 1725.387 
611 2598 1504 13797.708 1729.261 
639 2552 1504 13784.103 1726.807 
617 2585 1523 13790.127 1727.335 
621 2567 1525 13776.43 1723.566 
571 2612 1456 13765.319 1723.233 
615 2587 1503 13784.961 1727.542 
625 2562 1531 13797.984 1727.897 
609 2599 1515 13794.246 1728.211 
630 2547 1519 13779.279 1727.767 
624 2563 1531 13797.83 1727.865 
633 2569 1522 13782.974 1727.658 
594 2605 1503 13805.449 1731.272 
620 2558 1535 13770.7 1723.834 
628 2556 1545 13783.731 1724.745 
624 2567 1509 13792.165 1727.356 
619 2569 1534 13784.57 1726.482 
630 2551 1520 13787.397 1726.356 
608 2570 1521 13794.648 1727.817 
637 2545 1512 13775.43 1725.963 
593 2606 1503 13804.907 1731.152 
622 2566 1525 13776.734 1723.679 
626 2557 1513 13773.074 1727.865 
638 2543 1524 13778.957 1724.123 
615 2569 1543 13777.004 1724.114 
595 2601 1517 13789.685 1727.048 
632 2558 1511 13786.079 1727.656 
612 2566 1527 13773.605 1727.488 
595 2600 1516 13789.295 1727.096 
623 2559 1541 13768.653 1723.917 
622 2570 1521 13778.249 1725.142 
618 2581 1511 13784.637 1726.414 
614 2586 1511 13791.291 1726.86 
625 2550 1547 13773.243 1725.673 
619 2571 1538 13785.836 1725.64 
612 2597 1504 13797.797 1729.275 
643 2539 1518 13780.712 1726.514 
604 2607 1512 13801.998 1729.509 
616 2570 1536 13780.345 1726.297 
638 2542 1524 13773.83 1724.497 
603 2592 1532 13800.497 1726.712 
624 2570 1509 13783.242 1724.921 
612 2596 1506 13796.469 1729.151 
611 2597 1505 13796.614 1729.168 
637 2555 1511 13777.881 1726.25 
643 2535 1530 13770.746 1725.66 
613 2585 1517 13795.925 1727.848 
611 2599 1503 13798.463 1729.309 
615 2579 1537 13790.001 1726.417 
611 2590 1520 13791.891 1726.854 
634 2557 1535 13782.016 1725.675 
606 2578 1509 13799.103 1728.061 
632 2565 1530 13788.691 1725.826 
618 2557 1543 13771.558 1724.701 
615 2580 1526 13792.574 1727.873 
637 2536 1526 13775.244 1724.812 
598 2607 1513 13792.895 1726.825 
