1067 5164 2824 13702.828 1716.835 
994 5220 2784 13681.117 1716.491 
1061 5167 2825 13709.585 1718.65 
1021 5201 2786 13683.11 1715.028 
1029 5197 2801 13697.355 1716.711 
1091 5102 2823 13663.806 1712.378 
1081 5134 2823 13692.994 1716.471 
1005 5199 2812 13676.352 1714.541 
1075 5109 2830 13665.413 1712.501 
1051 5136 2834 13674.576 1715.463 
1073 5133 2814 13691.981 1717.176 
1083 5127 2781 13673.051 1713.598 
1041 5191 2788 13692.618 1718.337 
995 5201 2799 13678.647 1716.161 
1000 5205 2804 13677.006 1714.554 
1064 5157 2814 13700.928 1718.357 
1063 5128 2833 13677.105 1716.24 
1087 5107 2816 13662.806 1712.32 
1089 5104 2819 13661.534 1711.954 
1003 5197 2811 13675.48 1714.579 
1087 5114 2799 13681.193 1714.371 
1068 5164 2804 13700.303 1715.333 
1090 5102 2808 13676.949 1715.092 
1034 5168 2809 13680.465 1714.297 
1090 5104 2818 13661.358 1712.045 
996 5200 2800 13678.908 1716.21 
1089 5087 2817 13676.721 1714.479 
1015 5223 2797 13687.871 1715.078 
1076 5142 2806 13692.784 1715.902 
1067 5174 2793 13697.62 1715.772 
1073 5114 2834 13680.979 1714.47 
1018 5187 2795 13685.341 1717.035 
1069 5127 2826 13685.298 1714.817 
997 5200 2799 13676.988 1715.16 
1070 5155 2793 13689.338 1716.596 
1063 5128 2827 13688.542 1715.191 
998 5221 2795 13684.079 1716.151 
1083 5125 2792 13681.579 1715.767 
1076 5101 2850 13671.164 1713.522 
1015 5171 2804 13674.412 1716.13 
996 5208 2774 13675.89 1716.203 
1001 5210 2785 13683.731 1715.661 
1088 5092 2826 13672.299 1714.014 
1039 5174 2802 13684.383 1715.114 
1064 5127 2838 13677.162 1716.849 
1075 5143 2796 13688.275 1716.138 
1081 5129 2824 13689.472 1716.099 
1007 5202 2787 13677.182 1716.012 
1000 5218 2785 13685.162 1716.159 
1026 5177 2814 13678.814 1714.622 
1077 5141 2802 13687.5 1716.521 
1077 5125 2821 13691.123 1716.928 
1067 5115 2842 13678.047 1716.405 
1084 5123 2793 13681.369 1715.752 
1000 5205 2798 13678.167 1715.86 
1087 5123 2790 13682.341 1715.279 
1094 5094 2826 13665.124 1712.506 
1080 5097 2826 13671.202 1713.17 
1085 5116 2801 13675.364 1714.547 
999 5210 2804 13677.19 1714.659 
1093 5092 2830 13675.982 1713.984 
1085 5116 2802 13675.338 1714.545 
1010 5199 2802 13682.035 1715.745 
1000 5211 2786 13683.805 1715.67 
1083 5124 2793 13681.329 1715.75 
1078 5102 2841 13677.127 1714.161 
1080 5143 2799 13693.6 1715.427 
1083 5118 2819 13676.754 1714.656 
1096 5091 2825 13663.897 1712.622 
1098 5087 2819 13681.207 1714.19 
1076 5137 2810 13690.34 1716.275 
1023 5204 2727 13669.228 1712.317 
1080 5141 2801 13689.239 1716.714 
1090 5091 2834 13674.252 1714.186 
1043 5186 2792 13696.159 1716.504 
1016 5222 2798 13688.149 1715.122 
1089 5113 2814 13681.989 1715.26 
1074 5148 2815 13695.425 1716.661 
1029 5192 2802 13685.846 1715.297 
1074 5142 2819 13696.157 1716.526 
1016 5222 2797 13688.186 1715.124 
1075 5142 2813 13690.683 1715.093 
1095 5103 2822 13684.106 1713.71 
1071 5149 2797 13690.357 1716.788 
1000 5207 2802 13675.592 1714.564 
1023 5204 2728 13669.207 1712.313 
1091 5118 2792 13681.434 1716.013 
1070 5149 2812 13693.602 1716.791 
1024 5203 2729 13669.551 1712.407 
