197 704 487 14297.362 1800.06 
191 719 491 14331.021 1807.242 
172 743 476 14324.728 1803.503 
174 742 468 14329.711 1808.155 
189 728 488 14348.919 1808.609 
199 700 484 14255.512 1793.985 
208 669 479 14135.858 1778.633 
204 697 464 14217.982 1789.013 
162 745 465 14307.42 1805.752 
201 701 460 14201.454 1788.911 
171 743 468 14316.961 1806.087 
155 750 456 14261.139 1796.424 
197 710 463 14289.415 1800.398 
193 718 493 14336.05 1807.831 
167 748 467 14308.699 1802.979 
213 689 477 14212.453 1790.936 
197 704 488 14297.307 1800.059 
198 703 487 14296.375 1800.055 
185 725 489 14335.096 1805.541 
185 730 472 14333.778 1808.038 
205 693 465 14205.72 1787.33 
205 693 464 14207.535 1787.755 
181 732 474 14328.835 1808.823 
177 728 465 14302.904 1809.605 
178 736 469 14333.428 1809.377 
155 749 458 14264.802 1796.352 
194 717 475 14303.929 1800.716 
182 739 478 14324.218 1804.554 
196 712 491 14314.283 1805.432 
197 704 486 14297.734 1800.123 
155 749 441 14240.283 1798.831 
199 707 471 14281.179 1800.671 
191 722 484 14335.759 1805.421 
208 699 453 14204.204 1787.81 
154 750 458 14265.196 1796.404 
172 747 475 14327.357 1805.513 
211 692 474 14236.79 1793.14 
203 689 480 14248.627 1793.353 
207 670 478 14133.038 1777.936 
175 745 472 14312.984 1804.715 
185 732 486 14345.914 1807.212 
184 726 489 14324.719 1802.641 
189 720 492 14326.08 1806.758 
182 726 489 14328.247 1805.513 
183 737 479 14341.176 1807.126 
183 728 491 14329.977 1804.24 
194 716 488 14316.456 1805.707 
187 729 483 14336.867 1808.641 
190 720 491 14331.911 1807.347 
180 742 488 14354.103 1807.415 
200 707 476 14271.532 1797.559 
206 693 466 14197.308 1789.711 
205 696 459 14199.322 1788.237 
166 743 471 14312.822 1807.096 
192 716 490 14335.072 1809.679 
176 744 473 14312.905 1804.635 
