820 3842 2138 13673.273 1714.697 
821 3819 2130 13653.736 1712.756 
785 3844 2144 13664.643 1712.685 
762 3888 2091 13660.536 1711.265 
852 3614 2007 13520.537 1692.133 
787 3837 2151 13656.706 1711.731 
774 3891 2064 13665.111 1714.02 
833 3838 2117 13670.082 1715.477 
768 3891 2089 13665.041 1714.746 
809 3831 2160 13672.582 1715.249 
833 3798 2165 13645.071 1710.949 
831 3810 2123 13653.881 1714.02 
824 3807 2160 13645.685 1711.477 
788 3843 2146 13649.604 1711.293 
830 3811 2122 13653.942 1714.026 
742 3909 2074 13651.067 1712.491 
809 3847 2095 13656.191 1712.5 
827 3798 2165 13645.904 1711.415 
773 3893 2065 13666.35 1714.057 
772 3877 2103 13657.136 1711.817 
794 3856 2128 13662.971 1714.871 
838 3664 2025 13545.931 1695.631 
810 3848 2104 13654.486 1713.49 
773 3876 2104 13657.245 1711.843 
800 3839 2145 13660.278 1712.829 
810 3815 2156 13643.934 1711.09 
824 3823 2124 13659.624 1713.734 
836 3665 2024 13545.897 1695.562 
783 3850 2138 13653.367 1711.93 
809 3847 2096 13656.267 1712.479 
771 3887 2084 13670.183 1714.562 
763 3869 2096 13655.346 1713.222 
776 3871 2094 13653.775 1713.439 
805 3847 2112 13657.248 1713.22 
788 3873 2086 13663.095 1713.73 
845 3672 2047 13560.797 1695.136 
759 3895 2081 13654.65 1711.605 
772 3891 2085 13667.234 1714.275 
765 3867 2097 13655.507 1713.24 
802 3848 2107 13653.228 1711.668 
832 3808 2123 13653.448 1714.024 
746 3901 2068 13658.678 1713.866 
786 3866 2122 13658.559 1714.391 
773 3889 2077 13664.222 1713.937 
843 3662 2033 13551.554 1695.47 
787 3857 2129 13663.641 1712.894 
762 3895 2079 13657.667 1712.236 
756 3899 2069 13659.242 1713.26 
839 3662 2023 13545.125 1695.511 
771 3892 2084 13667.193 1714.271 
811 3843 2101 13658.06 1713.347 
836 3663 2028 13545.215 1695.566 
756 3875 2095 13654.153 1712.906 
764 3868 2096 13655.167 1713.204 
780 3851 2133 13660.348 1712.852 
774 3886 2073 13660.551 1713.872 
751 3892 2092 13660.629 1711.511 
836 3665 2023 13545.941 1695.566 
822 3836 2123 13663.711 1714.832 
849 3654 1985 13530.336 1691.992 
771 3892 2084 13666.803 1714.278 
750 3893 2091 13660.64 1711.512 
837 3664 2027 13546.359 1695.535 
774 3886 2074 13660.484 1713.871 
764 3868 2096 13655.202 1713.203 
848 3655 1985 13530.298 1691.983 
774 3890 2065 13665.0 1714.046 
769 3873 2099 13654.431 1712.88 
761 3870 2110 13658.239 1713.389 
782 3870 2117 13658.073 1713.05 
775 3868 2082 13657.895 1714.012 
837 3664 2025 13546.549 1695.685 
781 3871 2115 13657.908 1713.026 
783 3881 2076 13665.906 1713.42 
836 3665 2023 13545.919 1695.567 
773 3893 2069 13665.762 1713.868 
741 3909 2075 13651.029 1712.489 
747 3902 2067 13659.418 1713.472 
847 3657 2034 13546.195 1695.259 
