420 2057 1161 13880.967 1739.767 
457 2036 1222 13947.87 1753.182 
493 1964 1192 13858.334 1739.182 
481 1979 1222 13920.885 1751.407 
466 2022 1227 13940.445 1752.31 
478 2004 1230 13918.522 1749.315 
445 2046 1212 13938.078 1752.088 
489 1966 1234 13909.59 1748.939 
492 1938 1220 13850.91 1740.477 
470 2012 1237 13931.086 1752.998 
474 2006 1218 13930.556 1753.318 
502 1947 1207 13863.719 1741.43 
460 2029 1206 13937.214 1753.499 
447 2046 1211 13938.924 1752.167 
473 2003 1233 13933.572 1752.112 
464 2024 1224 13939.952 1752.471 
493 1936 1223 13853.559 1739.962 
408 2062 1171 13883.444 1740.301 
472 2017 1214 13933.006 1751.923 
473 1999 1242 13928.323 1750.761 
474 1998 1243 13928.893 1750.777 
452 2035 1206 13940.35 1754.967 
472 2006 1230 13929.434 1751.618 
482 1989 1226 13928.654 1750.546 
422 2051 1155 13884.467 1743.769 
465 2017 1228 13935.834 1752.018 
453 2034 1206 13941.755 1754.406 
486 1969 1197 13855.906 1741.36 
479 1994 1222 13924.894 1750.567 
465 2026 1215 13943.428 1753.833 
420 2050 1187 13903.693 1744.861 
491 1942 1227 13860.415 1740.8 
474 1999 1234 13928.919 1751.196 
461 2028 1206 13937.265 1753.499 
475 2002 1230 13932.618 1752.291 
462 2026 1223 13937.487 1753.37 
414 2063 1169 13895.619 1741.911 
491 1966 1191 13857.922 1739.124 
463 2025 1224 13938.395 1753.588 
474 2003 1225 13920.255 1749.949 
502 1949 1214 13864.753 1741.379 
416 2059 1177 13893.646 1743.0 
479 1991 1220 13926.653 1751.092 
485 1988 1237 13936.169 1750.215 
422 2051 1156 13884.465 1743.769 
471 2016 1218 13935.16 1752.723 
478 1997 1247 13935.549 1751.494 
457 2036 1223 13947.748 1753.177 
480 1980 1221 13921.067 1751.416 
455 2039 1220 13948.243 1753.92 
471 2017 1216 13934.009 1752.398 
423 2048 1159 13891.137 1740.773 
424 2047 1162 13892.209 1740.965 
485 1984 1226 13933.887 1751.142 
460 2030 1211 13937.536 1751.996 
447 2045 1208 13942.981 1752.205 
467 2021 1214 13937.159 1753.064 
420 2053 1168 13895.734 1742.169 
491 1948 1226 13857.876 1739.916 
464 2008 1238 13926.181 1751.11 
460 2028 1207 13936.403 1753.355 
492 1964 1209 13860.452 1742.002 
465 2019 1230 13939.261 1751.698 
448 2041 1217 13940.014 1752.533 
456 2026 1216 13932.957 1753.683 
468 2019 1219 13933.27 1751.868 
491 1959 1211 13855.315 1739.692 
470 2018 1223 13939.126 1751.5 
482 1982 1238 13912.673 1749.173 
466 2024 1223 13943.817 1753.735 
473 2013 1225 13941.134 1752.968 
459 2032 1218 13945.222 1752.499 
501 1957 1219 13876.332 1742.297 
462 2029 1218 13933.024 1750.142 
470 2017 1217 13935.127 1752.679 
459 2022 1208 13938.597 1754.175 
458 2034 1233 13950.84 1753.357 
