140 737 429 14133.7 1782.498 
179 680 419 14050.807 1771.921 
169 679 445 14032.385 1754.61 
183 668 455 14071.716 1771.821 
158 714 445 14146.511 1779.328 
158 716 434 14107.016 1771.682 
155 722 439 14160.633 1782.977 
139 741 429 14154.337 1784.026 
165 702 437 14119.086 1781.731 
160 695 449 14067.076 1766.896 
149 730 437 14145.706 1780.104 
156 724 426 14129.843 1775.876 
184 654 445 13997.343 1760.597 
160 715 427 14147.768 1783.465 
141 746 427 14170.533 1786.675 
181 672 446 14063.464 1771.574 
151 728 434 14154.222 1782.063 
133 740 430 14111.874 1777.469 
178 678 438 14060.748 1770.819 
163 705 428 14102.855 1777.718 
139 740 429 14161.638 1783.132 
153 728 431 14151.585 1778.165 
172 685 443 14079.5 1773.66 
156 715 443 14144.557 1779.209 
184 658 441 14007.937 1760.957 
144 735 426 14115.833 1778.686 
153 725 434 14141.972 1781.329 
168 694 443 14092.118 1772.984 
177 691 441 14107.089 1776.461 
153 728 427 14137.086 1780.321 
172 688 443 14079.85 1771.462 
143 742 428 14154.02 1784.381 
175 674 446 14043.229 1769.322 
151 727 427 14144.641 1782.513 
176 692 440 14106.363 1776.291 
139 738 430 14137.123 1781.278 
167 699 441 14114.923 1779.695 
186 669 438 14073.523 1771.004 
173 693 441 14106.016 1770.083 
162 707 432 14100.013 1775.82 
143 740 427 14146.748 1784.775 
154 723 437 14136.873 1780.68 
130 749 404 14090.176 1772.175 
152 726 437 14148.589 1782.193 
143 731 443 14149.434 1780.716 
160 707 431 14081.824 1777.412 
158 702 447 14102.342 1774.511 
150 726 422 14125.598 1783.447 
152 719 424 14123.643 1783.362 
144 731 439 14158.021 1781.258 
169 693 444 14092.121 1772.691 
175 680 442 14064.054 1771.426 
143 736 435 14154.266 1781.556 
169 692 444 14089.656 1772.83 
156 719 432 14130.503 1780.193 
145 730 439 14158.3 1781.312 
188 668 438 14082.108 1770.463 
166 704 444 14131.265 1779.11 
153 724 439 14137.147 1781.373 
190 667 440 14091.29 1771.362 
145 738 425 14141.699 1781.867 
167 703 444 14130.834 1779.047 
164 703 424 14096.825 1779.45 
159 696 445 14072.301 1768.814 
169 696 436 14109.088 1780.398 
160 712 428 14133.732 1779.966 
168 694 443 14092.102 1773.322 
158 713 429 14105.783 1779.568 
152 730 422 14133.576 1779.057 
181 671 450 14065.532 1772.118 
170 696 442 14099.508 1775.877 
179 674 444 14063.106 1771.57 
152 727 435 14154.132 1782.048 
161 691 451 14062.457 1766.697 
180 673 446 14063.487 1771.577 
150 720 443 14149.516 1778.491 
170 698 433 14091.896 1776.819 
150 726 421 14128.039 1783.739 
139 748 428 14174.368 1785.114 
139 737 430 14141.959 1780.683 
154 727 428 14137.51 1780.374 
160 708 430 14081.807 1777.092 
155 725 426 14127.345 1775.437 
