451 1985 1186 13886.406 1737.539 
457 1998 1184 13893.642 1740.468 
516 1874 1146 13792.599 1726.369 
450 2012 1169 13896.951 1739.377 
464 1983 1180 13876.327 1740.492 
474 1974 1171 13879.481 1738.511 
448 2006 1187 13896.481 1739.082 
454 2007 1175 13899.299 1740.976 
462 2001 1173 13894.107 1740.025 
450 2012 1155 13899.238 1741.17 
441 2015 1162 13895.252 1742.188 
459 2002 1179 13891.098 1739.907 
464 1990 1173 13877.422 1739.816 
436 2020 1152 13881.329 1740.343 
468 1979 1173 13874.842 1737.138 
453 2003 1177 13877.062 1738.745 
495 1919 1156 13825.739 1729.531 
449 2005 1187 13896.571 1739.086 
461 1984 1181 13885.487 1738.087 
455 2012 1165 13896.968 1740.597 
438 2023 1167 13890.504 1739.901 
490 1923 1151 13818.358 1727.902 
454 2003 1176 13877.159 1738.752 
467 1985 1151 13867.755 1734.212 
464 1987 1181 13881.63 1739.957 
454 1990 1185 13885.911 1738.439 
470 1975 1165 13869.957 1738.053 
479 1920 1136 13808.891 1729.687 
409 2035 1147 13866.431 1733.299 
448 2013 1169 13886.569 1739.35 
457 2009 1171 13897.438 1740.727 
466 1982 1175 13875.078 1738.95 
514 1873 1147 13785.968 1723.729 
408 2036 1146 13866.093 1733.106 
446 2009 1163 13896.773 1742.514 
459 1986 1181 13883.593 1738.516 
463 1981 1185 13892.026 1739.353 
468 1979 1168 13874.482 1737.72 
412 2031 1136 13856.48 1732.141 
447 2008 1165 13897.594 1742.621 
465 1991 1168 13883.361 1738.466 
502 1892 1151 13803.358 1730.901 
463 1994 1172 13890.985 1738.489 
513 1875 1147 13794.039 1724.161 
410 2034 1139 13864.277 1732.932 
454 2002 1162 13889.331 1741.472 
460 1990 1179 13877.414 1738.33 
465 1983 1186 13888.576 1739.809 
516 1880 1146 13796.102 1724.662 
462 1990 1174 13883.969 1738.526 
465 1988 1177 13881.495 1738.7 
505 1889 1134 13792.481 1725.177 
465 1988 1167 13879.861 1739.494 
503 1900 1151 13804.839 1727.778 
459 1987 1180 13883.853 1738.577 
470 1973 1174 13875.254 1738.806 
469 1977 1179 13875.488 1739.517 
455 2006 1173 13887.98 1740.19 
456 1976 1187 13879.188 1737.199 
515 1875 1146 13801.283 1726.35 
452 1992 1162 13889.522 1741.33 
491 1921 1154 13823.242 1729.503 
517 1828 1138 13715.098 1718.871 
510 1877 1147 13784.832 1722.713 
508 1892 1133 13790.507 1723.852 
510 1881 1143 13805.405 1727.158 
504 1899 1123 13789.915 1723.728 
504 1889 1137 13794.901 1724.502 
509 1889 1133 13786.707 1723.299 
511 1870 1159 13797.179 1727.503 
502 1905 1165 13811.628 1727.293 
498 1912 1137 13807.691 1725.521 
478 1927 1139 13813.279 1727.685 
479 1925 1138 13818.847 1729.05 
479 1930 1135 13820.881 1730.643 
508 1890 1126 13791.162 1723.89 
514 1869 1149 13783.872 1722.769 
509 1890 1130 13785.539 1723.621 
513 1869 1157 13781.453 1722.678 
504 1879 1148 13791.633 1727.017 
492 1906 1158 13809.574 1726.175 
