852 3862 2176 13727.931 1718.856 
839 3864 2192 13724.986 1719.0 
860 3854 2201 13737.83 1718.644 
842 3885 2192 13744.864 1718.958 
861 3836 2196 13724.208 1715.737 
815 3943 2161 13751.162 1719.577 
819 3921 2172 13742.003 1717.252 
846 3872 2191 13733.184 1717.874 
850 3854 2180 13731.775 1719.125 
849 3898 2167 13748.701 1717.652 
859 3878 2181 13746.125 1718.635 
881 3825 2200 13723.724 1715.268 
882 3780 2095 13663.565 1709.794 
831 3923 2139 13747.641 1719.36 
841 3887 2168 13735.493 1716.559 
850 3869 2178 13735.3 1719.538 
826 3927 2136 13736.564 1717.691 
872 3841 2191 13734.795 1717.106 
817 3896 2177 13735.684 1717.513 
834 3914 2137 13733.619 1717.781 
821 3936 2154 13748.045 1718.617 
852 3870 2193 13734.943 1718.623 
879 3828 2186 13712.698 1714.154 
861 3858 2171 13723.709 1716.519 
875 3835 2191 13722.596 1715.593 
836 3861 2188 13727.927 1719.556 
866 3844 2172 13733.906 1716.006 
843 3882 2173 13735.45 1718.495 
850 3869 2179 13735.282 1719.535 
827 3918 2152 13738.216 1718.046 
860 3856 2176 13724.337 1715.418 
816 3936 2153 13745.142 1719.443 
824 3940 2145 13749.814 1720.169 
826 3898 2168 13734.127 1716.916 
817 3936 2152 13745.455 1719.506 
835 3862 2187 13727.545 1719.534 
823 3911 2160 13733.831 1717.525 
874 3839 2192 13735.333 1717.127 
814 3950 2144 13750.642 1719.994 
843 3883 2177 13736.651 1718.096 
817 3930 2157 13743.476 1719.644 
860 3859 2170 13723.469 1716.481 
832 3915 2140 13736.438 1717.445 
843 3860 2188 13728.355 1719.253 
811 3894 2191 13722.727 1717.651 
872 3842 2187 13728.206 1716.113 
837 3913 2147 13740.189 1718.271 
822 3920 2166 13742.336 1719.517 
861 3855 2176 13724.323 1715.416 
837 3860 2189 13728.135 1719.571 
862 3857 2171 13723.754 1716.528 
810 3911 2169 13729.081 1717.777 
813 3942 2153 13748.707 1720.266 
867 3851 2186 13725.943 1714.536 
816 3947 2141 13748.153 1719.725 
846 3874 2157 13737.88 1719.508 
813 3943 2151 13747.061 1719.664 
834 3902 2157 13730.334 1717.802 
820 3939 2146 13749.599 1719.942 
840 3892 2156 13733.745 1718.329 
838 3894 2148 13740.905 1719.237 
824 3930 2157 13745.799 1719.565 
848 3880 2171 13744.294 1718.814 
820 3937 2153 13748.177 1718.645 
816 3937 2150 13744.766 1719.414 
826 3911 2159 13738.916 1718.935 
820 3928 2155 13747.107 1718.585 
820 3932 2151 13744.451 1719.375 
846 3879 2176 13742.274 1718.662 
813 3951 2140 13748.045 1719.58 
815 3942 2154 13747.548 1719.874 
826 3924 2149 13739.131 1718.982 
825 3908 2159 13742.843 1718.754 
833 3906 2154 13733.757 1717.946 
837 3893 2169 13742.873 1720.116 
837 3893 2186 13742.319 1719.42 
852 3859 2158 13726.288 1719.512 
827 3897 2168 13734.082 1716.915 
822 3936 2161 13747.914 1718.507 
865 3854 2195 13734.452 1717.172 
860 3855 2177 13724.209 1715.445 
863 3852 2185 13735.548 1716.858 
824 3910 2160 13735.414 1718.442 
818 3924 2153 13741.777 1719.594 
