190 717 493 14302.977 1796.737 
198 698 507 14264.918 1797.826 
193 712 503 14316.3 1797.287 
199 704 506 14286.295 1800.038 
184 722 483 14303.601 1799.508 
218 671 477 14218.204 1784.911 
204 702 463 14248.047 1796.201 
204 697 507 14295.87 1801.852 
188 711 488 14263.907 1799.739 
195 710 503 14316.477 1797.792 
201 698 495 14285.235 1802.857 
199 704 505 14286.749 1800.126 
213 682 482 14277.052 1792.913 
195 710 492 14291.441 1802.29 
188 715 481 14284.981 1798.448 
205 697 498 14268.189 1798.821 
211 678 490 14240.797 1792.665 
199 713 486 14319.399 1804.314 
196 699 502 14306.029 1799.257 
202 704 462 14244.218 1796.249 
214 672 490 14229.366 1790.605 
212 689 477 14257.136 1795.672 
211 669 494 14197.051 1785.123 
204 698 488 14289.904 1800.938 
192 713 493 14260.339 1792.614 
208 695 493 14292.525 1802.459 
205 698 487 14294.315 1801.339 
214 673 485 14210.123 1788.175 
195 710 499 14295.349 1799.324 
198 708 503 14287.034 1799.361 
213 677 493 14211.468 1790.028 
188 717 496 14272.251 1795.353 
212 678 484 14203.991 1786.812 
207 697 492 14283.619 1797.95 
217 669 482 14224.921 1790.71 
201 709 476 14277.215 1797.457 
200 707 504 14296.243 1800.856 
219 666 487 14238.272 1785.65 
192 714 487 14240.175 1789.632 
204 701 487 14298.169 1801.573 
201 704 494 14293.992 1800.692 
191 716 500 14316.23 1797.795 
217 670 482 14225.519 1790.643 
210 695 512 14312.065 1801.948 
214 673 486 14204.609 1788.53 
198 700 497 14276.012 1801.015 
206 693 505 14296.716 1801.97 
202 702 496 14306.622 1797.498 
225 660 475 14154.802 1787.818 
223 668 492 14235.485 1795.171 
211 687 481 14218.694 1788.308 
203 703 495 14299.321 1802.02 
195 709 494 14304.088 1799.868 
197 704 495 14297.127 1801.871 
196 704 499 14292.045 1804.067 
224 665 480 14183.22 1782.491 
202 705 480 14261.402 1795.061 
211 690 476 14256.701 1795.657 
199 706 497 14314.015 1798.895 
198 703 499 14300.54 1795.471 
204 700 494 14272.817 1796.795 
203 702 497 14296.024 1799.05 
188 718 494 14309.357 1797.875 
192 714 476 14271.8 1795.019 
