1097 5069 2864 13650.512 1712.462 
1086 5143 2858 13683.411 1716.238 
1042 5201 2854 13687.284 1716.017 
1105 5061 2841 13649.987 1711.171 
1098 5091 2856 13660.046 1713.3 
1097 5093 2856 13660.553 1713.427 
1071 5153 2849 13681.511 1715.765 
1091 5106 2888 13664.386 1712.952 
1119 5010 2854 13632.939 1709.311 
1118 5013 2857 13630.842 1709.327 
1105 5062 2849 13649.305 1711.722 
1078 5116 2878 13663.116 1712.374 
1067 5150 2850 13677.791 1715.861 
1097 5069 2863 13650.602 1712.484 
1104 5053 2849 13647.955 1711.953 
1080 5148 2852 13684.576 1716.521 
1079 5118 2871 13667.583 1714.626 
1109 5048 2861 13643.789 1710.991 
1103 5056 2850 13648.887 1712.105 
989 5216 2805 13650.73 1712.241 
1081 5147 2851 13683.122 1716.589 
1076 5117 2884 13661.548 1712.349 
1067 5157 2839 13677.163 1716.019 
1080 5134 2870 13671.769 1715.412 
1069 5147 2853 13682.014 1715.798 
1066 5145 2854 13676.414 1715.739 
1109 5056 2832 13651.439 1711.917 
1041 5202 2853 13687.213 1716.01 
1053 5184 2865 13684.89 1716.213 
1098 5068 2864 13650.714 1712.489 
1110 5055 2850 13649.195 1710.85 
1049 5199 2870 13691.969 1717.387 
1069 5145 2871 13668.948 1713.636 
1062 5171 2836 13682.571 1715.792 
1065 5170 2847 13684.549 1716.205 
1070 5163 2869 13680.257 1715.112 
1093 5116 2818 13669.487 1713.589 
1089 5115 2882 13670.501 1714.56 
1055 5171 2842 13673.07 1714.295 
1051 5176 2867 13681.744 1715.293 
1007 5207 2829 13659.029 1713.595 
1104 5060 2846 13650.532 1710.81 
988 5218 2806 13651.117 1712.283 
1085 5135 2861 13680.703 1715.851 
1050 5180 2873 13676.36 1714.867 
1065 5153 2857 13677.262 1715.486 
1076 5164 2830 13680.558 1715.457 
1072 5150 2831 13676.344 1714.664 
1086 5134 2862 13680.669 1715.848 
1079 5134 2870 13671.793 1715.418 
1042 5201 2855 13687.251 1716.009 
1077 5125 2883 13664.948 1713.221 
