878 4551 2415 13652.065 1712.204 
907 4498 2410 13636.213 1709.096 
925 4448 2476 13628.69 1709.754 
960 4335 2357 13572.373 1696.69 
939 4400 2492 13612.026 1704.963 
921 4440 2488 13620.533 1707.3 
863 4547 2456 13648.65 1710.431 
885 4488 2465 13634.068 1708.199 
873 4506 2459 13628.789 1707.637 
925 4447 2465 13628.073 1709.804 
902 4507 2420 13624.977 1705.563 
874 4542 2443 13639.115 1708.893 
888 4525 2432 13647.983 1711.698 
896 4498 2451 13629.732 1707.48 
911 4480 2400 13625.902 1706.669 
882 4525 2441 13646.549 1711.575 
878 4535 2420 13644.849 1710.27 
923 4446 2475 13628.95 1709.938 
870 4515 2450 13624.064 1706.267 
903 4460 2461 13622.811 1707.927 
887 4508 2434 13641.527 1710.273 
939 4405 2480 13611.89 1705.022 
876 4505 2449 13630.833 1708.132 
880 4504 2447 13633.104 1707.778 
895 4507 2425 13641.348 1709.271 
916 4464 2436 13625.738 1707.276 
952 4335 2366 13570.572 1696.48 
923 4443 2487 13625.452 1708.469 
923 4445 2480 13629.491 1709.39 
891 4519 2428 13643.616 1709.589 
905 4481 2432 13626.797 1706.728 
904 4459 2462 13623.186 1707.94 
936 4432 2477 13625.687 1708.639 
946 4357 2375 13584.182 1698.097 
944 4387 2475 13607.257 1703.86 
882 4529 2425 13625.55 1706.537 
919 4452 2468 13628.78 1709.694 
881 4528 2423 13629.165 1706.558 
914 4458 2470 13630.392 1709.748 
951 4339 2365 13571.283 1696.377 
897 4497 2421 13636.576 1710.543 
870 4556 2418 13644.371 1711.416 
875 4538 2429 13645.991 1711.283 
922 4454 2480 13629.827 1709.535 
896 4484 2438 13625.841 1708.707 
911 4479 2400 13625.607 1706.703 
946 4358 2374 13584.636 1698.107 
881 4496 2452 13619.31 1707.502 
901 4495 2462 13634.865 1708.706 
874 4532 2445 13643.917 1710.41 
877 4529 2416 13641.797 1711.315 
890 4526 2437 13641.091 1709.215 
889 4514 2437 13639.704 1710.02 
895 4501 2434 13633.593 1706.398 
905 4469 2449 13618.92 1707.497 
957 4331 2361 13571.164 1696.38 
868 4553 2409 13644.653 1709.556 
915 4458 2462 13620.551 1707.783 
885 4529 2403 13641.755 1710.444 
917 4471 2411 13622.167 1705.757 
907 4457 2482 13624.243 1709.015 
885 4527 2408 13641.058 1710.464 
876 4538 2423 13640.258 1708.793 
941 4403 2430 13611.852 1703.946 
876 4534 2434 13645.789 1710.788 
931 4430 2489 13622.531 1707.324 
952 4336 2365 13570.319 1696.38 
870 4515 2448 13624.454 1706.3 
885 4517 2435 13640.737 1709.856 
880 4531 2424 13642.202 1709.669 
897 4507 2445 13632.281 1708.544 
958 4330 2362 13571.357 1696.415 
919 4451 2469 13628.31 1709.594 
914 4459 2461 13620.528 1707.779 
901 4497 2436 13628.184 1707.763 
867 4533 2452 13643.841 1710.163 
897 4498 2431 13634.894 1706.445 
865 4572 2429 13656.392 1713.488 
884 4536 2414 13647.454 1711.657 
913 4471 2450 13630.728 1706.885 
869 4532 2454 13644.758 1710.149 
