529 2690 1487 13809.09 1730.241 
566 2662 1482 13813.073 1732.626 
605 2594 1507 13778.705 1730.47 
583 2634 1460 13785.13 1727.339 
567 2668 1490 13816.605 1730.695 
527 2707 1449 13784.645 1726.417 
548 2689 1431 13805.08 1731.435 
572 2665 1510 13812.352 1730.666 
534 2691 1469 13797.41 1731.229 
548 2687 1460 13811.368 1732.708 
580 2633 1493 13789.148 1725.34 
596 2612 1506 13785.69 1733.144 
537 2699 1425 13801.713 1728.631 
559 2681 1494 13820.756 1731.636 
565 2637 1512 13794.029 1727.371 
543 2688 1456 13806.92 1731.723 
578 2632 1490 13800.014 1730.099 
529 2697 1436 13801.769 1730.609 
603 2596 1504 13777.717 1730.402 
517 2708 1456 13790.654 1726.468 
537 2699 1426 13801.688 1728.627 
600 2614 1508 13792.811 1733.116 
542 2676 1497 13796.088 1728.444 
560 2675 1478 13808.379 1729.715 
581 2635 1482 13797.133 1727.156 
562 2676 1470 13793.261 1726.904 
578 2647 1477 13792.035 1728.461 
556 2666 1480 13813.249 1731.995 
573 2630 1498 13782.902 1727.233 
529 2705 1462 13790.818 1726.884 
593 2604 1519 13770.876 1729.444 
565 2653 1494 13790.337 1731.56 
573 2643 1449 13801.583 1729.618 
518 2709 1465 13782.689 1726.099 
555 2683 1488 13826.348 1731.08 
591 2621 1474 13763.093 1727.153 
578 2629 1495 13798.846 1726.864 
555 2667 1480 13813.431 1732.006 
538 2701 1450 13786.502 1727.269 
563 2671 1466 13805.395 1729.173 
518 2704 1469 13780.461 1724.998 
576 2630 1495 13798.864 1728.268 
579 2637 1489 13802.168 1728.749 
566 2672 1463 13795.85 1728.076 
542 2675 1498 13796.313 1728.455 
548 2684 1485 13825.371 1730.222 
536 2700 1461 13800.66 1729.493 
580 2633 1500 13783.724 1726.867 
582 2618 1484 13777.72 1724.374 
528 2706 1428 13797.241 1728.45 
561 2675 1452 13809.636 1729.831 
587 2639 1470 13790.774 1726.477 
543 2674 1498 13796.388 1728.461 
542 2689 1467 13797.506 1730.553 
556 2682 1480 13807.825 1729.595 
574 2634 1488 13777.445 1729.713 
534 2695 1472 13783.536 1725.244 
544 2673 1498 13796.909 1728.519 
528 2707 1428 13797.238 1728.451 
582 2632 1477 13789.808 1726.788 
506 2723 1450 13782.251 1725.656 
580 2640 1487 13806.92 1728.784 
543 2674 1497 13796.457 1728.473 
516 2702 1470 13784.613 1724.781 
519 2694 1471 13787.742 1726.928 
590 2622 1481 13800.992 1728.154 
529 2704 1454 13803.957 1729.617 
515 2709 1448 13789.466 1728.524 
582 2626 1475 13791.536 1726.981 
587 2622 1483 13789.75 1727.102 
541 2697 1465 13794.254 1727.172 
544 2694 1441 13803.926 1729.716 
577 2646 1473 13798.323 1726.393 
530 2703 1457 13785.273 1726.214 
591 2621 1475 13762.918 1727.133 
518 2709 1464 13782.517 1726.272 
515 2711 1439 13794.64 1728.427 
518 2710 1463 13783.791 1726.471 
