887 3808 2190 13725.326 1718.631 
882 3794 2210 13707.649 1718.158 
879 3825 2201 13735.462 1721.341 
861 3880 2190 13751.978 1724.186 
879 3825 2194 13737.229 1721.643 
883 3821 2206 13732.646 1721.717 
863 3872 2188 13748.379 1723.525 
872 3861 2197 13750.412 1723.113 
878 3830 2189 13736.696 1720.253 
874 3845 2201 13744.605 1722.767 
873 3846 2202 13743.73 1721.027 
817 3923 2175 13749.333 1723.328 
870 3846 2193 13746.042 1724.521 
845 3907 2159 13746.849 1722.64 
842 3897 2160 13746.47 1723.46 
864 3871 2189 13748.214 1723.488 
860 3889 2186 13747.254 1722.875 
859 3891 2198 13758.652 1723.964 
870 3838 2221 13742.283 1721.676 
820 3919 2158 13745.543 1721.261 
816 3910 2208 13735.283 1721.253 
884 3815 2197 13724.91 1720.127 
878 3826 2195 13737.784 1721.732 
870 3846 2218 13743.407 1721.523 
832 3904 2168 13750.518 1722.879 
844 3908 2159 13747.302 1722.718 
826 3907 2198 13757.586 1722.558 
874 3845 2202 13744.601 1722.763 
859 3881 2199 13756.132 1724.124 
803 3916 2188 13735.295 1722.036 
833 3900 2185 13746.553 1723.023 
874 3822 2213 13733.045 1721.182 
853 3898 2200 13759.521 1723.132 
870 3846 2192 13746.213 1724.548 
834 3889 2205 13751.49 1723.166 
851 3900 2159 13751.752 1724.379 
843 3886 2224 13752.983 1723.465 
829 3909 2143 13738.084 1723.523 
839 3912 2168 13754.054 1722.222 
805 3920 2186 13728.548 1719.543 
880 3834 2192 13735.022 1719.783 
868 3868 2200 13755.107 1723.453 
810 3947 2176 13762.119 1722.334 
823 3911 2152 13741.279 1723.018 
872 3857 2217 13748.94 1722.771 
804 3917 2185 13727.953 1720.594 
863 3854 2218 13745.102 1722.764 
838 3913 2168 13754.124 1722.234 
825 3907 2184 13739.525 1724.072 
870 3878 2205 13755.503 1722.73 
871 3874 2210 13749.787 1722.939 
819 3919 2142 13747.946 1722.481 
855 3893 2201 13755.214 1724.81 
870 3870 2206 13750.343 1722.927 
842 3896 2161 13745.582 1723.331 
877 3842 2204 13742.539 1722.616 
815 3938 2157 13757.922 1722.226 
862 3874 2191 13750.893 1723.065 
859 3859 2227 13737.968 1721.905 
874 3836 2209 13734.617 1722.05 
826 3908 2174 13747.524 1722.789 
834 3909 2161 13752.967 1722.939 
847 3891 2203 13745.821 1723.191 
846 3906 2207 13756.588 1722.773 
864 3876 2185 13750.18 1723.262 
883 3824 2202 13737.994 1722.915 
851 3877 2222 13752.981 1724.138 
851 3855 2226 13741.888 1721.683 
844 3897 2202 13748.682 1722.793 
863 3869 2195 13752.241 1723.189 
822 3918 2171 13744.874 1722.984 
879 3840 2198 13736.45 1720.404 
826 3899 2194 13741.408 1723.311 
839 3912 2189 13758.111 1722.111 
