204 708 465 14264.165 1799.4 
156 731 426 14147.354 1786.685 
183 724 439 14260.368 1804.612 
194 711 449 14250.26 1803.461 
211 695 474 14261.534 1803.416 
195 709 452 14240.261 1804.607 
215 690 467 14265.775 1802.299 
216 688 462 14209.631 1798.139 
212 692 483 14254.239 1802.704 
215 695 472 14275.954 1800.252 
192 710 466 14232.707 1796.748 
183 720 443 14232.408 1800.831 
207 696 474 14232.716 1802.671 
207 704 455 14252.565 1802.697 
213 679 477 14219.305 1795.704 
202 705 471 14272.298 1803.721 
210 701 469 14262.988 1799.087 
209 698 472 14261.064 1797.523 
202 706 466 14271.986 1796.869 
191 717 450 14251.195 1802.259 
205 702 468 14256.51 1800.518 
208 694 478 14239.119 1802.348 
207 699 473 14254.56 1802.321 
220 684 474 14247.873 1799.402 
208 693 481 14225.832 1799.889 
188 717 449 14237.437 1803.037 
213 689 473 14226.657 1802.243 
181 719 443 14220.536 1801.106 
210 699 472 14255.998 1802.913 
181 717 459 14222.623 1797.151 
205 706 458 14260.084 1800.98 
193 710 460 14213.468 1795.0 
196 710 459 14256.954 1804.305 
205 697 474 14230.409 1799.574 
176 720 462 14206.6 1794.52 
207 696 479 14254.047 1801.42 
211 698 472 14256.287 1802.928 
208 700 466 14255.177 1802.222 
199 703 468 14242.35 1804.396 
215 688 476 14244.719 1800.655 
204 702 469 14254.674 1801.763 
168 730 434 14174.569 1786.99 
192 714 445 14227.071 1799.895 
201 704 474 14245.444 1801.1 
200 707 466 14252.163 1800.003 
193 712 466 14234.86 1794.392 
209 702 468 14265.622 1799.664 
207 694 480 14235.747 1798.212 
182 716 458 14210.238 1796.561 
212 697 468 14256.679 1797.166 
183 718 449 14217.452 1794.134 
207 703 469 14259.387 1797.071 
201 709 458 14244.514 1799.547 
193 712 447 14239.865 1801.105 
206 697 473 14232.124 1802.575 
197 712 453 14252.539 1799.836 
204 704 457 14261.595 1800.997 
209 695 475 14242.098 1801.503 
179 718 444 14228.108 1800.806 
177 718 457 14204.663 1797.26 
203 704 467 14256.807 1798.517 
177 718 458 14204.384 1797.196 
200 708 465 14258.973 1803.337 
207 696 473 14233.228 1802.432 
206 702 464 14261.014 1801.531 
192 714 445 14227.715 1799.678 
202 709 462 14242.652 1797.915 
183 717 453 14211.729 1798.403 
184 715 449 14237.232 1803.335 
205 704 462 14250.824 1795.634 
207 699 471 14262.43 1803.701 
203 704 458 14233.306 1801.099 
189 714 456 14218.114 1792.615 
200 711 452 14245.498 1799.975 
196 711 454 14248.615 1801.401 
200 706 469 14266.69 1802.448 
