348 1327 849 13981.857 1750.04 
360 1301 871 13982.511 1754.386 
364 1301 861 13962.75 1750.705 
353 1308 875 13960.02 1751.318 
342 1317 866 13957.869 1749.789 
310 1359 809 13917.823 1742.812 
363 1296 866 13934.915 1746.653 
314 1352 814 13945.566 1749.561 
356 1313 859 13964.077 1751.274 
350 1327 833 13970.693 1751.606 
367 1298 844 13950.016 1746.535 
321 1352 809 13927.91 1748.333 
362 1288 866 13927.625 1747.852 
362 1299 867 13938.128 1747.03 
315 1351 814 13944.289 1749.651 
320 1353 808 13927.956 1748.338 
349 1315 852 13943.849 1746.782 
302 1365 798 13921.904 1746.763 
366 1297 849 13946.339 1744.911 
348 1314 862 13949.7 1751.022 
350 1321 855 13954.414 1746.488 
321 1353 810 13927.846 1748.447 
326 1352 833 13958.393 1748.248 
338 1341 846 13982.53 1751.065 
348 1329 825 13957.26 1746.382 
312 1357 793 13922.758 1745.514 
310 1357 810 13940.806 1747.747 
366 1313 842 13980.705 1754.721 
362 1287 870 13963.719 1750.03 
357 1321 847 13986.086 1749.402 
341 1336 848 13975.626 1752.363 
351 1327 841 13973.634 1750.873 
352 1327 833 13972.625 1751.453 
347 1334 860 13993.403 1755.389 
348 1328 850 13974.175 1748.003 
319 1354 809 13923.213 1748.263 
301 1366 800 13923.849 1747.195 
311 1364 806 13945.513 1748.319 
379 1285 864 13965.008 1749.22 
350 1328 834 13966.303 1749.81 
351 1321 848 13965.407 1751.241 
349 1328 834 13965.253 1751.528 
361 1312 853 13979.063 1750.519 
340 1319 864 13958.117 1749.815 
341 1335 848 13981.186 1751.426 
349 1328 832 13968.934 1751.395 
319 1355 809 13925.029 1748.166 
380 1270 841 13916.399 1742.523 
305 1361 802 13938.034 1748.805 
363 1288 866 13927.591 1747.85 
370 1294 858 13940.127 1747.238 
363 1314 861 13983.527 1750.374 
375 1293 852 13950.921 1746.092 
365 1298 849 13946.394 1744.919 
361 1288 870 13964.741 1750.063 
371 1293 863 13965.795 1751.059 
353 1325 829 13952.938 1747.105 
356 1322 841 13985.606 1749.171 
363 1286 870 13963.498 1749.984 
331 1335 852 13939.396 1745.222 
355 1322 848 13986.512 1748.463 
345 1346 834 13983.946 1752.308 
371 1296 849 13955.452 1745.769 
362 1319 850 13988.4 1750.586 
315 1351 815 13944.243 1749.642 
357 1312 861 13965.358 1751.466 
327 1351 834 13958.305 1748.243 
