976 4499 2572 13728.319 1721.523 
998 4523 2563 13731.791 1721.746 
1014 4452 2584 13710.082 1718.057 
982 4537 2521 13727.294 1718.952 
974 4543 2551 13726.181 1720.67 
1003 4493 2581 13720.325 1719.225 
1036 4301 2474 13629.495 1705.894 
919 4590 2539 13731.756 1721.847 
984 4528 2515 13733.63 1721.559 
981 4530 2564 13735.807 1721.717 
956 4580 2533 13741.428 1721.189 
1001 4512 2561 13724.889 1720.512 
945 4561 2524 13735.639 1722.201 
937 4565 2536 13726.572 1720.572 
982 4533 2523 13725.204 1719.671 
977 4498 2572 13728.189 1721.49 
1008 4478 2564 13716.437 1717.971 
947 4560 2537 13730.54 1721.786 
964 4544 2556 13736.807 1722.185 
1020 4375 2515 13661.776 1712.476 
1001 4516 2572 13729.537 1720.196 
951 4555 2541 13733.508 1722.345 
983 4529 2512 13733.314 1721.518 
1026 4348 2490 13651.407 1711.227 
938 4571 2534 13724.317 1720.289 
1008 4487 2562 13719.009 1718.89 
1017 4387 2517 13666.844 1712.636 
938 4557 2542 13717.925 1719.904 
977 4536 2570 13735.649 1721.883 
1031 4343 2492 13651.416 1711.233 
1003 4506 2572 13730.342 1720.875 
935 4567 2535 13726.591 1720.575 
1022 4367 2512 13662.869 1712.934 
1007 4477 2564 13710.455 1718.57 
983 4529 2513 13733.279 1721.513 
958 4557 2517 13734.566 1719.488 
1017 4387 2517 13667.09 1712.578 
1007 4476 2564 13710.349 1718.588 
940 4571 2531 13735.053 1721.198 
983 4531 2523 13724.997 1719.607 
1024 4345 2522 13648.63 1710.38 
1010 4455 2580 13709.151 1718.341 
1007 4475 2565 13710.67 1718.594 
910 4595 2528 13727.73 1721.325 
1035 4328 2512 13648.559 1710.137 
1023 4409 2503 13682.423 1713.533 
938 4563 2537 13729.772 1720.755 
1009 4466 2581 13712.547 1718.638 
938 4563 2536 13729.774 1720.755 
950 4550 2547 13732.611 1722.221 
1025 4344 2524 13649.025 1710.471 
1028 4346 2490 13651.455 1711.177 
961 4552 2546 13737.427 1721.702 
1021 4374 2516 13661.376 1712.458 
973 4541 2549 13743.284 1722.168 
1024 4338 2494 13646.327 1710.507 
1021 4374 2515 13661.414 1712.465 
956 4556 2542 13738.036 1721.013 
988 4529 2558 13729.751 1721.319 
1017 4386 2516 13666.827 1712.665 
956 4544 2537 13737.787 1723.111 
968 4544 2557 13733.376 1721.75 
930 4576 2532 13731.236 1721.5 
909 4599 2538 13731.374 1721.37 
960 4559 2536 13726.776 1719.428 
972 4543 2594 13744.38 1723.611 
979 4495 2584 13723.538 1720.775 
959 4552 2568 13736.692 1722.207 
970 4553 2553 13732.555 1721.067 
936 4556 2520 13726.56 1722.44 
953 4553 2554 13731.437 1721.648 
1022 4366 2512 13662.268 1712.937 
1009 4526 2560 13737.648 1722.41 
946 4562 2537 13730.859 1721.84 
1005 4510 2568 13735.075 1721.537 
936 4566 2535 13726.579 1720.574 
979 4534 2508 13727.002 1721.533 
998 4517 2583 13728.928 1721.297 
