295 1383 780 13972.293 1753.189 
359 1330 849 14002.474 1754.097 
364 1319 856 14011.144 1758.295 
358 1334 842 14012.681 1761.394 
341 1352 819 14001.718 1762.098 
343 1348 858 14018.276 1758.512 
360 1331 831 14005.816 1757.538 
345 1340 850 14005.802 1761.718 
342 1355 835 14034.834 1757.677 
349 1345 850 14025.502 1758.102 
344 1363 820 14019.106 1761.891 
350 1343 844 14020.696 1755.087 
343 1352 831 14015.14 1759.681 
353 1340 839 14020.559 1756.627 
350 1340 855 14012.418 1756.595 
356 1331 845 14003.457 1760.172 
365 1326 844 14005.646 1757.25 
353 1336 827 14013.878 1758.357 
358 1333 843 14021.339 1760.215 
346 1343 840 14014.014 1760.273 
362 1324 852 13995.878 1759.481 
309 1375 822 13976.355 1754.53 
354 1336 841 14005.542 1758.341 
334 1346 840 13992.593 1758.598 
346 1342 852 13983.559 1755.194 
368 1309 843 13976.854 1754.481 
318 1368 817 13996.409 1757.406 
364 1307 857 13988.51 1753.17 
330 1355 828 13984.753 1761.321 
314 1368 799 13979.869 1758.235 
353 1337 850 14015.479 1758.254 
333 1356 823 13993.952 1759.788 
331 1362 832 14010.933 1757.853 
366 1316 847 13987.216 1753.195 
344 1346 849 13999.402 1756.679 
362 1318 863 13995.297 1755.262 
345 1348 830 13998.874 1758.728 
342 1351 844 14028.221 1757.341 
356 1332 844 13998.305 1756.248 
336 1356 833 14002.277 1757.292 
344 1348 823 13999.063 1758.009 
332 1361 832 14010.947 1757.856 
354 1333 854 13988.549 1756.27 
353 1339 847 14009.299 1756.453 
309 1377 800 13970.787 1752.291 
362 1327 840 13999.624 1758.225 
337 1358 821 14000.844 1759.41 
334 1365 823 14001.89 1759.294 
331 1354 836 13997.708 1755.321 
366 1326 834 14002.909 1756.023 
317 1382 796 13992.341 1758.428 
352 1342 836 14018.005 1759.061 
340 1349 837 13999.577 1759.046 
344 1348 847 13988.476 1755.384 
314 1373 797 13972.376 1755.109 
358 1335 842 14006.98 1754.869 
367 1297 855 13972.824 1752.061 
310 1376 801 13970.905 1752.319 
338 1350 834 14002.549 1760.072 
337 1351 855 14003.796 1755.719 
366 1298 855 13972.922 1752.081 
313 1370 815 13968.376 1754.478 
369 1310 850 13989.403 1753.172 
308 1377 811 13978.489 1753.6 
343 1345 847 14001.656 1762.098 
337 1349 821 14005.902 1760.163 
338 1352 838 13994.665 1753.61 
341 1351 848 13989.783 1755.152 
351 1333 860 14002.491 1754.527 
328 1354 837 13988.926 1754.37 
329 1362 833 14011.435 1758.194 
346 1344 840 14014.233 1760.205 
334 1350 838 13982.597 1757.693 
323 1360 835 13983.602 1759.132 
364 1324 854 14003.271 1754.807 
352 1344 849 14018.146 1758.691 
339 1367 831 14039.312 1759.046 
