398 2034 1110 13806.08 1732.072 
450 2024 1200 13890.521 1744.648 
456 2019 1217 13895.764 1742.117 
500 1992 1235 13919.984 1748.323 
512 1941 1234 13862.363 1742.052 
464 2018 1221 13905.324 1746.222 
496 1983 1242 13899.074 1744.798 
465 2014 1219 13905.148 1746.072 
511 1956 1263 13900.89 1743.441 
474 2009 1233 13905.204 1747.131 
506 1968 1233 13896.931 1745.316 
501 1972 1237 13892.285 1744.68 
480 2009 1211 13905.519 1746.124 
483 1998 1244 13909.876 1749.49 
505 1969 1237 13883.86 1743.912 
474 2017 1219 13902.749 1746.447 
483 2005 1204 13905.734 1745.624 
500 1992 1235 13920.032 1748.314 
507 1966 1241 13895.1 1744.908 
505 1968 1239 13894.08 1744.766 
498 1983 1239 13906.86 1747.438 
485 1998 1253 13913.532 1745.992 
484 2004 1205 13906.5 1745.63 
477 2010 1220 13916.096 1749.155 
449 2030 1208 13896.195 1743.898 
483 1998 1243 13910.469 1749.566 
461 2020 1213 13897.07 1743.296 
474 2011 1212 13904.046 1745.349 
497 1980 1240 13888.451 1743.449 
458 2023 1207 13894.815 1744.589 
489 1983 1254 13907.24 1748.928 
501 1971 1238 13887.642 1742.76 
499 1975 1247 13898.236 1746.047 
479 2003 1241 13912.415 1749.08 
479 2008 1244 13920.018 1749.001 
475 2012 1206 13901.11 1744.643 
494 1978 1263 13898.065 1746.669 
494 1994 1238 13919.08 1748.117 
448 2032 1207 13896.42 1744.003 
476 2011 1218 13900.952 1746.719 
502 1975 1231 13896.878 1744.301 
480 2006 1215 13906.344 1747.164 
494 1995 1249 13914.728 1745.588 
503 1970 1259 13903.945 1742.928 
450 2028 1209 13896.113 1743.819 
492 2001 1253 13913.306 1748.591 
483 2003 1231 13912.455 1748.203 
481 2005 1232 13894.944 1745.52 
483 1993 1255 13910.711 1749.349 
508 1958 1258 13895.748 1743.252 
506 1967 1259 13901.35 1743.755 
501 1972 1236 13894.717 1746.309 
484 2000 1245 13917.009 1745.498 
482 2004 1211 13905.025 1746.139 
