686 3246 1726 13698.032 1713.779 
686 3245 1763 13706.151 1714.577 
705 3207 1796 13706.465 1714.914 
687 3244 1764 13706.291 1714.583 
717 3200 1780 13691.17 1713.908 
714 3173 1800 13683.514 1711.388 
594 3310 1760 13700.583 1716.251 
649 3251 1752 13685.779 1714.656 
689 3225 1781 13699.023 1713.519 
689 3225 1781 13699.016 1713.525 
728 3199 1746 13694.318 1712.844 
642 3232 1802 13671.989 1710.89 
684 3233 1770 13689.765 1713.915 
638 3255 1798 13696.394 1714.149 
617 3303 1785 13712.12 1716.668 
700 3231 1736 13698.894 1714.497 
709 3199 1792 13698.567 1715.375 
692 3227 1779 13703.54 1713.395 
631 3281 1795 13706.785 1714.329 
710 3183 1798 13677.66 1711.311 
669 3254 1726 13685.231 1712.436 
715 3187 1797 13688.243 1712.24 
617 3303 1784 13711.618 1716.674 
684 3234 1768 13689.711 1713.791 
611 3305 1781 13707.142 1715.491 
633 3284 1790 13714.14 1715.406 
687 3245 1727 13698.404 1713.807 
685 3231 1771 13690.169 1713.853 
690 3252 1771 13701.22 1713.596 
599 3312 1757 13704.487 1717.122 
610 3304 1790 13706.348 1715.785 
587 3313 1781 13698.011 1714.719 
619 3298 1780 13709.891 1716.3 
635 3280 1808 13714.729 1717.901 
680 3224 1787 13689.371 1712.089 
705 3208 1796 13706.451 1714.841 
609 3313 1762 13700.947 1715.888 
624 3292 1782 13713.177 1714.975 
657 3249 1794 13692.637 1714.456 
598 3314 1775 13710.259 1715.491 
715 3221 1791 13718.715 1718.021 
697 3222 1772 13699.751 1715.639 
701 3222 1767 13699.122 1713.471 
603 3310 1758 13707.291 1716.115 
644 3289 1762 13711.865 1716.319 
690 3226 1771 13700.149 1716.411 
597 3321 1752 13702.337 1715.367 
599 3312 1756 13704.495 1717.124 
717 3186 1779 13695.78 1715.814 
619 3314 1768 13715.64 1715.381 
711 3182 1799 13677.411 1711.301 
635 3282 1792 13719.966 1715.774 
720 3179 1787 13683.609 1711.061 
698 3226 1762 13706.154 1717.515 
726 3187 1751 13673.138 1709.397 
603 3310 1766 13703.701 1715.814 
702 3229 1738 13699.5 1714.608 
684 3232 1772 13690.19 1713.956 
714 3174 1799 13683.902 1711.504 
649 3251 1782 13685.975 1712.954 
626 3286 1785 13696.387 1716.245 
710 3198 1792 13698.483 1715.36 
625 3308 1778 13715.179 1716.312 
626 3295 1780 13718.821 1716.942 
719 3191 1759 13689.506 1713.392 
695 3239 1766 13706.074 1715.516 
634 3286 1786 13711.206 1714.917 
628 3299 1799 13709.527 1716.115 
622 3305 1776 13714.899 1718.123 
676 3256 1747 13693.996 1711.458 
620 3299 1785 13704.765 1716.345 
732 3183 1782 13692.133 1713.752 
698 3244 1777 13702.791 1713.159 
612 3304 1774 13716.577 1717.706 
610 3305 1790 13706.975 1715.745 
729 3186 1754 13682.374 1711.555 
650 3244 1797 13681.735 1712.441 
687 3245 1723 13695.48 1714.241 
691 3244 1736 13705.333 1715.716 
629 3287 1768 13710.416 1714.307 
642 3257 1791 13690.857 1715.33 
