329 1284 755 13788.687 1723.513 
316 1345 826 13942.817 1749.775 
325 1295 768 13815.877 1729.526 
315 1357 823 13964.545 1751.835 
318 1343 824 13935.968 1750.328 
279 1392 826 13974.21 1753.389 
328 1311 784 13833.385 1728.458 
311 1354 819 13951.926 1752.307 
311 1352 833 13953.874 1755.083 
280 1391 825 13974.337 1753.156 
320 1336 833 13946.865 1751.048 
300 1370 822 13960.811 1754.869 
266 1403 771 13920.194 1749.175 
274 1392 778 13941.213 1754.004 
273 1393 778 13940.515 1753.948 
317 1348 822 13949.035 1751.827 
261 1407 784 13952.356 1753.201 
294 1378 824 13959.621 1754.51 
268 1401 772 13934.054 1751.193 
240 1415 765 13929.216 1748.434 
265 1407 773 13939.357 1752.377 
307 1364 820 13971.965 1753.401 
273 1402 792 13937.631 1750.432 
239 1416 764 13927.59 1748.332 
246 1414 773 13941.799 1750.355 
311 1352 833 13955.143 1754.919 
303 1369 817 13937.79 1751.151 
315 1348 829 13952.331 1751.573 
257 1410 780 13918.447 1747.197 
318 1340 831 13943.365 1750.219 
318 1341 829 13944.454 1750.403 
305 1368 836 13975.068 1756.836 
318 1341 830 13943.481 1750.048 
284 1388 772 13946.972 1754.128 
312 1351 833 13954.787 1754.653 
290 1381 825 13958.491 1752.138 
294 1381 815 13952.913 1752.072 
317 1337 826 13935.937 1752.701 
315 1344 826 13940.754 1751.716 
260 1411 778 13950.571 1754.029 
269 1398 812 13970.631 1753.906 
277 1389 769 13940.957 1753.996 
318 1341 829 13944.801 1750.197 
293 1380 824 13964.16 1754.783 
262 1406 785 13953.086 1753.323 
264 1402 808 13963.704 1754.622 
310 1356 825 13959.346 1752.39 
316 1353 820 13960.975 1751.965 
281 1390 826 13973.097 1753.083 
308 1364 828 13965.737 1754.72 
293 1378 828 13964.525 1757.132 
314 1343 829 13954.608 1750.355 
301 1374 821 13962.577 1754.869 
312 1352 830 13954.688 1751.826 
309 1355 822 13950.708 1754.447 
306 1360 830 13959.542 1752.922 
317 1337 830 13941.325 1750.481 
317 1343 827 13943.517 1749.352 
320 1336 830 13947.694 1750.402 
320 1343 823 13947.18 1750.337 
327 1312 787 13837.606 1729.245 
315 1344 821 13950.076 1752.465 
310 1354 833 13956.772 1755.368 
289 1387 836 13994.578 1757.078 
312 1363 829 13965.226 1751.822 
