707 3291 1860 13787.979 1726.276 
701 3302 1874 13791.424 1725.678 
714 3284 1863 13792.231 1726.141 
724 3274 1829 13782.063 1725.818 
686 3320 1855 13802.25 1727.755 
742 3233 1865 13770.126 1723.317 
715 3274 1858 13780.399 1725.968 
706 3295 1863 13788.281 1725.844 
717 3251 1881 13770.777 1724.772 
736 3223 1871 13764.326 1722.137 
713 3292 1831 13774.375 1723.552 
688 3317 1858 13798.446 1727.544 
693 3302 1870 13793.836 1726.568 
740 3245 1841 13765.389 1722.543 
703 3292 1872 13784.165 1725.14 
683 3325 1825 13789.434 1727.14 
734 3243 1839 13758.709 1723.447 
724 3283 1839 13779.697 1725.753 
720 3286 1829 13780.591 1725.515 
719 3286 1828 13780.677 1725.584 
724 3246 1863 13769.781 1724.018 
693 3318 1841 13793.609 1726.064 
718 3269 1876 13780.44 1725.267 
717 3289 1825 13779.804 1725.354 
705 3277 1854 13789.46 1726.617 
727 3244 1852 13768.991 1722.33 
708 3295 1869 13790.087 1725.542 
692 3320 1842 13794.429 1726.2 
682 3325 1835 13785.753 1724.288 
718 3271 1877 13775.257 1724.02 
709 3292 1832 13778.899 1724.613 
713 3291 1842 13790.967 1726.625 
721 3254 1871 13762.275 1723.613 
735 3240 1867 13770.173 1724.929 
710 3279 1873 13784.505 1724.268 
728 3246 1841 13759.679 1723.73 
727 3268 1828 13777.297 1724.899 
720 3258 1869 13772.57 1723.551 
717 3288 1830 13776.174 1725.068 
717 3276 1838 13779.789 1725.634 
708 3294 1870 13789.514 1725.388 
734 3250 1826 13759.218 1722.153 
741 3237 1834 13758.296 1721.905 
727 3249 1876 13761.944 1723.351 
684 3324 1832 13795.624 1726.451 
683 3324 1873 13796.175 1727.155 
678 3328 1828 13794.158 1727.556 
700 3299 1872 13797.129 1726.776 
698 3307 1870 13793.305 1725.828 
719 3287 1828 13780.583 1725.523 
704 3316 1865 13812.023 1728.948 
727 3248 1887 13766.782 1724.438 
727 3276 1850 13778.144 1723.683 
731 3255 1846 13765.116 1723.652 
713 3286 1862 13791.984 1726.096 
724 3274 1829 13781.965 1725.881 
728 3255 1832 13769.982 1724.06 
713 3296 1827 13778.521 1724.593 
733 3251 1838 13761.074 1721.9 
720 3258 1879 13767.206 1723.687 
698 3288 1880 13782.891 1723.587 
689 3314 1869 13796.449 1726.712 
718 3288 1829 13780.792 1725.576 
