671 3268 1774 13706.741 1721.346 
679 3262 1755 13715.234 1720.433 
676 3264 1773 13712.657 1717.466 
652 3311 1764 13722.197 1720.777 
648 3305 1767 13712.36 1721.524 
730 3172 1790 13669.664 1713.345 
665 3270 1798 13709.909 1718.193 
676 3221 1804 13694.935 1716.606 
669 3257 1808 13716.739 1721.222 
647 3312 1775 13723.217 1721.788 
632 3317 1771 13716.127 1719.885 
650 3285 1787 13700.796 1716.729 
629 3285 1718 13691.104 1721.887 
651 3276 1783 13716.476 1721.292 
715 3213 1771 13686.436 1716.431 
675 3269 1756 13714.491 1720.553 
612 3327 1734 13696.754 1716.664 
663 3272 1782 13709.385 1718.185 
726 3186 1779 13683.339 1716.012 
657 3274 1793 13707.873 1718.233 
653 3269 1781 13712.611 1720.553 
632 3317 1770 13716.547 1719.911 
646 3308 1738 13711.326 1721.862 
684 3229 1754 13694.228 1718.46 
620 3325 1737 13701.498 1718.691 
631 3283 1720 13691.53 1721.973 
657 3264 1793 13706.787 1718.701 
681 3249 1789 13709.642 1718.894 
668 3258 1781 13692.586 1715.677 
676 3268 1756 13713.96 1720.407 
696 3231 1766 13697.953 1717.717 
663 3285 1777 13721.028 1719.938 
661 3270 1790 13708.885 1718.596 
680 3257 1783 13706.588 1720.054 
647 3308 1739 13711.281 1721.854 
657 3262 1791 13711.18 1720.415 
679 3263 1776 13710.114 1717.242 
637 3319 1754 13714.351 1721.284 
668 3272 1739 13701.894 1720.633 
684 3227 1768 13697.303 1717.096 
660 3260 1807 13707.209 1718.643 
670 3265 1758 13711.931 1720.249 
680 3220 1805 13692.125 1715.833 
658 3286 1774 13713.906 1718.558 
659 3279 1780 13713.944 1719.367 
680 3255 1765 13709.035 1718.28 
651 3265 1786 13698.487 1720.312 
674 3260 1779 13700.724 1718.607 
686 3250 1762 13699.787 1716.859 
668 3258 1780 13693.115 1715.744 
658 3261 1792 13711.045 1720.404 
661 3288 1746 13714.779 1721.492 
695 3232 1766 13697.968 1717.718 
673 3258 1759 13704.697 1719.43 
661 3259 1808 13707.108 1718.518 
683 3246 1757 13693.409 1716.977 
672 3268 1771 13712.455 1718.935 
652 3281 1791 13717.72 1720.188 
663 3251 1814 13701.373 1719.85 
658 3262 1778 13706.517 1720.176 
678 3265 1754 13710.006 1718.979 
659 3260 1793 13711.08 1720.409 
679 3221 1805 13692.054 1715.821 
719 3210 1773 13685.332 1716.674 
663 3260 1792 13710.099 1720.713 
653 3265 1782 13699.747 1718.941 
677 3262 1756 13706.801 1719.962 
678 3265 1774 13710.621 1717.38 
655 3266 1777 13709.636 1721.007 
685 3227 1791 13690.584 1716.51 
730 3171 1777 13670.784 1716.282 
676 3270 1764 13706.645 1718.936 
672 3264 1772 13710.24 1720.269 
669 3262 1772 13707.29 1720.495 
666 3269 1769 13702.729 1718.281 
682 3235 1762 13697.151 1717.424 
721 3197 1781 13681.352 1714.049 
665 3270 1768 13714.168 1721.043 
677 3260 1759 13705.5 1719.23 
653 3304 1775 13722.44 1721.779 
678 3258 1759 13704.721 1719.137 
688 3234 1765 13695.754 1716.403 
