162 668 426 14008.851 1771.339 
189 620 448 13915.97 1751.944 
171 644 419 13943.079 1764.337 
158 691 436 14075.641 1770.162 
192 611 441 13896.764 1745.795 
141 700 408 14021.527 1772.413 
162 675 425 13985.67 1764.839 
199 607 445 13894.229 1742.618 
195 618 439 13920.261 1753.094 
182 639 429 13954.822 1758.597 
165 663 427 13951.332 1759.909 
168 655 421 13959.53 1763.593 
149 671 439 13939.245 1756.756 
153 693 431 14053.602 1767.509 
151 704 430 14076.634 1772.087 
170 662 420 13978.041 1760.752 
188 630 439 13953.675 1758.24 
165 661 431 13949.906 1759.864 
109 715 390 13945.568 1756.77 
115 713 381 13931.994 1753.491 
172 643 425 13918.454 1751.501 
170 657 413 13982.304 1756.077 
161 677 427 14013.557 1764.122 
119 711 389 13986.982 1761.819 
161 669 426 14009.498 1771.152 
167 666 422 13962.412 1757.798 
150 705 431 14078.183 1772.158 
177 653 424 13933.133 1756.455 
152 695 431 14056.568 1767.826 
106 717 393 13953.141 1757.3 
101 721 376 13924.622 1752.5 
156 677 423 14027.777 1773.708 
162 670 427 14010.311 1761.427 
109 717 382 13933.237 1752.165 
169 641 426 13907.966 1750.259 
124 712 408 13986.682 1755.376 
153 688 423 14031.539 1773.118 
158 692 435 14078.453 1771.048 
165 662 428 13946.523 1759.168 
151 691 403 14010.673 1772.824 
196 617 440 13921.868 1753.385 
159 673 427 14031.987 1775.022 
157 674 425 14014.056 1771.134 
177 635 434 13922.929 1752.104 
161 668 427 14004.637 1770.231 
171 660 423 13965.105 1758.42 
140 702 408 14023.158 1772.237 
164 676 429 13994.469 1763.93 
160 680 438 14006.561 1763.545 
