982 4495 2569 13702.25 1717.179 
963 4527 2572 13695.767 1715.231 
956 4534 2563 13700.526 1716.177 
1030 4456 2620 13709.297 1716.162 
1025 4468 2614 13715.044 1717.349 
1013 4470 2633 13708.375 1716.785 
962 4526 2558 13696.219 1715.189 
959 4542 2554 13706.16 1717.469 
1030 4451 2618 13710.788 1716.698 
969 4525 2568 13704.369 1716.589 
975 4522 2544 13706.411 1717.185 
986 4493 2574 13702.094 1716.116 
958 4534 2557 13696.227 1715.532 
1021 4480 2615 13716.064 1717.896 
1018 4466 2625 13705.685 1716.233 
1019 4475 2603 13715.183 1717.969 
977 4500 2583 13698.54 1716.301 
1010 4490 2607 13709.137 1716.711 
1014 4465 2639 13708.648 1716.015 
987 4493 2553 13693.012 1714.725 
955 4534 2557 13699.042 1716.371 
980 4496 2591 13701.236 1718.404 
1033 4452 2619 13707.464 1716.277 
1012 4485 2599 13705.253 1716.401 
1015 4462 2636 13705.998 1715.992 
982 4498 2590 13701.474 1716.659 
1029 4459 2626 13709.673 1716.38 
960 4530 2578 13703.534 1716.822 
967 4523 2559 13707.11 1717.84 
980 4496 2590 13701.243 1718.405 
972 4519 2575 13702.07 1716.374 
1013 4472 2644 13710.382 1716.566 
1030 4458 2628 13707.531 1716.916 
1033 4456 2599 13705.766 1715.885 
961 4535 2549 13703.026 1716.663 
984 4512 2576 13711.323 1716.939 
1025 4457 2638 13710.389 1716.775 
976 4499 2578 13696.309 1717.346 
1042 4447 2629 13715.743 1716.768 
1022 4479 2616 13716.425 1717.925 
1036 4452 2628 13706.997 1715.93 
985 4497 2569 13700.886 1718.18 
1028 4463 2635 13716.571 1717.973 
984 4495 2583 13696.727 1716.242 
970 4522 2565 13706.896 1717.065 
1037 4449 2613 13703.086 1716.405 
965 4511 2585 13703.89 1717.117 
981 4518 2577 13708.912 1718.024 
1022 4482 2624 13716.289 1717.802 
1013 4483 2604 13703.357 1716.068 
1004 4492 2606 13708.643 1717.163 
1041 4447 2635 13714.137 1716.527 
963 4517 2585 13703.596 1716.95 
1010 4486 2638 13714.374 1717.458 
1028 4466 2624 13717.446 1717.358 
1021 4478 2619 13717.036 1717.74 
1031 4453 2616 13701.902 1715.142 
1011 4488 2634 13718.238 1718.112 
