436 2011 1178 13863.66 1737.755 
448 2025 1151 13878.028 1739.011 
444 2034 1149 13872.907 1737.16 
454 1997 1157 13870.043 1740.633 
454 2001 1182 13868.056 1735.935 
423 2042 1144 13865.691 1736.523 
456 2008 1179 13887.676 1739.093 
471 1964 1170 13848.779 1733.059 
438 2026 1154 13861.245 1737.35 
449 2019 1158 13867.125 1738.204 
453 2007 1171 13875.431 1739.661 
440 2026 1160 13877.026 1737.207 
459 1983 1182 13870.598 1739.586 
458 2002 1158 13873.591 1739.433 
471 1979 1169 13864.731 1736.925 
452 2008 1171 13875.432 1739.661 
467 1998 1188 13889.54 1739.39 
441 2025 1167 13884.226 1740.53 
453 2022 1148 13885.196 1741.496 
458 2003 1134 13862.213 1736.949 
455 2011 1155 13863.722 1734.694 
429 2034 1131 13873.572 1739.938 
443 2023 1164 13875.763 1739.565 
449 2018 1154 13872.144 1739.236 
472 1959 1161 13848.637 1735.997 
457 1999 1162 13859.961 1737.96 
456 2008 1178 13887.841 1739.018 
431 2035 1134 13867.92 1739.994 
436 2040 1152 13875.044 1738.559 
460 2003 1162 13866.854 1736.73 
484 1949 1143 13816.38 1729.154 
478 1963 1166 13843.713 1733.615 
449 2015 1162 13863.024 1735.561 
464 2001 1175 13865.817 1736.662 
443 2027 1141 13865.326 1737.869 
436 2027 1159 13880.402 1739.972 
446 2026 1147 13883.005 1741.782 
454 2014 1170 13883.055 1740.198 
433 2029 1127 13865.467 1739.112 
447 2017 1173 13881.917 1739.526 
470 1989 1169 13881.033 1738.324 
449 2013 1166 13879.978 1740.935 
455 1999 1159 13871.591 1739.329 
468 1988 1164 13876.125 1738.64 
453 2007 1172 13875.154 1739.609 
