695 3289 1820 13765.772 1722.231 
652 3297 1767 13731.725 1719.881 
736 3251 1846 13783.681 1725.923 
739 3249 1854 13775.659 1725.425 
751 3253 1833 13786.419 1725.402 
759 3229 1859 13783.285 1726.335 
741 3248 1861 13783.966 1724.929 
720 3283 1847 13785.536 1726.786 
742 3253 1849 13781.655 1725.273 
742 3261 1809 13778.537 1724.013 
750 3254 1834 13786.555 1725.372 
741 3257 1845 13782.132 1725.436 
742 3255 1827 13780.064 1726.237 
729 3276 1831 13783.67 1725.895 
656 3297 1759 13732.837 1720.733 
753 3252 1835 13787.052 1725.585 
761 3213 1862 13771.494 1725.245 
733 3265 1850 13791.044 1726.193 
724 3250 1860 13774.037 1723.868 
718 3279 1837 13784.798 1727.17 
724 3275 1842 13786.878 1726.682 
737 3249 1858 13778.975 1725.915 
735 3258 1848 13783.597 1726.365 
735 3262 1844 13784.571 1725.894 
723 3277 1842 13787.582 1726.775 
712 3280 1833 13780.457 1727.65 
757 3245 1842 13786.067 1726.561 
740 3268 1844 13787.771 1725.07 
750 3258 1831 13786.514 1725.798 
717 3275 1854 13776.326 1723.892 
737 3248 1861 13779.617 1725.027 
734 3273 1858 13789.856 1727.052 
757 3236 1858 13781.083 1725.853 
758 3237 1851 13779.238 1723.671 
723 3252 1859 13773.73 1723.761 
754 3244 1849 13785.117 1725.56 
759 3236 1852 13779.379 1723.692 
735 3254 1855 13785.308 1725.942 
723 3273 1848 13785.898 1727.82 
738 3247 1850 13785.278 1726.865 
746 3246 1855 13779.853 1725.993 
742 3237 1877 13781.074 1724.859 
746 3254 1841 13785.297 1725.904 
744 3256 1840 13775.709 1724.174 
741 3268 1835 13786.236 1725.096 
749 3253 1836 13782.88 1724.932 
719 3274 1849 13784.823 1726.134 
729 3271 1834 13788.857 1727.75 
724 3277 1823 13781.9 1725.621 
736 3262 1855 13780.318 1725.595 
738 3249 1846 13778.428 1726.047 
725 3279 1828 13779.486 1725.538 
750 3243 1860 13786.254 1725.616 
737 3249 1842 13779.039 1726.2 
752 3233 1862 13774.902 1725.585 
729 3275 1845 13783.672 1726.712 
734 3266 1838 13788.139 1727.664 
762 3212 1850 13769.225 1724.252 
653 3300 1758 13730.873 1720.517 
741 3238 1876 13780.654 1724.799 
751 3231 1863 13765.422 1723.721 
759 3215 1860 13771.056 1725.167 
737 3249 1860 13779.652 1724.943 
717 3288 1841 13790.105 1726.938 
743 3255 1830 13788.296 1725.462 
759 3229 1858 13783.296 1726.337 
742 3243 1867 13780.794 1725.343 
740 3255 1834 13782.375 1726.781 
738 3253 1854 13783.724 1725.681 
734 3249 1862 13780.691 1724.421 
745 3241 1856 13784.174 1727.181 
678 3295 1794 13747.542 1721.889 
727 3273 1836 13789.521 1727.574 
652 3296 1764 13731.527 1720.631 
649 3301 1757 13729.181 1720.271 
736 3264 1824 13777.262 1726.167 
656 3298 1761 13732.443 1719.081 
