214 676 478 14218.018 1795.35 
206 685 480 14230.866 1799.336 
210 684 455 14192.456 1793.948 
196 709 461 14271.351 1801.927 
216 675 465 14216.112 1794.926 
197 700 468 14267.22 1799.282 
153 724 438 14143.963 1780.073 
200 695 474 14266.614 1800.994 
218 671 463 14186.6 1790.743 
209 691 474 14253.042 1801.844 
210 683 464 14223.811 1795.745 
189 706 462 14215.76 1790.989 
197 702 466 14268.874 1800.976 
197 705 460 14249.101 1797.17 
198 702 460 14251.956 1798.518 
217 671 465 14192.729 1791.414 
163 722 450 14187.73 1782.381 
207 682 480 14230.055 1798.222 
214 677 466 14213.089 1794.139 
203 689 479 14229.001 1797.419 
205 692 467 14266.022 1801.349 
211 680 468 14205.52 1794.657 
197 704 466 14267.35 1800.701 
211 680 465 14214.945 1792.667 
165 712 456 14189.438 1780.502 
202 687 475 14245.21 1799.536 
217 668 464 14196.8 1791.81 
203 688 478 14242.477 1798.006 
213 673 468 14219.547 1794.681 
209 679 479 14230.586 1798.012 
163 722 442 14206.354 1786.703 
215 674 466 14176.813 1792.291 
210 679 480 14231.783 1797.877 
198 700 464 14258.671 1801.405 
197 697 470 14261.483 1800.635 
197 703 461 14262.642 1800.773 
209 681 475 14212.425 1795.486 
219 670 464 14186.078 1790.67 
211 682 463 14208.703 1794.945 
200 699 471 14265.787 1800.536 
215 671 469 14200.324 1791.269 
157 722 452 14138.978 1778.257 
167 711 460 14176.374 1782.542 
200 701 464 14267.336 1800.991 
200 693 478 14227.455 1798.9 
201 697 477 14262.311 1799.63 
207 683 478 14236.904 1797.915 
203 696 469 14266.301 1800.421 
202 687 478 14234.399 1798.2 
195 699 465 14255.832 1801.461 
166 715 453 14186.812 1781.587 
157 721 451 14140.117 1777.923 
208 682 477 14220.622 1796.517 
202 699 466 14273.149 1801.227 
209 680 475 14213.506 1794.856 
167 710 460 14176.92 1782.568 
195 699 472 14253.678 1799.627 
201 698 469 14249.001 1799.554 
209 681 477 14212.868 1795.206 
165 712 455 14189.585 1780.519 
209 686 471 14264.216 1803.261 
210 679 478 14230.93 1798.024 
202 699 465 14275.536 1800.735 
158 720 453 14139.651 1778.087 
153 724 437 14144.018 1780.075 
220 669 469 14196.648 1792.048 
202 695 479 14252.075 1797.66 
166 719 443 14182.772 1783.101 
205 689 480 14237.851 1797.134 
202 688 482 14229.323 1799.759 
196 700 463 14251.978 1801.913 
202 699 465 14275.236 1801.008 
207 691 469 14271.846 1801.683 
200 689 480 14240.799 1798.677 
207 690 477 14268.417 1799.211 
165 721 444 14209.898 1786.76 
