1021 4273 2467 13589.02 1701.707 
926 4475 2475 13665.037 1711.805 
935 4461 2528 13662.691 1709.213 
806 4534 2411 13596.887 1697.547 
759 4578 2373 13593.085 1699.134 
918 4480 2509 13671.383 1711.486 
766 4575 2367 13593.985 1697.975 
1000 4265 2495 13574.491 1700.765 
764 4578 2371 13593.931 1698.516 
885 4487 2436 13627.548 1706.77 
863 4511 2421 13624.473 1706.486 
825 4526 2380 13603.458 1700.935 
857 4517 2415 13626.797 1707.142 
867 4506 2416 13621.946 1705.756 
786 4568 2396 13605.639 1701.711 
919 4466 2503 13666.671 1710.539 
969 4370 2465 13616.512 1704.729 
977 4332 2493 13606.859 1703.013 
952 4381 2497 13618.075 1704.551 
954 4364 2487 13611.81 1703.429 
940 4430 2506 13653.533 1709.861 
943 4406 2502 13643.78 1708.317 
942 4448 2500 13668.215 1710.948 
799 4563 2383 13608.6 1700.282 
967 4342 2487 13604.999 1703.93 
952 4398 2481 13636.904 1707.59 
792 4573 2391 13610.34 1703.157 
932 4463 2516 13660.255 1709.539 
861 4508 2422 13621.266 1706.873 
790 4545 2411 13601.097 1698.681 
957 4369 2471 13616.616 1705.082 
1019 4275 2462 13585.693 1701.018 
982 4326 2427 13587.693 1701.472 
878 4489 2454 13640.67 1707.165 
956 4392 2471 13630.588 1707.316 
949 4417 2480 13648.976 1708.971 
803 4535 2407 13600.007 1699.492 
874 4490 2450 13647.895 1707.26 
932 4447 2513 13655.623 1711.215 
927 4477 2500 13664.603 1710.084 
958 4358 2475 13607.54 1705.611 
988 4287 2496 13578.281 1701.597 
936 4442 2503 13656.313 1710.801 
871 4503 2433 13630.215 1707.811 
820 4553 2368 13605.808 1700.566 
793 4559 2402 13602.289 1700.5 
1001 4306 2459 13592.4 1702.081 
998 4270 2494 13575.109 1700.827 
934 4457 2490 13664.125 1711.41 
811 4519 2397 13597.057 1699.732 
993 4317 2478 13598.238 1704.339 
816 4524 2393 13604.515 1700.663 
882 4491 2446 13634.216 1708.116 
951 4415 2482 13649.246 1708.976 
1009 4290 2476 13590.533 1702.842 
879 4499 2445 13647.135 1707.523 
798 4548 2385 13598.727 1699.17 
983 4324 2429 13587.651 1701.449 
961 4345 2487 13603.263 1704.662 
947 4421 2498 13645.733 1707.905 
823 4524 2386 13601.785 1700.474 
804 4534 2402 13596.738 1698.987 
990 4300 2485 13589.063 1702.205 
959 4366 2469 13602.424 1702.453 
996 4272 2501 13580.226 1701.505 
881 4492 2444 13633.854 1708.022 
967 4344 2481 13608.805 1703.563 
1009 4303 2462 13594.091 1702.689 
956 4355 2474 13610.426 1702.72 
805 4537 2397 13597.945 1699.794 
1014 4298 2465 13595.202 1702.34 
799 4531 2410 13597.774 1698.115 
944 4420 2481 13640.348 1709.098 
939 4434 2518 13652.564 1709.249 
1018 4277 2473 13589.949 1701.695 
804 4525 2409 13595.844 1699.955 
798 4542 2371 13594.763 1700.888 
1002 4272 2491 13583.405 1701.95 
862 4513 2429 13627.131 1706.752 
987 4320 2445 13586.957 1702.127 
940 4444 2504 13657.74 1709.178 
870 4491 2457 13647.642 1707.747 
942 4411 2507 13647.887 1709.28 
763 4575 2374 13592.437 1698.492 
993 4283 2502 13579.636 1701.662 
947 4387 2524 13629.7 1706.97 
762 4576 2373 13592.149 1698.448 
881 4492 2445 13633.839 1708.115 
803 4543 2395 13603.489 1699.511 
819 4527 2380 13604.037 1701.008 
971 4364 2482 13607.473 1704.411 
935 4435 2514 13661.717 1709.438 
939 4435 2504 13655.453 1709.463 
858 4516 2415 13626.912 1707.167 
1015 4295 2476 13595.384 1702.717 
946 4405 2493 13645.272 1709.117 
934 4444 2502 13652.496 1709.464 
946 4388 2523 13629.656 1706.961 
