593 3350 1690 13691.88 1710.62 
719 3225 1846 13738.137 1726.351 
621 3318 1673 13679.783 1711.896 
611 3305 1728 13682.982 1709.475 
718 3193 1891 13715.273 1721.105 
592 3335 1718 13694.109 1711.28 
763 3123 1862 13686.911 1717.333 
723 3223 1813 13723.889 1720.709 
694 3255 1822 13740.458 1724.451 
657 3266 1714 13683.52 1713.595 
623 3272 1768 13686.314 1714.414 
736 3193 1860 13731.547 1722.76 
601 3328 1710 13683.668 1709.964 
730 3220 1833 13730.404 1723.023 
616 3346 1695 13704.501 1715.049 
650 3279 1730 13698.682 1716.128 
697 3249 1831 13735.169 1724.416 
597 3347 1691 13693.365 1710.59 
647 3262 1739 13680.416 1713.774 
642 3288 1718 13702.318 1714.217 
640 3263 1735 13674.318 1710.041 
738 3181 1833 13710.589 1718.56 
752 3133 1853 13691.113 1718.123 
628 3275 1757 13687.655 1711.656 
609 3316 1706 13688.788 1711.988 
710 3235 1854 13742.641 1725.366 
625 3277 1752 13686.228 1711.429 
625 3310 1703 13678.492 1710.684 
720 3216 1866 13737.527 1724.761 
702 3256 1847 13743.594 1723.758 
727 3201 1838 13718.114 1721.132 
726 3191 1862 13709.201 1719.852 
719 3192 1891 13715.433 1721.11 
617 3314 1699 13687.247 1713.445 
629 3297 1720 13684.986 1714.769 
751 3150 1843 13704.651 1717.19 
623 3294 1723 13689.844 1711.268 
747 3169 1862 13717.39 1722.056 
637 3282 1736 13677.572 1710.804 
721 3229 1856 13740.095 1725.807 
615 3292 1736 13681.534 1711.366 
731 3196 1837 13721.588 1721.552 
641 3302 1715 13695.386 1715.619 
717 3221 1868 13740.214 1724.728 
649 3288 1714 13697.083 1715.982 
626 3290 1716 13684.382 1714.847 
712 3244 1837 13739.018 1723.805 
623 3273 1765 13683.453 1711.844 
740 3173 1864 13719.346 1721.295 
655 3270 1732 13696.161 1716.413 
751 3151 1841 13705.233 1717.242 
607 3316 1712 13682.325 1710.894 
655 3275 1727 13697.896 1715.279 
726 3200 1837 13722.567 1721.967 
654 3271 1733 13694.516 1715.346 
739 3170 1839 13710.409 1721.662 
731 3194 1855 13708.622 1720.163 
727 3195 1848 13723.217 1721.101 
719 3219 1864 13741.971 1724.98 
711 3230 1852 13741.658 1723.384 
724 3219 1865 13740.459 1724.869 
617 3314 1711 13694.334 1711.063 
730 3197 1837 13721.586 1721.553 
635 3264 1737 13676.093 1711.455 
743 3178 1866 13720.01 1720.948 
626 3303 1712 13694.642 1715.632 
636 3287 1732 13690.008 1711.921 
748 3167 1857 13716.398 1721.709 
617 3316 1704 13682.787 1714.695 
737 3180 1842 13717.917 1720.679 
744 3159 1870 13715.351 1721.758 
637 3287 1733 13690.775 1711.91 
593 3334 1719 13694.19 1711.285 
633 3284 1724 13678.447 1713.611 
737 3181 1838 13713.439 1720.299 
742 3169 1872 13714.305 1721.247 
724 3184 1883 13710.001 1721.343 
594 3333 1714 13692.161 1709.811 
645 3275 1734 13691.153 1713.48 
713 3230 1863 13736.074 1726.02 
709 3246 1860 13752.004 1725.912 
605 3281 1739 13672.108 1711.328 
626 3292 1731 13686.18 1710.735 
744 3177 1868 13720.794 1721.045 
725 3187 1882 13717.156 1722.489 
621 3312 1721 13686.145 1714.433 
750 3177 1861 13720.509 1721.406 
