1092 4892 2658 13539.536 1697.337 
1083 4901 2631 13531.052 1695.937 
890 5245 2597 13601.014 1704.074 
1049 4965 2771 13568.611 1698.13 
885 5254 2601 13605.983 1704.265 
1004 5111 2715 13641.289 1709.222 
1084 4901 2630 13532.463 1695.321 
991 5112 2705 13638.424 1709.455 
907 5215 2689 13614.283 1705.488 
1010 4988 2739 13560.949 1697.845 
1025 5039 2735 13610.797 1705.047 
1073 4917 2641 13541.202 1696.679 
1011 5097 2716 13638.315 1709.056 
909 5186 2635 13588.646 1702.579 
1050 4953 2766 13566.651 1697.575 
1023 5050 2723 13616.964 1704.882 
926 5197 2623 13595.8 1703.494 
930 5184 2643 13602.101 1704.301 
963 5121 2682 13619.549 1705.71 
967 5114 2682 13619.657 1704.987 
1016 5068 2716 13629.535 1708.357 
1024 4988 2748 13564.324 1697.713 
954 5138 2656 13584.019 1699.402 
1008 5082 2719 13628.18 1707.485 
894 5234 2619 13596.284 1702.386 
1013 5075 2717 13626.813 1707.202 
1035 4985 2747 13578.895 1700.124 
1008 5012 2744 13570.899 1698.636 
899 5225 2632 13599.705 1702.921 
1066 4916 2651 13531.558 1695.93 
961 5131 2669 13593.839 1701.142 
1019 5061 2731 13625.498 1706.435 
1061 4923 2650 13534.366 1696.415 
937 5154 2662 13593.836 1700.96 
895 5234 2602 13598.692 1703.527 
893 5237 2607 13603.132 1702.965 
938 5168 2658 13596.477 1701.222 
979 5120 2674 13628.206 1707.412 
890 5229 2651 13603.856 1703.864 
1025 5066 2718 13631.239 1706.43 
944 5126 2681 13587.312 1700.517 
1044 4964 2751 13574.435 1699.656 
1043 4970 2758 13565.169 1698.29 
950 5135 2673 13593.801 1701.824 
1090 4894 2654 13535.937 1697.074 
980 5118 2674 13628.102 1707.421 
898 5220 2663 13604.441 1704.176 
1042 4972 2740 13569.925 1699.827 
1049 4970 2739 13575.233 1698.879 
1009 5011 2746 13570.927 1698.633 
1078 4899 2653 13533.121 1696.473 
941 5147 2650 13586.172 1702.484 
892 5233 2601 13601.672 1703.194 
948 5147 2666 13597.151 1701.351 
1016 5071 2725 13630.704 1706.405 
944 5128 2677 13586.493 1700.606 
1058 4959 2764 13572.558 1699.398 
1081 4903 2645 13538.86 1697.383 
950 5142 2665 13592.951 1700.642 
1040 4984 2756 13570.062 1698.915 
894 5226 2609 13600.779 1703.102 
1051 4968 2763 13570.211 1698.116 
953 5136 2675 13596.919 1701.754 
1036 4978 2761 13570.462 1699.156 
1037 4980 2732 13569.468 1699.292 
1073 4910 2636 13537.881 1697.171 
950 5148 2661 13593.164 1700.321 
952 5163 2648 13604.055 1703.171 
1028 4973 2750 13566.708 1699.482 
1026 4986 2714 13573.832 1701.174 
1076 4909 2643 13537.578 1696.966 
1079 4907 2650 13540.832 1697.088 
1072 4917 2646 13535.104 1695.989 
1034 4985 2757 13572.281 1698.933 
947 5141 2670 13593.742 1701.236 
1083 4901 2630 13531.056 1695.937 
1075 4909 2647 13536.348 1696.661 
947 5159 2663 13597.127 1700.66 
1017 5085 2716 13626.116 1706.28 
1022 5061 2724 13627.713 1707.218 
1046 4958 2745 13573.312 1699.341 
1048 4974 2746 13571.455 1699.248 
1060 4962 2732 13569.989 1698.593 
1071 4912 2643 13535.48 1696.759 
1070 4919 2645 13535.256 1695.96 
1020 5063 2719 13616.071 1705.033 
949 5147 2657 13593.171 1700.421 
1019 5064 2719 13615.829 1704.981 
1051 4961 2763 13571.034 1699.06 
1061 4921 2632 13539.532 1697.182 
1017 5070 2725 13630.734 1706.409 
