944 5207 2682 13631.705 1708.562 
997 5147 2759 13652.767 1712.588 
999 5151 2767 13656.688 1712.318 
1132 4798 2857 13541.752 1694.128 
1114 4805 2859 13534.279 1692.493 
1117 4805 2853 13533.825 1692.079 
1094 4943 2741 13580.361 1702.383 
1087 4874 2798 13560.549 1697.861 
1118 4827 2832 13550.178 1697.175 
1088 4971 2748 13595.922 1703.624 
1091 4957 2760 13591.61 1702.983 
1083 4980 2765 13601.283 1705.766 
1127 4802 2846 13541.96 1694.267 
1093 4858 2811 13539.887 1693.934 
952 5199 2693 13636.088 1708.965 
1007 5139 2765 13651.193 1710.895 
1106 4841 2806 13539.924 1694.053 
1012 5118 2726 13637.166 1712.028 
1068 4914 2784 13555.502 1696.786 
960 5185 2686 13637.691 1709.858 
1039 5091 2755 13631.576 1707.675 
946 5204 2708 13634.676 1709.24 
951 5190 2698 13635.184 1709.105 
1070 5016 2768 13620.187 1707.116 
1059 5062 2769 13626.115 1706.756 
1082 4991 2773 13605.252 1705.282 
1055 5081 2776 13639.393 1708.445 
1003 5152 2735 13646.994 1710.898 
969 5163 2739 13646.269 1710.373 
991 5175 2719 13653.523 1708.641 
1102 4841 2779 13536.57 1694.527 
1085 5008 2772 13613.979 1705.246 
1116 4809 2852 13540.014 1693.267 
1003 5157 2725 13644.742 1711.958 
1095 4850 2821 13543.961 1695.249 
1057 5074 2761 13641.163 1711.311 
1070 4899 2789 13551.139 1696.023 
956 5186 2704 13628.779 1708.781 
1125 4834 2848 13552.526 1695.748 
1075 5044 2745 13623.725 1707.969 
1046 5082 2762 13637.46 1708.449 
1068 4884 2792 13547.362 1695.474 
1081 4866 2802 13550.849 1696.277 
981 5172 2699 13640.762 1710.016 
1096 4857 2821 13540.864 1694.094 
1087 5003 2762 13609.672 1704.558 
1112 4835 2801 13537.951 1692.641 
1061 5053 2757 13626.717 1707.345 
1032 5096 2741 13638.138 1711.754 
1093 4852 2796 13546.347 1695.962 
1079 5015 2760 13611.525 1704.281 
1114 4811 2849 13534.765 1692.518 
971 5183 2703 13642.125 1710.603 
1068 5015 2774 13615.902 1705.536 
1015 5130 2762 13646.378 1710.91 
1091 4856 2819 13544.296 1695.522 
1122 4801 2850 13536.494 1692.591 
1069 4902 2789 13552.259 1696.22 
1020 5127 2752 13638.087 1707.01 
1013 5113 2716 13633.728 1712.274 
1066 5032 2777 13621.966 1707.025 
1068 5044 2762 13623.413 1706.377 
1036 5105 2748 13635.942 1709.947 
976 5177 2714 13637.222 1708.198 
960 5183 2707 13639.941 1709.805 
1019 5100 2779 13633.495 1709.434 
1062 5031 2777 13630.457 1708.922 
1026 5106 2764 13640.677 1709.69 
984 5158 2735 13640.655 1710.767 
1060 5038 2747 13624.56 1708.267 
1030 5123 2754 13643.105 1710.219 
990 5176 2718 13653.144 1708.58 
1126 4809 2820 13537.092 1692.66 
1027 5121 2747 13642.517 1711.385 
1019 5105 2752 13637.188 1710.67 
1063 5035 2767 13623.792 1706.544 
996 5165 2714 13652.451 1709.655 
1058 5052 2758 13627.812 1707.904 
996 5153 2738 13651.436 1710.744 
975 5167 2714 13642.494 1710.412 
1078 4879 2787 13549.725 1695.626 
1013 5153 2736 13643.316 1707.692 
1099 4856 2786 13548.201 1695.585 
1082 4996 2764 13607.82 1705.507 
1082 4880 2781 13548.559 1696.816 
1014 5124 2759 13652.249 1711.743 
1083 4868 2800 13547.907 1695.49 
1080 4995 2781 13610.624 1705.679 
1060 5049 2763 13630.307 1707.919 
1097 4835 2791 13536.738 1694.244 
998 5146 2759 13652.706 1712.578 
1031 5083 2762 13630.423 1708.772 
1077 5015 2765 13614.066 1705.642 
1078 5009 2769 13610.895 1705.658 
982 5165 2719 13640.637 1712.279 
1082 4998 2763 13608.951 1705.658 
