129 745 389 14092.061 1770.814 
192 682 479 14204.075 1791.283 
238 583 465 14002.776 1761.397 
204 653 487 14102.829 1772.27 
228 597 448 13949.724 1745.4 
231 596 447 13961.665 1752.426 
189 683 471 14174.874 1788.331 
229 596 449 13971.407 1749.134 
158 702 409 14044.336 1768.032 
146 702 428 14014.54 1763.762 
229 608 439 13996.019 1756.727 
170 698 461 14158.429 1788.873 
184 694 463 14167.402 1784.023 
140 738 414 14113.047 1777.044 
217 637 481 14125.369 1778.19 
143 732 420 14112.536 1776.76 
209 647 475 14134.375 1782.164 
213 639 473 14100.26 1778.889 
146 725 393 14054.112 1770.994 
224 603 456 14006.265 1764.535 
177 691 461 14153.217 1785.752 
148 714 411 14066.736 1775.494 
207 659 483 14153.788 1781.037 
156 708 402 14059.277 1769.36 
210 643 473 14086.552 1772.042 
152 711 413 14081.444 1773.411 
228 615 440 14019.606 1756.316 
193 675 462 14137.501 1786.978 
232 592 457 14012.011 1760.757 
202 654 485 14102.726 1772.631 
220 633 473 14103.338 1781.518 
144 724 415 14072.075 1771.621 
225 622 443 14045.328 1766.777 
148 704 418 14038.028 1765.725 
154 709 413 14058.415 1769.667 
151 714 408 14083.926 1776.517 
224 626 448 14047.553 1762.504 
135 743 403 14129.79 1777.004 
187 688 464 14156.75 1784.592 
152 720 405 14093.821 1767.967 
226 600 458 14005.159 1758.194 
229 601 447 13988.435 1748.959 
149 702 421 14027.512 1767.332 
196 668 484 14134.583 1780.458 
171 697 461 14158.639 1788.904 
150 700 420 14018.39 1764.663 
230 607 440 13996.524 1756.817 
225 613 445 13992.918 1754.946 
229 596 448 13985.777 1760.381 
236 586 464 14014.111 1760.217 
145 727 406 14083.451 1772.189 
228 611 446 14020.104 1762.497 
204 668 470 14154.612 1783.373 
186 689 467 14165.319 1787.548 
194 673 472 14147.534 1788.657 
148 722 400 14053.534 1766.955 
195 673 473 14145.614 1786.247 
154 706 410 14052.332 1770.678 
141 739 402 14101.682 1775.115 
185 685 469 14163.409 1786.886 
224 614 452 14004.493 1756.555 
175 691 462 14142.274 1785.687 
172 695 466 14165.111 1785.52 
145 711 424 14039.246 1762.984 
201 660 473 14134.685 1782.416 
230 595 459 14015.104 1763.283 
213 651 472 14150.756 1784.187 
144 714 417 14036.465 1763.702 
144 704 417 14040.023 1768.601 
149 719 410 14091.364 1776.657 
217 637 473 14105.019 1780.969 
157 699 416 14049.66 1767.242 
227 612 449 14002.028 1758.697 
201 665 463 14141.593 1785.426 
233 585 468 14006.272 1758.768 
227 599 451 13986.894 1756.675 
233 586 460 13994.414 1761.773 
235 588 465 14010.11 1760.271 
136 744 407 14137.365 1776.988 
202 664 471 14141.539 1783.811 
145 703 427 14011.438 1763.289 
149 701 423 14025.591 1767.155 
148 723 396 14085.429 1770.783 
214 638 477 14103.794 1777.815 
196 666 466 14160.112 1784.322 
198 669 469 14143.027 1781.437 
219 634 472 14104.545 1781.653 
138 744 397 14093.391 1773.348 
218 635 471 14102.976 1781.21 
235 584 467 13998.003 1758.997 
140 740 402 14101.802 1775.131 
195 673 476 14163.245 1780.905 
153 703 415 14019.03 1764.345 
225 624 443 14024.785 1763.544 
