331 1364 835 14025.07 1768.235 
354 1350 865 14044.75 1763.281 
254 1438 742 13955.757 1752.866 
374 1326 842 14005.71 1759.715 
257 1431 762 13972.437 1752.373 
243 1449 754 13961.874 1756.815 
348 1365 853 14057.822 1765.621 
264 1405 793 13943.028 1753.421 
288 1417 784 13986.685 1754.037 
310 1392 825 14018.855 1762.96 
319 1387 813 14031.318 1761.831 
255 1436 760 13955.218 1756.145 
285 1417 780 14001.262 1755.695 
257 1432 749 13959.028 1753.382 
249 1444 758 13968.692 1756.388 
287 1412 786 13980.165 1754.679 
358 1344 857 14036.448 1761.25 
247 1440 763 13983.968 1756.968 
270 1402 792 13958.555 1753.774 
371 1328 856 14030.987 1762.86 
276 1422 775 13991.135 1754.931 
312 1391 821 14009.508 1763.376 
351 1361 857 14054.833 1765.121 
280 1411 772 13964.088 1757.432 
270 1408 789 13966.926 1755.767 
329 1374 845 14034.448 1767.637 
320 1388 828 14012.137 1762.505 
269 1409 787 13966.208 1755.611 
287 1419 782 13987.549 1754.242 
345 1363 854 14042.41 1766.519 
275 1415 777 13989.4 1758.624 
350 1359 861 14049.73 1762.984 
273 1416 778 13976.878 1758.748 
337 1371 840 14032.597 1765.342 
361 1349 853 14046.476 1763.348 
319 1397 816 14019.903 1760.512 
284 1419 781 14005.871 1756.405 
355 1348 863 14050.776 1763.9 
272 1426 765 13976.451 1753.187 
341 1367 849 14031.704 1766.154 
282 1420 776 13978.971 1753.698 
326 1381 840 14034.441 1766.056 
339 1369 820 14014.159 1762.392 
283 1405 775 13970.099 1758.531 
365 1340 852 14028.919 1760.662 
353 1358 849 14026.75 1764.926 
343 1364 853 14039.264 1765.646 
277 1424 773 13984.824 1757.199 
336 1364 837 14018.203 1767.271 
255 1436 770 13963.047 1755.259 
261 1429 753 13973.983 1755.544 
315 1394 819 14019.893 1760.944 
360 1351 841 14034.656 1764.361 
344 1362 855 14035.738 1764.673 
276 1418 766 13978.735 1758.444 
260 1430 752 13974.398 1755.558 
332 1378 833 14033.289 1764.565 
364 1347 856 14052.769 1763.995 
335 1368 844 14031.78 1766.646 
321 1384 834 14003.015 1757.346 
253 1443 763 13973.333 1756.809 
368 1337 836 14020.022 1759.502 
278 1423 774 13985.843 1757.377 
252 1443 765 13974.805 1756.89 
354 1354 852 14053.122 1763.039 
260 1426 767 13974.238 1753.807 
311 1388 826 14022.211 1762.142 
325 1384 822 14020.577 1763.522 
355 1353 859 14053.11 1764.112 
244 1448 755 13966.951 1756.168 
355 1347 865 14042.196 1762.865 
365 1339 850 14044.014 1764.606 
323 1386 831 14031.721 1763.482 
367 1338 835 14018.574 1759.212 
368 1334 847 14023.574 1759.286 
329 1376 834 14025.432 1762.032 
330 1365 834 14024.088 1768.151 
333 1375 833 14027.118 1764.507 
319 1389 827 14029.852 1761.19 
320 1393 820 14027.678 1761.648 
349 1351 864 14033.776 1760.3 
317 1382 836 14013.697 1763.062 
366 1338 834 14015.46 1760.026 
319 1395 817 14023.227 1760.193 
323 1383 818 14014.784 1764.923 
320 1394 815 14021.761 1760.678 
335 1365 836 14016.95 1766.974 
321 1385 824 14019.055 1763.748 
350 1352 863 14038.755 1763.427 
369 1333 848 14025.005 1759.322 
366 1334 838 14014.428 1761.023 
334 1372 848 14032.098 1764.608 
256 1435 761 13955.889 1756.202 
254 1436 755 13965.866 1755.302 
320 1387 813 14029.497 1761.511 
244 1448 754 13962.383 1756.827 
327 1385 816 14013.604 1757.222 
