1098 5218 2899 13756.486 1724.069 
1113 5219 2919 13764.753 1722.886 
1176 5005 2847 13662.589 1709.539 
1171 5005 2842 13659.151 1711.152 
1188 4998 2880 13672.124 1711.633 
1122 5201 2927 13756.7 1723.077 
1031 5290 2834 13738.281 1719.671 
1016 5316 2857 13749.274 1720.494 
1159 5057 2883 13688.575 1713.938 
1170 5016 2849 13667.136 1711.162 
1160 5045 2892 13688.996 1713.74 
1168 5003 2879 13673.956 1711.835 
1145 5091 2843 13692.866 1715.422 
1141 5126 2897 13726.38 1717.456 
1166 5049 2886 13692.633 1714.498 
1170 5003 2862 13663.364 1710.203 
1143 5116 2876 13714.956 1716.662 
1130 5161 2906 13729.899 1716.751 
1040 5285 2851 13738.302 1719.597 
1144 5090 2877 13699.621 1716.024 
1142 5109 2879 13708.034 1716.442 
1121 5206 2920 13759.298 1722.343 
1049 5276 2839 13735.053 1719.024 
1154 5076 2860 13694.652 1714.99 
1070 5260 2882 13746.233 1721.496 
1140 5127 2895 13726.576 1717.47 
1017 5315 2858 13749.357 1720.505 
1116 5204 2924 13749.384 1721.298 
1184 5001 2878 13672.383 1711.848 
1153 5065 2890 13695.813 1712.952 
1083 5243 2871 13749.503 1721.431 
1061 5256 2899 13746.033 1719.558 
1140 5136 2895 13730.568 1717.264 
1072 5238 2906 13743.619 1719.497 
1103 5222 2910 13758.593 1722.489 
1126 5166 2914 13732.012 1718.39 
1144 5090 2878 13698.936 1715.917 
1153 5077 2846 13690.912 1714.246 
1175 5005 2848 13662.632 1709.545 
1056 5257 2884 13740.436 1718.73 
1071 5271 2881 13752.441 1722.683 
1137 5140 2895 13729.786 1716.594 
1036 5280 2867 13742.033 1719.314 
1168 5005 2855 13661.4 1711.933 
1135 5151 2892 13733.992 1718.267 
1138 5149 2894 13732.06 1718.053 
1047 5281 2841 13741.186 1719.19 
1121 5208 2911 13754.845 1721.284 
1176 5004 2855 13665.104 1710.604 
1142 5114 2882 13709.99 1715.926 
1156 5072 2877 13696.57 1715.222 
1081 5257 2875 13751.823 1721.855 
1142 5109 2878 13708.053 1716.443 
1038 5278 2838 13732.053 1720.054 
1134 5156 2901 13735.696 1719.236 
1109 5212 2897 13757.793 1723.332 
1116 5210 2903 13755.513 1721.961 
1148 5068 2878 13693.029 1713.356 
1137 5150 2893 13731.595 1717.979 
1055 5258 2883 13740.454 1718.731 
1127 5171 2886 13737.046 1719.887 
1084 5249 2861 13747.315 1721.416 
1125 5178 2926 13747.397 1721.591 
1170 5008 2849 13662.162 1711.897 
1043 5274 2886 13747.763 1720.028 
1126 5185 2891 13740.529 1720.224 
1093 5228 2889 13745.247 1721.824 
1112 5209 2900 13759.076 1723.491 
1124 5190 2916 13747.528 1721.009 
1107 5212 2902 13756.042 1723.768 
1096 5247 2878 13745.896 1721.164 
1091 5226 2889 13753.681 1723.263 
1124 5196 2913 13752.573 1720.739 
1087 5228 2894 13753.787 1722.858 
1144 5114 2876 13714.584 1716.622 
1125 5195 2913 13752.507 1720.728 
1072 5275 2868 13751.073 1721.566 
1074 5254 2887 13747.265 1721.998 
1133 5176 2893 13736.931 1719.871 
1096 5240 2885 13751.153 1722.462 
1111 5210 2899 13758.655 1723.414 
1155 5073 2876 13696.332 1715.251 
1043 5283 2838 13736.731 1719.215 
1092 5242 2876 13749.977 1720.326 
1099 5235 2882 13750.631 1722.581 
1108 5211 2902 13756.138 1723.774 
1101 5223 2886 13741.348 1720.162 
1079 5243 2896 13749.211 1722.438 
1080 5242 2896 13749.208 1722.438 
1088 5234 2888 13743.046 1721.686 
