913 5258 2633 13627.668 1711.537 
1141 4898 2858 13571.828 1699.526 
1151 4894 2850 13573.709 1699.422 
955 5209 2683 13636.175 1712.305 
953 5211 2681 13638.626 1712.251 
907 5251 2636 13621.296 1708.841 
1048 5009 2758 13558.508 1698.952 
965 5196 2618 13613.655 1707.62 
1059 5006 2771 13569.505 1697.469 
1023 5063 2742 13595.237 1704.696 
1072 5000 2742 13582.38 1702.624 
1010 5099 2713 13609.759 1706.612 
1003 5083 2716 13596.701 1703.304 
948 5197 2686 13629.273 1710.23 
1073 5015 2761 13572.146 1698.04 
969 5186 2700 13632.686 1710.707 
1048 5005 2736 13577.719 1701.055 
971 5182 2625 13613.112 1708.275 
1108 4938 2820 13572.377 1700.71 
984 5180 2716 13633.208 1710.305 
967 5191 2670 13623.77 1709.231 
924 5233 2650 13626.926 1711.249 
996 5111 2664 13598.587 1706.973 
1093 4966 2788 13569.805 1698.651 
1132 4903 2840 13565.719 1698.563 
1077 4963 2791 13582.803 1700.4 
1086 5001 2784 13581.069 1699.104 
1025 5076 2734 13606.516 1705.661 
1047 5038 2747 13602.61 1704.824 
1042 5057 2760 13612.974 1706.901 
926 5240 2646 13624.982 1710.856 
993 5128 2703 13610.475 1707.904 
985 5143 2713 13617.158 1708.985 
1089 4987 2788 13588.749 1703.133 
988 5157 2712 13627.271 1710.325 
1135 4908 2827 13571.169 1699.627 
960 5211 2676 13635.739 1712.114 
1030 5058 2727 13602.964 1705.372 
908 5250 2636 13621.385 1708.836 
1063 4990 2763 13580.36 1700.948 
1053 5002 2747 13567.652 1698.794 
1043 5046 2744 13608.956 1705.43 
1090 4986 2789 13589.074 1703.164 
991 5172 2669 13629.919 1710.401 
995 5127 2671 13604.759 1707.285 
958 5202 2677 13624.127 1711.221 
1027 5069 2735 13606.43 1705.961 
1113 4920 2804 13566.307 1700.981 
966 5173 2710 13622.077 1710.536 
948 5215 2642 13622.284 1711.46 
1131 4913 2843 13571.387 1699.31 
1080 4987 2800 13571.229 1699.051 
1143 4903 2833 13568.928 1698.716 
1125 4920 2840 13568.615 1698.886 
1145 4901 2851 13574.339 1699.643 
944 5218 2660 13630.562 1711.547 
989 5132 2670 13612.065 1708.323 
1110 4934 2816 13569.369 1700.159 
1125 4937 2837 13578.119 1700.126 
939 5230 2654 13629.454 1711.681 
1030 5067 2714 13604.287 1705.002 
1122 4935 2849 13574.14 1699.106 
952 5213 2673 13636.601 1712.288 
1105 4962 2805 13577.012 1700.476 
964 5198 2623 13607.48 1707.019 
1077 5014 2770 13579.04 1698.63 
1128 4919 2842 13570.264 1699.054 
1148 4898 2848 13573.671 1699.514 
1089 4999 2794 13578.694 1699.092 
1106 4957 2856 13577.683 1699.584 
1043 5065 2724 13610.586 1706.108 
1078 5008 2762 13573.85 1698.474 
943 5228 2658 13633.179 1710.838 
1110 4954 2828 13577.857 1699.817 
1110 4934 2817 13569.349 1700.159 
946 5201 2684 13625.364 1711.604 
1063 5001 2767 13566.027 1699.234 
1093 4988 2765 13575.75 1699.731 
946 5215 2662 13629.991 1710.864 
1092 4997 2788 13580.369 1699.715 
942 5223 2647 13630.097 1712.225 
963 5199 2623 13607.274 1706.905 
1106 4961 2805 13576.964 1700.475 
942 5224 2646 13630.328 1712.276 
995 5127 2672 13604.72 1707.282 
1150 4895 2850 13574.056 1699.442 
941 5212 2682 13627.351 1710.349 
