717 3077 1775 13605.231 1700.787 
524 3387 1662 13692.52 1713.598 
708 3080 1813 13611.766 1702.522 
558 3352 1647 13688.631 1713.426 
572 3336 1693 13703.371 1713.801 
630 3242 1749 13671.048 1716.255 
615 3275 1694 13642.06 1709.277 
672 3142 1742 13612.926 1702.754 
666 3220 1780 13672.053 1716.077 
622 3266 1694 13651.839 1708.482 
694 3126 1763 13616.123 1707.664 
696 3125 1783 13629.998 1705.538 
704 3098 1802 13609.313 1701.868 
556 3344 1713 13691.543 1711.178 
649 3245 1757 13676.786 1715.755 
699 3122 1787 13633.168 1704.671 
591 3307 1698 13685.847 1711.768 
605 3291 1730 13668.854 1713.242 
574 3318 1706 13683.882 1713.846 
627 3248 1734 13664.86 1715.573 
607 3266 1730 13656.687 1713.097 
601 3283 1741 13663.133 1712.763 
682 3135 1767 13626.353 1705.021 
699 3113 1807 13621.204 1703.379 
695 3129 1766 13635.031 1703.658 
706 3111 1794 13633.977 1705.296 
637 3242 1776 13678.046 1714.162 
640 3256 1754 13675.338 1714.586 
711 3096 1801 13618.076 1702.217 
563 3338 1683 13690.774 1712.433 
543 3383 1670 13699.243 1713.245 
556 3349 1652 13685.804 1712.572 
701 3117 1783 13627.04 1703.886 
659 3223 1753 13660.014 1713.703 
648 3225 1765 13674.436 1713.648 
713 3084 1773 13607.899 1702.311 
565 3353 1694 13694.197 1712.157 
617 3270 1716 13664.166 1711.795 
614 3279 1717 13660.52 1711.59 
695 3119 1804 13625.669 1703.121 
554 3345 1688 13689.734 1713.725 
618 3274 1737 13666.637 1711.595 
560 3342 1675 13692.914 1713.705 
589 3309 1697 13685.082 1711.514 
704 3108 1795 13615.684 1703.064 
571 3337 1690 13700.888 1713.983 
585 3315 1699 13684.656 1713.084 
555 3358 1667 13687.074 1711.433 
642 3257 1752 13669.509 1714.888 
640 3228 1774 13668.096 1713.727 
549 3360 1673 13688.323 1712.905 
649 3233 1771 13661.549 1713.55 
707 3093 1784 13614.125 1702.301 
684 3137 1773 13626.807 1704.505 
580 3315 1710 13690.797 1713.172 
557 3349 1659 13690.363 1712.536 
709 3090 1782 13612.867 1702.301 
614 3274 1723 13661.584 1711.782 
611 3273 1726 13662.479 1713.577 
545 3373 1680 13698.752 1714.04 
567 3326 1706 13689.962 1712.633 
631 3265 1736 13672.903 1713.222 
624 3258 1739 13670.176 1714.848 
544 3382 1670 13699.127 1713.239 
714 3079 1800 13616.513 1703.297 
580 3330 1700 13694.511 1714.32 
686 3132 1782 13623.031 1703.868 
546 3365 1702 13702.54 1713.843 
633 3260 1740 13669.68 1715.377 
569 3322 1702 13692.396 1713.154 
690 3130 1795 13628.111 1705.5 
548 3365 1679 13696.155 1713.483 
694 3129 1776 13634.241 1703.841 
545 3370 1666 13695.998 1714.113 
708 3095 1779 13611.875 1703.047 
548 3361 1703 13695.473 1712.85 
631 3240 1749 13669.889 1716.092 
683 3138 1772 13625.73 1704.52 
555 3351 1714 13698.782 1712.392 
629 3259 1747 13671.41 1713.944 
574 3329 1696 13698.672 1714.382 
643 3246 1754 13662.54 1714.0 
649 3240 1768 13670.221 1714.255 
568 3333 1694 13697.229 1713.401 
555 3357 1680 13693.265 1714.445 
690 3130 1796 13627.916 1705.434 
556 3352 1664 13695.237 1712.533 
632 3261 1739 13669.434 1715.351 
700 3095 1807 13617.735 1702.836 
550 3366 1660 13695.299 1713.959 
566 3332 1699 13697.745 1713.408 
713 3081 1799 13616.937 1703.366 
610 3275 1725 13662.513 1713.608 
551 3365 1661 13695.452 1713.95 
