366 1189 762 13729.402 1725.838 
235 1398 683 13826.392 1737.878 
249 1386 678 13844.844 1743.02 
240 1388 671 13841.914 1741.03 
224 1397 693 13807.074 1735.799 
313 1275 757 13728.155 1720.474 
268 1357 718 13854.341 1740.952 
345 1220 802 13766.166 1732.327 
347 1191 783 13707.495 1721.303 
362 1184 766 13715.714 1725.696 
308 1282 748 13780.485 1732.55 
289 1321 736 13822.723 1741.181 
273 1344 726 13791.019 1731.911 
282 1261 759 13734.492 1727.844 
351 1208 765 13747.781 1726.864 
329 1259 758 13788.979 1728.852 
319 1247 792 13766.694 1732.321 
300 1304 744 13803.85 1737.236 
356 1200 779 13732.81 1725.094 
288 1275 758 13761.821 1729.546 
340 1236 779 13753.21 1727.541 
345 1231 770 13757.28 1729.503 
306 1282 774 13769.674 1725.335 
348 1204 773 13727.663 1724.771 
294 1313 738 13813.301 1740.723 
291 1319 742 13821.568 1742.274 
326 1263 761 13766.266 1722.794 
274 1350 721 13852.871 1741.491 
305 1299 751 13793.572 1735.934 
360 1189 768 13729.357 1724.401 
329 1224 785 13719.72 1722.19 
353 1219 771 13738.775 1727.399 
314 1262 765 13753.874 1721.312 
259 1370 716 13828.302 1733.525 
255 1361 726 13820.467 1731.251 
352 1201 777 13725.565 1721.839 
262 1361 717 13847.094 1739.086 
363 1189 771 13718.81 1723.76 
309 1249 775 13721.483 1722.12 
325 1253 763 13746.048 1725.223 
299 1305 746 13799.838 1735.372 
333 1243 757 13751.979 1726.389 
293 1317 742 13818.516 1741.869 
226 1385 690 13795.489 1734.87 
319 1270 748 13761.811 1726.547 
313 1272 731 13746.026 1724.246 
306 1298 755 13792.446 1733.153 
252 1367 712 13838.889 1733.963 
335 1223 784 13743.434 1728.586 
335 1221 792 13739.805 1725.181 
261 1359 714 13851.294 1739.37 
332 1243 760 13759.096 1729.016 
363 1193 766 13721.137 1723.895 
247 1377 693 13831.475 1738.685 
331 1227 782 13725.718 1722.625 
271 1351 725 13801.142 1732.87 
358 1201 774 13737.798 1727.989 
230 1394 689 13806.473 1734.636 
242 1393 680 13833.924 1740.199 
246 1380 681 13836.454 1738.125 
234 1384 693 13810.702 1737.618 
265 1359 699 13835.592 1740.563 
241 1378 706 13802.636 1732.121 
311 1277 743 13768.73 1729.507 
258 1365 710 13817.111 1737.803 
298 1314 750 13819.791 1739.659 
346 1227 753 13741.975 1727.582 
260 1361 723 13801.44 1730.929 
337 1229 776 13761.751 1728.203 
254 1369 702 13841.795 1739.129 
250 1374 695 13839.236 1739.994 
300 1306 730 13808.781 1738.864 
245 1383 685 13828.033 1739.38 
269 1354 707 13837.496 1739.591 
229 1395 688 13805.209 1734.431 
329 1239 775 13749.918 1727.897 
249 1373 708 13815.079 1734.296 
323 1240 776 13733.36 1727.389 
324 1261 751 13763.359 1725.995 
247 1381 690 13817.559 1736.656 
240 1387 672 13840.113 1740.967 
247 1377 703 13823.962 1736.32 
250 1385 679 13844.712 1743.018 
243 1380 688 13825.38 1739.442 
265 1357 733 13808.432 1731.103 
326 1240 772 13762.479 1726.99 
239 1390 676 13826.95 1740.318 
236 1396 683 13823.95 1737.41 
267 1349 726 13792.699 1729.493 
273 1345 739 13809.269 1731.059 
260 1364 692 13798.195 1734.98 
306 1291 751 13792.181 1735.158 
250 1372 698 13792.84 1734.971 
264 1352 720 13791.171 1732.399 
244 1375 708 13808.392 1736.079 
300 1281 758 13740.572 1725.623 
273 1351 720 13852.676 1741.472 
338 1239 761 13740.68 1726.57 
251 1367 718 13818.275 1732.224 
