540 2671 1433 13797.132 1729.68 
541 2674 1427 13786.807 1727.965 
498 2692 1365 13765.549 1724.649 
540 2675 1426 13787.666 1728.077 
628 2502 1466 13699.99 1718.085 
560 2641 1424 13786.095 1730.212 
561 2646 1443 13793.449 1729.048 
531 2674 1453 13800.295 1730.899 
615 2567 1513 13757.895 1725.078 
620 2563 1502 13752.317 1724.611 
495 2698 1370 13762.655 1723.837 
533 2672 1451 13799.619 1730.769 
549 2664 1443 13810.166 1733.273 
574 2628 1423 13785.993 1730.471 
630 2495 1495 13713.64 1718.72 
516 2681 1433 13788.843 1730.014 
528 2679 1457 13802.156 1731.812 
566 2638 1438 13789.445 1730.811 
523 2678 1459 13795.316 1731.659 
559 2639 1449 13779.224 1727.026 
550 2669 1460 13819.571 1733.203 
616 2565 1513 13757.619 1725.023 
627 2556 1504 13766.077 1726.115 
518 2684 1427 13788.843 1728.629 
604 2573 1472 13749.144 1725.347 
536 2676 1453 13803.972 1730.58 
561 2633 1454 13787.68 1731.307 
579 2627 1443 13792.58 1730.543 
512 2681 1438 13789.485 1730.935 
559 2659 1438 13802.008 1732.352 
554 2642 1469 13802.287 1730.428 
551 2667 1467 13818.575 1733.062 
540 2675 1426 13787.523 1728.08 
568 2629 1461 13788.021 1729.855 
569 2628 1462 13788.428 1729.913 
609 2574 1505 13757.556 1725.088 
617 2537 1521 13738.297 1721.751 
510 2688 1428 13790.065 1729.817 
550 2663 1444 13810.55 1733.277 
533 2670 1455 13800.887 1731.017 
627 2533 1516 13745.16 1722.96 
554 2665 1436 13800.112 1730.992 
520 2681 1437 13783.259 1727.338 
516 2685 1431 13793.236 1730.382 
628 2497 1497 13702.108 1716.561 
572 2616 1457 13786.398 1729.865 
578 2609 1462 13772.349 1728.147 
532 2673 1451 13798.907 1730.619 
533 2671 1452 13804.678 1732.418 
562 2636 1469 13798.739 1730.973 
578 2602 1474 13788.803 1729.831 
519 2682 1420 13781.6 1727.665 
516 2686 1432 13793.716 1730.376 
516 2685 1432 13793.205 1730.381 
553 2655 1461 13809.223 1731.414 
563 2634 1442 13795.341 1730.774 
618 2564 1509 13755.455 1723.715 
557 2641 1463 13796.864 1732.097 
497 2693 1363 13766.842 1724.86 
600 2587 1508 13771.771 1727.879 
617 2539 1509 13752.265 1724.789 
557 2647 1451 13801.762 1730.211 
526 2681 1427 13788.347 1730.71 
616 2566 1506 13759.271 1726.597 
602 2577 1480 13746.977 1724.036 
614 2571 1513 13770.425 1727.673 
612 2572 1501 13762.815 1725.824 
574 2624 1450 13789.237 1729.978 
580 2614 1456 13788.381 1730.055 
546 2661 1433 13807.027 1733.395 
579 2596 1458 13776.642 1728.907 
544 2670 1448 13815.596 1734.676 
555 2658 1457 13808.895 1733.188 
602 2576 1488 13757.984 1721.626 
628 2497 1498 13702.076 1716.556 
596 2593 1468 13758.885 1722.971 
554 2664 1437 13803.984 1732.06 
498 2693 1364 13766.839 1724.849 
552 2666 1468 13818.928 1733.117 
629 2501 1467 13700.576 1718.107 
