1018 4284 2411 13599.521 1701.458 
968 4362 2509 13629.649 1706.554 
884 4560 2401 13678.451 1711.155 
1014 4295 2414 13598.504 1701.261 
1000 4303 2467 13604.074 1700.915 
899 4525 2387 13663.562 1709.382 
1016 4284 2423 13602.74 1702.194 
879 4554 2431 13676.566 1710.969 
938 4472 2460 13677.481 1712.587 
892 4549 2444 13680.836 1711.787 
973 4386 2395 13621.25 1703.053 
995 4324 2439 13604.294 1702.244 
981 4331 2481 13612.451 1703.692 
923 4498 2456 13675.279 1709.86 
967 4388 2414 13637.739 1707.706 
975 4347 2486 13615.631 1704.281 
986 4324 2479 13608.621 1703.466 
918 4482 2411 13656.882 1710.49 
984 4309 2473 13613.753 1704.001 
953 4404 2480 13641.135 1708.457 
979 4342 2478 13614.574 1705.056 
903 4535 2430 13673.729 1708.991 
991 4314 2494 13612.884 1702.805 
941 4430 2482 13660.711 1709.486 
959 4401 2480 13643.258 1706.974 
949 4421 2467 13646.654 1706.44 
970 4409 2429 13652.66 1707.373 
912 4517 2418 13671.67 1709.076 
955 4404 2475 13644.295 1706.083 
947 4461 2468 13677.435 1712.445 
968 4390 2470 13637.436 1704.835 
892 4553 2397 13677.971 1711.658 
934 4464 2465 13662.766 1709.016 
950 4365 2491 13619.703 1706.048 
958 4382 2482 13632.551 1707.54 
969 4374 2472 13631.231 1706.789 
999 4320 2458 13612.521 1703.043 
944 4390 2502 13634.521 1707.254 
965 4433 2463 13667.735 1711.09 
980 4376 2434 13629.053 1705.509 
977 4343 2489 13619.368 1705.254 
906 4513 2427 13660.16 1709.462 
952 4375 2498 13629.929 1705.295 
954 4363 2507 13617.942 1705.797 
990 4369 2437 13634.702 1705.447 
970 4409 2468 13649.394 1707.6 
964 4366 2486 13624.595 1706.187 
893 4541 2387 13675.112 1711.168 
927 4489 2439 13664.543 1708.746 
971 4370 2436 13629.674 1704.177 
910 4502 2424 13662.356 1709.943 
925 4491 2421 13665.993 1710.459 
993 4348 2407 13618.497 1704.68 
928 4480 2470 13665.005 1709.517 
981 4358 2453 13640.137 1705.724 
896 4523 2404 13670.398 1711.417 
981 4324 2506 13608.365 1703.574 
990 4357 2447 13634.602 1705.009 
889 4544 2417 13679.627 1712.19 
953 4367 2490 13625.752 1706.275 
942 4438 2476 13655.945 1707.702 
916 4509 2416 13669.832 1711.469 
969 4400 2459 13651.643 1707.152 
927 4473 2454 13665.03 1710.258 
947 4418 2479 13663.175 1709.259 
955 4436 2456 13658.919 1710.304 
914 4514 2402 13668.374 1709.2 
894 4507 2452 13659.582 1706.944 
949 4413 2468 13641.088 1705.535 
909 4502 2437 13667.616 1709.142 
938 4474 2451 13664.564 1709.922 
958 4368 2503 13621.354 1705.79 
898 4531 2410 13669.895 1710.528 
894 4537 2422 13674.825 1711.813 
944 4423 2476 13656.036 1709.225 
930 4480 2421 13662.979 1710.346 
992 4349 2406 13618.37 1704.761 
976 4316 2498 13607.624 1703.936 
974 4367 2441 13621.726 1702.728 
899 4512 2408 13669.706 1712.049 
929 4488 2447 13673.806 1710.038 
953 4360 2497 13628.075 1706.576 
970 4399 2460 13651.983 1707.231 
925 4474 2448 13670.927 1711.433 
953 4452 2458 13668.584 1711.218 
915 4511 2407 13678.465 1711.964 
974 4349 2507 13624.065 1703.844 
933 4480 2425 13651.956 1706.951 
895 4541 2405 13671.958 1710.295 
908 4524 2406 13668.853 1711.067 
897 4533 2405 13676.789 1710.045 
897 4540 2410 13670.578 1710.666 
897 4527 2421 13670.299 1710.664 
934 4400 2487 13628.696 1707.59 
