624 3297 1747 13705.659 1713.111 
737 3047 1809 13587.448 1702.403 
612 3253 1746 13688.152 1716.534 
577 3315 1649 13658.971 1708.737 
552 3333 1657 13657.167 1705.968 
696 3065 1810 13572.493 1698.835 
715 3038 1755 13575.036 1704.541 
702 3119 1735 13610.773 1701.251 
571 3303 1696 13655.699 1705.828 
691 3144 1746 13631.944 1704.873 
690 3145 1746 13631.939 1704.871 
643 3270 1717 13665.929 1709.408 
627 3270 1767 13698.54 1715.557 
625 3290 1736 13701.916 1714.353 
714 3072 1774 13580.054 1700.569 
698 3171 1743 13646.575 1705.375 
575 3328 1685 13675.682 1710.953 
645 3268 1718 13666.547 1709.462 
681 3189 1721 13661.308 1712.231 
665 3208 1757 13675.785 1708.308 
692 3093 1787 13604.168 1704.87 
667 3217 1745 13680.998 1713.874 
633 3223 1762 13669.701 1713.164 
592 3271 1751 13689.627 1716.089 
706 3077 1794 13597.783 1706.868 
639 3248 1737 13646.713 1707.216 
572 3301 1696 13656.139 1705.797 
714 3039 1753 13574.666 1704.474 
711 3091 1779 13594.427 1702.853 
635 3244 1748 13674.268 1712.657 
680 3105 1796 13601.523 1705.017 
690 3082 1801 13597.08 1703.532 
658 3240 1783 13690.745 1712.366 
629 3246 1737 13686.949 1711.607 
615 3270 1738 13684.535 1716.253 
601 3284 1734 13685.93 1715.587 
688 3194 1734 13653.476 1705.567 
665 3198 1776 13667.347 1709.679 
586 3309 1661 13652.715 1708.445 
623 3298 1747 13705.481 1713.07 
586 3301 1666 13648.953 1708.94 
671 3186 1769 13673.272 1709.964 
698 3171 1742 13646.835 1705.446 
576 3319 1659 13658.145 1710.168 
581 3307 1672 13653.645 1707.845 
581 3304 1679 13665.155 1708.971 
662 3216 1783 13677.211 1713.044 
684 3156 1747 13651.993 1708.073 
580 3307 1676 13662.59 1708.627 
609 3250 1750 13682.106 1716.062 
672 3110 1785 13595.801 1702.601 
635 3236 1726 13672.068 1714.155 
685 3154 1747 13651.223 1708.014 
681 3174 1780 13670.54 1709.793 
602 3283 1735 13685.839 1715.574 
631 3254 1742 13677.864 1711.163 
713 3084 1791 13591.291 1703.382 
728 3046 1796 13584.707 1703.045 
663 3229 1737 13666.912 1709.074 
719 3054 1798 13590.04 1703.007 
634 3254 1740 13690.413 1711.002 
583 3310 1666 13652.96 1709.019 
675 3197 1783 13666.851 1710.125 
595 3277 1740 13674.583 1714.031 
681 3100 1797 13608.75 1705.528 
574 3330 1684 13675.714 1710.975 
723 3057 1781 13585.876 1703.063 
727 3054 1791 13579.971 1701.898 
688 3111 1782 13596.8 1705.717 
702 3119 1736 13610.747 1701.25 
732 3055 1778 13583.717 1702.516 
706 3099 1777 13592.574 1703.757 
634 3237 1725 13672.209 1714.166 
631 3269 1735 13699.311 1713.582 
695 3079 1809 13590.928 1702.149 
645 3235 1770 13683.118 1712.379 
595 3277 1739 13674.595 1714.03 
722 3059 1789 13577.284 1701.227 
705 3101 1779 13602.809 1706.184 
694 3084 1794 13599.292 1704.953 
724 3056 1789 13578.719 1701.932 
712 3070 1795 13589.067 1703.664 
685 3109 1795 13603.073 1703.923 
726 3055 1795 13572.855 1701.124 
683 3183 1763 13667.326 1707.982 
720 3061 1797 13587.385 1702.865 
633 3252 1737 13681.244 1713.394 
578 3303 1669 13657.4 1709.422 
716 3076 1773 13577.954 1700.909 
580 3309 1671 13655.22 1708.361 
579 3307 1672 13656.934 1709.222 
733 3054 1778 13583.825 1702.517 
613 3251 1746 13687.284 1716.349 
705 3108 1793 13602.113 1705.723 
719 3082 1771 13591.895 1703.568 
721 3065 1796 13596.583 1703.843 
