380 1250 808 13848.654 1738.17 
212 1441 703 13814.916 1735.296 
317 1361 802 13956.605 1754.802 
218 1430 699 13830.924 1738.018 
309 1357 818 13931.684 1751.736 
249 1400 733 13832.444 1731.711 
209 1446 703 13818.057 1734.653 
337 1305 813 13889.051 1744.589 
273 1391 748 13895.424 1742.732 
274 1385 746 13875.51 1739.721 
243 1404 752 13840.608 1733.584 
335 1331 815 13917.99 1746.794 
290 1379 791 13937.273 1749.008 
226 1428 729 13827.944 1734.595 
346 1289 784 13835.564 1733.237 
336 1306 814 13891.835 1744.381 
318 1346 816 13917.434 1748.017 
330 1320 813 13898.1 1747.901 
340 1280 767 13859.96 1740.913 
327 1361 812 13955.085 1752.31 
314 1342 815 13919.974 1747.026 
214 1438 705 13816.162 1735.135 
345 1278 760 13851.029 1740.66 
321 1355 809 13953.627 1753.586 
268 1398 732 13882.031 1741.773 
338 1284 764 13857.246 1740.085 
333 1318 812 13904.451 1747.843 
217 1430 718 13836.062 1737.951 
362 1259 792 13846.158 1737.365 
290 1378 793 13923.247 1747.6 
240 1412 731 13835.514 1734.901 
232 1415 739 13840.699 1736.768 
231 1430 727 13849.26 1737.755 
236 1420 738 13857.033 1735.398 
379 1251 807 13848.808 1738.171 
372 1260 796 13841.021 1737.191 
296 1376 791 13934.68 1751.268 
242 1404 749 13830.203 1734.435 
344 1310 777 13864.326 1737.532 
274 1384 750 13874.164 1739.57 
363 1267 793 13832.096 1735.063 
231 1422 734 13842.576 1737.137 
345 1278 759 13851.118 1740.679 
261 1387 772 13849.74 1735.504 
299 1370 803 13936.679 1750.289 
316 1367 808 13946.25 1749.997 
325 1338 815 13932.85 1748.594 
303 1368 813 13933.193 1750.771 
210 1443 704 13819.115 1735.218 
343 1299 780 13853.17 1737.213 
254 1395 773 13861.626 1738.195 
262 1392 751 13869.805 1741.459 
218 1429 714 13830.965 1738.701 
331 1355 808 13949.229 1751.622 
332 1312 812 13896.903 1748.738 
220 1435 722 13839.128 1735.835 
263 1385 770 13858.495 1737.03 
292 1374 800 13929.568 1749.457 
302 1370 796 13941.486 1751.22 
248 1399 745 13849.77 1738.457 
366 1263 798 13841.307 1735.368 
349 1295 783 13858.56 1738.311 
334 1308 813 13894.625 1748.337 
336 1318 811 13909.094 1750.183 
302 1369 795 13940.16 1751.319 
215 1439 701 13818.497 1734.816 
310 1355 817 13928.987 1751.932 
257 1393 770 13855.076 1738.474 
320 1332 816 13918.774 1748.879 
322 1340 815 13935.837 1750.865 
350 1290 773 13846.701 1738.174 
261 1393 751 13869.03 1741.554 
294 1372 806 13926.938 1748.972 
296 1369 805 13930.002 1749.348 
354 1266 782 13828.783 1736.644 
346 1303 777 13854.625 1738.136 
310 1364 813 13954.006 1754.422 
241 1413 735 13840.297 1734.656 
356 1264 782 13839.082 1739.419 
237 1400 743 13822.693 1735.86 
250 1398 747 13852.232 1738.553 
238 1413 729 13832.978 1734.742 
293 1376 797 13944.892 1750.074 
253 1397 775 13863.98 1738.806 
321 1351 799 13931.407 1753.932 
349 1297 780 13857.273 1736.783 
365 1266 797 13847.22 1736.085 
291 1375 798 13926.701 1748.872 
213 1436 703 13831.305 1737.43 
338 1289 784 13845.251 1736.595 
355 1285 796 13857.469 1736.289 
310 1365 813 13956.451 1754.411 
