767 3026 1832 13604.106 1702.768 
578 3310 1635 13646.548 1713.35 
639 3284 1695 13711.634 1723.616 
764 3011 1819 13591.199 1703.545 
753 3034 1841 13604.678 1701.783 
752 3054 1862 13631.857 1706.677 
618 3288 1652 13672.351 1716.944 
667 3218 1731 13680.626 1719.053 
699 3170 1770 13647.562 1712.116 
754 3032 1839 13603.992 1701.79 
591 3306 1648 13662.947 1715.77 
702 3157 1757 13641.341 1709.405 
666 3210 1760 13659.674 1713.284 
672 3228 1682 13682.622 1718.763 
646 3278 1693 13707.813 1722.834 
664 3241 1669 13670.184 1716.759 
750 3096 1806 13657.673 1711.47 
610 3289 1641 13653.168 1714.14 
719 3118 1805 13639.88 1710.544 
603 3298 1650 13664.885 1715.963 
708 3095 1835 13622.275 1707.364 
661 3243 1675 13676.023 1717.739 
726 3120 1813 13639.449 1710.04 
756 3038 1810 13608.315 1704.599 
757 3044 1837 13606.404 1702.875 
700 3161 1785 13657.829 1713.569 
695 3190 1805 13661.901 1712.584 
605 3303 1646 13668.662 1716.517 
692 3103 1826 13627.579 1708.101 
641 3282 1689 13705.791 1722.035 
702 3154 1763 13633.095 1709.254 
640 3271 1698 13692.126 1721.319 
703 3148 1810 13659.264 1713.777 
684 3186 1789 13654.1 1713.076 
670 3220 1693 13676.837 1719.848 
743 3067 1816 13624.083 1707.108 
607 3300 1641 13661.344 1715.255 
693 3163 1794 13654.328 1714.054 
736 3062 1846 13625.645 1707.911 
750 3063 1833 13610.941 1704.137 
666 3225 1715 13685.305 1719.351 
727 3066 1851 13619.557 1707.666 
751 3055 1805 13607.542 1705.079 
698 3181 1808 13666.49 1713.432 
739 3077 1856 13618.664 1705.449 
730 3070 1846 13628.927 1705.695 
715 3113 1799 13646.271 1712.127 
746 3090 1813 13637.238 1705.913 
715 3132 1823 13651.71 1710.413 
659 3222 1719 13683.557 1719.515 
646 3267 1715 13697.793 1721.58 
745 3091 1829 13614.354 1702.872 
760 3034 1834 13617.092 1708.083 
657 3260 1689 13699.052 1722.445 
723 3138 1787 13645.696 1709.493 
648 3266 1694 13701.57 1721.925 
651 3253 1710 13694.89 1722.361 
714 3113 1829 13635.464 1705.527 
609 3286 1657 13675.051 1718.137 
704 3133 1821 13642.75 1709.478 
739 3084 1828 13620.508 1703.28 
665 3239 1680 13678.554 1718.236 
665 3230 1704 13687.896 1720.327 
731 3099 1842 13635.766 1705.847 
697 3174 1785 13665.239 1714.002 
608 3287 1656 13675.038 1718.135 
698 3154 1815 13668.125 1712.875 
738 3078 1812 13630.541 1708.728 
663 3228 1690 13677.625 1720.656 
705 3108 1841 13628.505 1706.995 
739 3076 1856 13627.902 1707.552 
658 3272 1694 13701.115 1721.203 
759 3056 1834 13619.916 1703.109 
735 3087 1833 13634.677 1705.669 
726 3104 1819 13630.098 1706.883 
747 3066 1816 13627.107 1708.729 
655 3260 1703 13694.802 1720.871 
715 3132 1822 13651.774 1710.422 
660 3253 1716 13700.128 1722.131 
649 3255 1703 13693.769 1722.544 
732 3089 1823 13632.742 1704.263 
662 3242 1674 13675.32 1717.789 
604 3296 1650 13664.148 1715.905 
649 3253 1720 13697.36 1721.997 
662 3231 1700 13681.65 1718.923 
648 3255 1710 13696.8 1722.035 
656 3259 1704 13701.538 1722.379 
607 3292 1647 13662.169 1715.45 
607 3300 1640 13661.373 1715.26 
694 3160 1795 13653.185 1714.019 
662 3233 1693 13678.279 1718.602 
696 3189 1806 13662.524 1712.665 
766 3027 1832 13604.326 1702.855 
662 3238 1681 13688.339 1719.168 
750 3064 1819 13632.088 1708.553 
