988 4486 2591 13725.468 1717.547 
1057 4345 2522 13666.705 1710.788 
1037 4359 2505 13658.657 1711.075 
918 4587 2506 13735.644 1719.496 
964 4558 2543 13748.177 1721.375 
1040 4357 2491 13667.578 1708.896 
1031 4401 2551 13692.068 1712.12 
1054 4352 2522 13668.42 1711.303 
1020 4434 2559 13702.953 1714.01 
1034 4368 2500 13662.2 1710.895 
946 4572 2539 13741.619 1719.106 
1018 4423 2574 13706.314 1714.834 
938 4576 2519 13734.895 1718.884 
920 4577 2530 13729.887 1719.287 
954 4561 2545 13740.637 1719.721 
1039 4362 2504 13662.182 1710.535 
1028 4425 2560 13710.024 1714.263 
964 4550 2587 13744.843 1719.145 
935 4580 2512 13736.346 1718.894 
997 4496 2536 13726.18 1716.712 
1016 4461 2562 13720.38 1715.585 
1047 4353 2514 13662.086 1711.803 
1055 4350 2517 13667.767 1710.978 
1022 4428 2568 13709.235 1714.586 
975 4530 2540 13738.647 1720.588 
1048 4352 2514 13662.166 1711.811 
974 4529 2584 13742.113 1718.031 
1012 4458 2576 13724.324 1716.053 
935 4577 2529 13736.542 1719.942 
1019 4450 2569 13718.574 1715.979 
961 4553 2549 13744.357 1721.09 
1002 4441 2566 13708.16 1716.255 
1008 4468 2545 13713.652 1715.348 
998 4487 2580 13726.295 1718.509 
928 4580 2506 13736.835 1717.319 
979 4535 2529 13732.151 1719.048 
1017 4424 2572 13706.35 1714.84 
1008 4447 2554 13711.046 1717.159 
991 4502 2576 13736.02 1716.478 
928 4585 2529 13736.053 1719.798 
1033 4366 2502 13660.504 1711.246 
969 4545 2550 13735.396 1718.65 
1041 4361 2501 13662.963 1710.675 
976 4520 2590 13737.398 1718.133 
1021 4429 2568 13709.184 1714.581 
965 4542 2538 13738.378 1718.598 
1044 4354 2502 13659.801 1710.988 
986 4513 2585 13740.066 1718.468 
1016 4443 2572 13716.356 1715.875 
999 4474 2581 13721.427 1717.426 
981 4515 2560 13735.683 1718.928 
1004 4482 2549 13717.126 1718.832 
989 4491 2576 13723.624 1717.453 
977 4537 2545 13742.824 1720.511 
1006 4459 2577 13714.414 1715.29 
993 4507 2552 13730.518 1719.006 
1038 4362 2503 13661.074 1710.859 
999 4473 2583 13721.726 1717.491 
1011 4438 2577 13708.336 1714.435 
950 4553 2557 13733.131 1718.536 
977 4528 2570 13737.252 1718.762 
963 4543 2553 13742.326 1720.33 
993 4505 2558 13738.065 1719.889 
990 4523 2546 13736.541 1718.319 
988 4499 2572 13729.045 1716.986 
988 4497 2582 13730.936 1716.64 
1002 4463 2570 13711.491 1715.262 
1042 4360 2501 13662.956 1710.674 
1017 4453 2563 13723.101 1716.694 
990 4510 2544 13732.934 1719.38 
971 4536 2575 13740.829 1718.724 
1003 4466 2563 13722.588 1715.716 
995 4510 2564 13730.401 1719.265 
988 4517 2558 13736.427 1718.234 
1001 4476 2573 13720.873 1716.66 
1002 4470 2563 13717.957 1715.655 
1034 4365 2501 13659.238 1710.901 
968 4541 2555 13742.595 1719.74 
995 4466 2591 13715.642 1716.703 
979 4516 2556 13735.376 1719.62 
983 4520 2589 13739.635 1718.626 
1005 4462 2547 13711.01 1716.225 
978 4528 2564 13744.153 1718.924 
975 4531 2585 13740.866 1718.451 
1001 4480 2559 13725.27 1716.243 
1002 4479 2537 13724.316 1717.23 
984 4520 2589 13739.374 1718.62 
971 4534 2547 13740.048 1719.879 
970 4531 2580 13739.184 1718.944 
998 4495 2537 13726.175 1716.711 
1002 4469 2551 13716.918 1716.307 
959 4553 2554 13740.961 1718.269 
