262 1406 765 13929.242 1748.6 
409 1208 865 13834.133 1738.133 
260 1411 756 13933.322 1747.211 
305 1318 732 13805.968 1731.053 
256 1408 755 13915.241 1747.422 
304 1331 717 13853.835 1740.824 
390 1217 866 13830.069 1734.891 
286 1370 772 13905.285 1745.089 
293 1338 742 13839.517 1735.523 
303 1344 727 13884.693 1744.013 
310 1308 774 13812.525 1733.047 
301 1336 732 13872.539 1741.454 
373 1252 831 13863.439 1741.734 
384 1231 843 13845.093 1737.963 
301 1321 743 13816.552 1731.531 
299 1350 729 13889.571 1744.099 
301 1335 732 13873.911 1741.31 
326 1295 796 13823.644 1733.699 
307 1324 725 13857.31 1739.304 
281 1376 773 13900.028 1742.682 
314 1304 766 13810.071 1736.05 
357 1250 826 13837.042 1741.86 
345 1269 809 13842.206 1743.628 
261 1400 771 13924.171 1747.617 
365 1253 816 13827.992 1739.599 
313 1320 724 13854.942 1739.522 
269 1394 762 13912.096 1745.554 
266 1390 782 13915.943 1747.246 
345 1272 803 13852.504 1741.149 
289 1372 767 13917.625 1747.491 
274 1379 777 13909.637 1743.302 
376 1250 823 13850.708 1743.173 
273 1391 775 13927.786 1746.575 
337 1263 812 13816.21 1738.846 
331 1280 797 13832.333 1740.467 
265 1398 764 13912.954 1746.011 
376 1247 846 13859.991 1742.808 
390 1224 862 13834.901 1736.176 
329 1284 799 13831.286 1740.846 
372 1240 849 13844.239 1738.005 
311 1302 791 13818.867 1734.4 
325 1289 793 13825.174 1741.313 
350 1257 828 13840.439 1739.679 
272 1395 757 13906.335 1742.556 
299 1313 787 13807.975 1732.104 
299 1348 728 13892.318 1744.37 
395 1220 848 13841.796 1736.274 
354 1268 804 13831.644 1741.245 
381 1233 837 13841.174 1740.3 
335 1281 810 13843.835 1734.074 
321 1299 780 13820.054 1734.206 
336 1275 789 13826.304 1737.677 
400 1216 857 13860.371 1739.118 
322 1293 797 13830.622 1735.365 
267 1387 773 13897.787 1746.824 
299 1346 726 13888.236 1744.528 
380 1242 829 13841.861 1742.003 
402 1217 857 13838.37 1737.545 
391 1215 865 13827.115 1734.53 
278 1377 776 13892.089 1742.87 
380 1237 852 13857.925 1740.129 
258 1397 771 13912.349 1747.659 
280 1377 751 13898.193 1746.184 
275 1393 773 13921.059 1742.452 
327 1290 790 13855.745 1744.654 
342 1262 822 13822.778 1737.752 
318 1300 761 13823.991 1731.92 
351 1270 822 13847.431 1736.938 
383 1236 849 13846.047 1738.576 
404 1214 849 13831.414 1739.085 
350 1271 821 13846.09 1736.597 
379 1240 839 13861.416 1741.446 
309 1315 780 13841.913 1737.914 
356 1255 833 13822.861 1735.114 
284 1381 772 13915.153 1744.428 
321 1292 791 13828.834 1735.882 
364 1242 851 13841.584 1736.075 
403 1213 851 13833.527 1740.059 
328 1286 816 13838.349 1737.767 
394 1223 858 13848.406 1739.731 
337 1263 811 13815.917 1738.85 
268 1386 778 13910.782 1748.049 
401 1212 858 13828.56 1738.67 
280 1384 767 13921.397 1744.853 
318 1300 762 13823.762 1731.904 
381 1224 854 13845.368 1742.834 
378 1241 838 13861.111 1741.401 
256 1407 757 13914.699 1746.832 
267 1397 775 13918.776 1746.263 
263 1394 767 13919.662 1747.509 
298 1350 730 13889.936 1744.164 
334 1289 806 13820.69 1734.998 
257 1407 755 13915.406 1747.447 
395 1217 861 13837.59 1736.313 
343 1284 816 13839.677 1736.919 
