765 3178 1913 13726.082 1715.499 
709 3323 1905 13793.533 1725.672 
625 3369 1810 13769.928 1724.498 
712 3308 1889 13791.172 1729.317 
799 3163 1928 13746.677 1718.625 
649 3333 1781 13739.272 1720.128 
725 3218 1933 13721.53 1717.901 
724 3254 1939 13767.664 1723.31 
696 3313 1870 13777.233 1727.572 
641 3336 1818 13742.166 1721.575 
687 3332 1881 13782.965 1726.314 
630 3340 1794 13746.272 1720.974 
643 3355 1816 13751.759 1720.952 
626 3339 1797 13743.078 1721.139 
760 3199 1920 13731.799 1719.652 
778 3171 1933 13734.433 1717.357 
715 3293 1909 13788.014 1727.069 
764 3180 1914 13726.953 1715.575 
746 3223 1908 13736.72 1716.336 
648 3334 1781 13739.311 1720.133 
771 3177 1936 13735.332 1717.017 
793 3168 1935 13743.18 1717.286 
735 3251 1905 13755.807 1722.015 
703 3328 1894 13788.894 1723.632 
694 3303 1914 13770.686 1723.523 
784 3188 1908 13744.534 1718.872 
697 3322 1873 13787.435 1726.361 
736 3249 1929 13773.884 1722.564 
701 3315 1911 13774.115 1721.639 
773 3200 1907 13738.642 1718.694 
730 3279 1885 13765.924 1723.833 
758 3230 1896 13763.399 1721.015 
724 3282 1900 13786.987 1727.114 
732 3255 1901 13761.228 1724.196 
748 3249 1890 13759.014 1722.774 
716 3265 1930 13771.566 1723.278 
726 3281 1915 13780.639 1725.855 
741 3242 1896 13745.959 1719.211 
717 3311 1887 13777.802 1723.8 
767 3208 1901 13744.984 1719.496 
733 3277 1900 13776.502 1724.72 
765 3186 1905 13741.233 1718.927 
700 3310 1888 13784.592 1726.567 
724 3302 1905 13792.783 1726.243 
715 3325 1895 13791.713 1725.276 
715 3262 1924 13768.736 1723.304 
705 3314 1888 13782.114 1725.809 
716 3308 1898 13786.579 1725.075 
729 3259 1902 13750.718 1721.392 
766 3213 1899 13753.437 1720.212 
707 3279 1918 13748.483 1722.69 
763 3194 1915 13735.654 1717.812 
695 3331 1883 13784.263 1724.74 
756 3205 1911 13737.252 1720.112 
755 3206 1910 13736.228 1719.932 
786 3174 1929 13741.23 1717.603 
733 3250 1931 13769.179 1721.89 
747 3234 1902 13749.619 1719.833 
742 3229 1921 13749.99 1720.299 
719 3282 1907 13775.699 1724.914 
737 3257 1889 13777.317 1723.31 
747 3212 1908 13737.523 1718.162 
756 3227 1900 13746.188 1719.308 
737 3250 1893 13747.097 1720.386 
728 3252 1915 13766.434 1722.673 
744 3239 1914 13757.895 1720.687 
742 3245 1884 13761.292 1720.303 
789 3175 1919 13743.378 1718.506 
716 3264 1931 13771.523 1723.258 
644 3336 1816 13747.508 1722.707 
785 3175 1928 13740.809 1717.559 
736 3244 1898 13757.266 1724.661 
753 3230 1896 13759.766 1722.759 
730 3278 1883 13777.779 1723.059 
719 3282 1903 13780.127 1726.407 
745 3222 1905 13736.796 1718.696 
710 3321 1905 13792.65 1725.576 
727 3278 1923 13787.11 1726.664 
754 3213 1903 13749.04 1719.29 
714 3324 1903 13793.39 1725.528 
766 3213 1899 13753.427 1720.245 
760 3213 1907 13745.464 1720.482 
762 3195 1913 13735.147 1717.735 
748 3211 1908 13736.939 1718.14 
729 3257 1919 13761.937 1721.415 
755 3234 1883 13745.464 1717.529 
