621 3313 1760 13737.878 1724.707 
647 3240 1716 13684.902 1716.092 
577 3367 1733 13738.056 1723.289 
779 3046 1817 13617.999 1709.308 
776 3051 1809 13623.014 1708.41 
738 3131 1837 13659.913 1713.682 
575 3369 1731 13736.909 1722.909 
712 3178 1791 13661.608 1712.289 
669 3199 1762 13679.389 1714.157 
745 3165 1811 13686.82 1715.458 
633 3295 1762 13714.661 1720.573 
646 3243 1717 13686.548 1716.245 
755 3155 1803 13685.245 1716.695 
719 3170 1785 13655.071 1711.804 
735 3163 1813 13670.06 1714.657 
774 3068 1825 13631.08 1710.645 
760 3098 1814 13640.676 1712.439 
593 3339 1724 13722.897 1720.707 
729 3124 1817 13667.783 1715.84 
763 3133 1794 13672.587 1712.567 
765 3082 1797 13652.721 1711.96 
588 3352 1737 13731.329 1722.164 
772 3095 1781 13659.0 1712.235 
751 3110 1830 13663.027 1714.326 
607 3328 1730 13727.493 1721.395 
656 3210 1751 13670.291 1713.634 
651 3225 1740 13673.866 1713.149 
664 3205 1757 13673.893 1713.455 
619 3301 1774 13723.77 1720.79 
625 3309 1754 13730.12 1719.641 
616 3316 1738 13731.544 1721.811 
770 3080 1801 13655.913 1713.225 
602 3332 1747 13733.107 1722.939 
758 3103 1825 13659.546 1712.887 
769 3097 1788 13665.688 1712.636 
754 3123 1831 13670.414 1714.237 
768 3097 1818 13646.537 1713.8 
741 3116 1831 13655.92 1714.344 
738 3148 1823 13665.625 1713.881 
619 3317 1766 13725.284 1720.157 
648 3227 1758 13685.478 1716.442 
762 3100 1806 13656.492 1711.689 
749 3122 1823 13655.025 1715.884 
774 3092 1809 13656.576 1711.684 
622 3315 1753 13733.658 1722.9 
626 3311 1769 13728.14 1722.932 
621 3296 1776 13730.669 1723.662 
747 3107 1823 13661.63 1715.224 
611 3324 1745 13727.419 1722.581 
647 3234 1737 13682.675 1715.684 
647 3230 1751 13675.204 1713.919 
620 3302 1770 13732.695 1724.394 
768 3111 1773 13661.986 1712.493 
750 3116 1835 13657.341 1712.243 
765 3097 1798 13647.183 1711.801 
623 3293 1779 13732.956 1724.466 
624 3305 1761 13732.676 1723.47 
611 3316 1746 13726.042 1723.23 
768 3089 1794 13657.008 1713.687 
620 3314 1759 13737.747 1724.688 
638 3283 1755 13722.433 1719.743 
593 3341 1725 13724.032 1720.287 
603 3331 1749 13734.001 1723.037 
747 3106 1824 13661.644 1715.235 
627 3302 1730 13722.665 1723.517 
755 3148 1816 13679.564 1715.771 
769 3109 1773 13661.117 1712.476 
611 3316 1751 13724.804 1720.429 
614 3305 1764 13727.225 1723.474 
764 3096 1812 13659.367 1712.266 
738 3148 1822 13665.65 1713.882 
612 3323 1746 13732.241 1722.375 
632 3295 1737 13723.071 1720.346 
606 3326 1743 13724.433 1719.81 
640 3275 1754 13716.391 1719.654 
634 3284 1777 13732.981 1723.351 
611 3321 1760 13719.254 1720.614 
736 3137 1814 13674.247 1717.333 
637 3294 1764 13733.473 1720.398 
660 3207 1758 13674.817 1714.271 
631 3297 1761 13731.99 1721.762 
630 3292 1778 13729.574 1723.98 
612 3324 1745 13733.185 1722.574 
764 3097 1823 13649.295 1714.096 
776 3078 1798 13663.172 1712.702 
584 3363 1745 13743.168 1723.677 
730 3154 1814 13659.719 1712.274 
662 3216 1750 13686.189 1715.41 
