364 2051 1109 13780.516 1729.474 
402 2021 1072 13761.473 1725.217 
439 2000 1152 13824.536 1736.994 
463 1936 1185 13766.176 1729.296 
470 1949 1175 13795.18 1733.182 
494 1877 1151 13728.554 1724.51 
497 1867 1155 13732.087 1722.972 
482 1923 1181 13788.309 1731.022 
485 1869 1159 13714.208 1721.251 
451 1961 1164 13782.869 1731.178 
400 2020 1079 13755.09 1725.641 
453 1979 1158 13814.714 1734.584 
476 1929 1173 13779.049 1730.987 
370 2042 1096 13782.697 1730.38 
440 1991 1156 13820.036 1735.057 
420 2007 1140 13815.702 1733.37 
453 1958 1174 13786.521 1732.104 
378 2041 1119 13790.668 1730.57 
513 1847 1160 13731.931 1726.601 
362 2020 1125 13762.473 1725.361 
465 1940 1180 13784.961 1731.508 
383 2029 1102 13764.441 1724.324 
400 2015 1113 13780.641 1727.139 
399 2028 1074 13768.086 1727.55 
501 1863 1161 13728.273 1723.96 
508 1856 1141 13730.813 1722.675 
449 1985 1154 13822.055 1736.199 
368 2046 1089 13776.948 1731.959 
503 1858 1138 13724.911 1723.714 
481 1924 1181 13787.547 1730.88 
488 1862 1144 13724.663 1725.481 
397 2034 1078 13772.399 1729.625 
365 2048 1091 13785.462 1728.294 
396 2022 1094 13775.635 1727.869 
511 1848 1164 13728.05 1725.887 
454 1951 1173 13777.432 1729.384 
387 2023 1117 13789.283 1727.671 
444 1989 1162 13824.049 1736.097 
464 1934 1184 13764.805 1729.014 
395 2028 1082 13759.333 1727.253 
454 1947 1177 13775.428 1730.625 
398 2017 1088 13770.58 1729.092 
379 2026 1116 13772.168 1729.369 
440 1996 1155 13824.2 1736.491 
403 2014 1118 13779.59 1729.738 
395 2015 1121 13773.172 1730.691 
412 2012 1137 13818.098 1735.556 
382 2019 1101 13765.094 1730.3 
366 2044 1115 13780.257 1728.784 
430 2006 1147 13823.762 1734.217 
402 2018 1086 13769.436 1727.225 
413 2011 1138 13818.53 1735.612 
458 1945 1182 13781.379 1729.469 
399 2041 1072 13784.756 1729.955 
391 2042 1093 13780.374 1728.524 
431 2003 1149 13815.346 1736.758 
401 2019 1079 13755.097 1725.642 
509 1855 1141 13730.958 1722.678 
392 2038 1101 13787.152 1729.598 
431 2005 1146 13823.504 1734.18 
473 1939 1176 13786.044 1731.529 
399 2023 1084 13757.772 1727.356 
382 2020 1115 13784.826 1728.592 
475 1931 1173 13780.21 1730.958 
406 2004 1150 13785.929 1730.201 
394 2016 1120 13773.068 1730.678 
365 2046 1105 13786.615 1728.314 
445 1988 1163 13824.34 1736.115 
389 2039 1080 13769.849 1729.334 
393 2032 1089 13769.984 1728.461 
399 2014 1117 13786.446 1729.49 
498 1868 1157 13729.282 1723.911 
496 1876 1155 13734.104 1725.211 
411 2013 1136 13818.848 1735.653 
365 2049 1109 13778.283 1729.211 
504 1855 1146 13725.681 1724.754 
361 2022 1124 13762.911 1725.381 
438 2002 1153 13826.086 1736.992 
452 1984 1161 13826.382 1737.26 
453 1976 1159 13813.513 1734.29 
514 1848 1158 13739.167 1727.575 
516 1843 1165 13729.602 1724.712 
512 1854 1160 13745.555 1727.277 
