142 743 422 14213.526 1785.604 
161 687 423 13955.978 1746.457 
212 623 457 14005.536 1760.336 
120 751 394 14105.172 1770.791 
121 750 394 14104.584 1770.662 
211 622 469 14030.79 1758.439 
185 679 436 14123.72 1772.894 
154 711 417 14104.414 1778.233 
143 731 410 14166.562 1785.043 
135 747 413 14185.332 1781.958 
155 710 418 14105.042 1778.385 
166 673 440 14000.143 1756.732 
163 684 404 14018.58 1760.466 
188 661 435 14076.899 1764.818 
170 680 430 14035.315 1763.403 
156 686 428 14006.389 1754.471 
161 687 409 13976.886 1752.512 
178 656 455 14005.513 1750.815 
149 733 412 14176.105 1782.575 
142 732 423 14170.143 1780.752 
150 726 423 14180.515 1780.027 
146 736 415 14187.143 1784.789 
179 666 446 14053.165 1766.042 
139 741 427 14193.383 1783.45 
160 680 434 14001.53 1756.979 
174 672 442 14045.444 1759.932 
181 665 437 14066.394 1767.311 
176 669 452 14034.418 1755.154 
199 643 465 14051.073 1759.315 
177 675 438 14060.387 1766.665 
152 714 417 14111.468 1779.034 
162 685 405 14008.196 1755.808 
151 714 420 14112.758 1779.262 
145 737 416 14183.017 1782.548 
196 641 466 14038.697 1757.656 
203 636 456 14018.557 1756.635 
195 659 451 14069.132 1765.245 
180 671 444 14065.8 1766.488 
207 626 461 14008.34 1751.777 
163 684 430 14034.895 1757.947 
201 639 452 14027.782 1757.574 
205 640 449 14028.26 1761.489 
192 654 452 14065.179 1764.203 
153 713 413 14106.195 1779.177 
211 631 453 14025.191 1762.723 
161 686 410 13974.513 1751.549 
165 681 410 14006.17 1760.224 
184 652 461 14028.299 1754.584 
174 670 448 14033.587 1760.519 
143 738 421 14167.25 1779.625 
195 646 458 14042.276 1760.107 
207 633 455 14020.625 1761.51 
193 649 460 14057.34 1761.062 
155 687 427 14006.661 1754.505 
182 664 448 14037.415 1762.736 
186 663 433 14073.099 1764.522 
190 660 454 14055.73 1764.464 
139 746 419 14208.182 1784.825 
181 654 457 14009.42 1751.439 
193 651 462 14055.773 1762.571 
194 648 453 14042.004 1759.17 
138 748 412 14190.298 1781.758 
183 658 440 14015.192 1765.868 
182 659 439 14014.418 1766.662 
209 630 456 14018.396 1761.223 
198 644 463 14054.801 1759.834 
206 635 466 14037.967 1759.819 
140 745 420 14210.315 1785.202 
144 739 417 14201.158 1784.073 
138 749 406 14189.696 1781.295 
194 645 459 14033.47 1760.286 
187 663 440 14050.238 1761.919 
206 628 462 14026.817 1759.929 
187 662 434 14075.136 1764.72 
198 640 468 14047.386 1758.624 
200 644 460 14032.361 1758.663 
189 661 436 14076.11 1764.413 
183 670 437 14054.309 1765.831 
150 732 419 14188.32 1783.191 
200 637 462 14036.42 1758.37 
181 670 445 14069.453 1766.578 
207 627 457 14007.823 1758.226 
197 648 452 14056.474 1764.207 
181 660 438 14014.561 1766.691 
143 735 420 14169.142 1781.857 
137 746 419 14201.818 1785.101 
