939 4434 2500 13654.537 1707.14 
801 4559 2289 13585.061 1701.596 
914 4533 2401 13672.987 1712.994 
887 4557 2382 13669.976 1711.09 
787 4565 2308 13586.293 1702.089 
895 4543 2364 13659.542 1711.144 
798 4572 2294 13592.766 1703.055 
897 4472 2477 13646.709 1705.225 
954 4416 2451 13643.012 1704.639 
947 4418 2490 13648.739 1706.189 
988 4340 2416 13616.279 1705.77 
982 4354 2436 13623.976 1706.951 
946 4426 2467 13643.494 1705.229 
945 4433 2494 13660.948 1707.549 
994 4327 2430 13610.989 1706.426 
961 4409 2498 13654.014 1706.945 
902 4543 2382 13664.003 1710.256 
795 4568 2306 13589.496 1702.213 
939 4492 2414 13671.064 1711.618 
973 4394 2408 13641.578 1704.246 
911 4521 2466 13675.884 1709.249 
960 4451 2441 13669.993 1710.195 
985 4358 2415 13622.03 1707.182 
781 4570 2300 13583.43 1702.187 
783 4575 2298 13589.393 1702.81 
977 4364 2404 13617.102 1706.133 
965 4447 2438 13661.019 1710.175 
988 4342 2423 13618.041 1705.721 
918 4509 2455 13671.73 1710.668 
894 4545 2389 13663.605 1709.491 
788 4576 2295 13589.866 1702.28 
963 4399 2447 13627.054 1704.515 
901 4535 2439 13674.278 1708.7 
925 4523 2410 13675.569 1711.434 
787 4573 2284 13587.656 1702.871 
789 4579 2289 13588.355 1702.026 
944 4435 2466 13665.22 1707.48 
916 4513 2427 13665.63 1709.822 
995 4318 2429 13610.815 1705.956 
935 4434 2490 13655.473 1706.446 
989 4341 2424 13617.945 1705.699 
918 4519 2460 13676.68 1708.641 
979 4362 2421 13626.135 1707.385 
921 4497 2453 13664.947 1710.139 
898 4542 2384 13661.221 1710.91 
908 4534 2403 13668.695 1710.399 
943 4485 2394 13666.826 1711.202 
907 4529 2404 13662.473 1711.233 
890 4545 2442 13675.127 1708.753 
978 4362 2422 13625.81 1707.302 
897 4543 2404 13670.758 1708.436 
890 4549 2429 13676.372 1708.413 
892 4554 2366 13662.419 1710.485 
788 4573 2299 13588.677 1702.67 
986 4351 2437 13620.983 1706.874 
915 4505 2447 13666.916 1710.895 
926 4499 2467 13664.638 1709.761 
908 4518 2442 13667.854 1709.424 
898 4526 2415 13673.06 1708.839 
917 4510 2454 13672.479 1710.831 
900 4530 2419 13667.119 1708.767 
917 4517 2419 13665.985 1708.801 
997 4310 2412 13602.337 1703.382 
889 4552 2453 13678.874 1708.86 
987 4349 2420 13626.007 1707.532 
936 4516 2424 13683.891 1713.445 
992 4351 2413 13621.829 1706.436 
993 4350 2413 13621.641 1706.501 
793 4575 2279 13592.642 1702.999 
772 4591 2278 13588.655 1702.437 
969 4398 2433 13640.695 1705.717 
946 4419 2490 13648.748 1706.191 
779 4588 2295 13593.771 1703.46 
962 4401 2446 13627.732 1704.665 
940 4442 2476 13652.743 1707.119 
891 4551 2368 13663.057 1711.836 
913 4528 2403 13661.686 1711.287 
946 4491 2429 13673.82 1710.953 
925 4464 2496 13662.98 1707.468 
927 4461 2490 13658.743 1708.377 
966 4446 2439 13660.955 1710.173 
936 4492 2430 13664.541 1710.418 
939 4498 2471 13682.743 1710.036 
996 4311 2412 13602.44 1703.392 
948 4471 2426 13674.531 1709.994 
994 4320 2429 13611.468 1706.005 
970 4397 2434 13641.002 1705.718 
894 4537 2414 13670.929 1708.585 
911 4529 2409 13672.758 1710.035 
896 4548 2382 13661.622 1710.163 
946 4426 2456 13644.501 1705.209 
786 4571 2297 13587.273 1702.733 
903 4549 2373 13665.272 1710.498 
924 4525 2410 13677.165 1711.811 
