295 1335 738 13829.17 1729.648 
361 1170 761 13664.394 1710.323 
364 1171 758 13662.04 1709.188 
360 1183 743 13660.082 1709.457 
359 1173 761 13662.593 1709.049 
262 1332 683 13795.659 1733.734 
312 1241 807 13730.458 1718.111 
238 1383 724 13805.458 1724.976 
254 1346 668 13792.074 1732.387 
237 1382 737 13812.351 1725.959 
358 1182 760 13680.172 1713.182 
314 1233 802 13717.58 1718.476 
358 1188 763 13673.96 1714.598 
350 1222 806 13743.638 1721.902 
257 1343 737 13762.818 1717.105 
266 1331 695 13789.926 1732.883 
252 1357 725 13781.747 1721.63 
301 1313 714 13774.138 1726.729 
258 1362 723 13796.027 1725.164 
249 1339 740 13751.623 1719.401 
346 1248 792 13800.405 1731.485 
244 1350 736 13757.806 1722.529 
242 1382 733 13818.673 1727.093 
249 1364 710 13782.899 1724.55 
281 1318 751 13769.46 1729.388 
350 1239 751 13739.23 1723.743 
269 1331 688 13786.017 1731.072 
353 1228 784 13735.531 1720.745 
348 1232 782 13755.403 1724.782 
297 1321 757 13817.814 1728.098 
285 1325 748 13799.5 1731.943 
309 1236 805 13721.918 1718.711 
293 1312 755 13798.412 1731.118 
250 1351 731 13752.229 1722.349 
240 1367 741 13785.017 1720.91 
327 1271 769 13779.552 1726.138 
246 1370 733 13792.243 1725.709 
357 1225 779 13763.955 1722.367 
259 1337 671 13783.835 1729.923 
307 1309 745 13802.84 1727.636 
287 1323 743 13799.225 1733.015 
263 1331 675 13799.064 1732.979 
262 1334 688 13777.163 1730.368 
240 1372 736 13794.085 1722.228 
255 1345 673 13773.601 1729.71 
240 1368 738 13793.43 1723.538 
316 1277 773 13774.528 1727.118 
261 1340 681 13780.021 1731.934 
332 1253 799 13780.349 1729.91 
324 1270 765 13777.69 1726.699 
286 1307 767 13765.963 1727.018 
338 1264 780 13812.036 1730.997 
299 1316 729 13796.341 1728.339 
302 1299 753 13788.553 1729.092 
352 1223 785 13758.872 1726.243 
304 1306 744 13786.911 1731.051 
275 1326 739 13771.147 1729.821 
251 1337 738 13748.276 1720.806 
310 1300 724 13769.728 1726.948 
340 1259 794 13812.518 1733.384 
239 1381 737 13813.229 1726.231 
323 1266 781 13771.47 1728.835 
318 1288 751 13803.699 1732.755 
253 1346 677 13786.616 1729.832 
308 1285 776 13781.069 1726.352 
361 1171 755 13661.813 1710.133 
330 1270 771 13788.571 1725.077 
313 1296 756 13808.569 1724.996 
344 1252 797 13808.474 1731.655 
248 1364 745 13797.208 1722.444 
343 1257 793 13811.214 1731.738 
325 1273 772 13804.137 1723.92 
315 1292 760 13804.832 1731.06 
320 1283 737 13771.493 1724.401 
341 1255 794 13807.377 1732.259 
299 1311 752 13809.178 1731.866 
335 1262 787 13801.83 1731.738 
300 1304 755 13796.154 1730.255 
331 1265 776 13803.16 1729.222 
322 1271 778 13815.872 1733.255 
258 1342 691 13792.271 1731.018 
345 1234 795 13760.982 1724.769 
344 1254 789 13803.805 1731.903 
322 1280 766 13796.956 1725.133 
361 1182 743 13660.278 1709.479 
249 1348 725 13761.547 1724.194 
318 1281 755 13774.361 1728.46 
258 1342 738 13763.209 1717.143 
308 1308 761 13816.312 1728.961 
282 1315 693 13806.791 1733.659 
320 1274 772 13795.883 1728.891 
