774 3932 2144 13717.802 1718.666 
758 3953 2138 13721.181 1717.963 
923 3712 2231 13676.525 1713.02 
796 3925 2177 13730.761 1717.975 
900 3735 2248 13680.868 1713.368 
907 3712 2234 13669.286 1712.069 
756 3954 2139 13720.037 1717.002 
923 3702 2233 13674.267 1711.184 
904 3737 2202 13673.48 1709.814 
792 3875 2189 13701.631 1715.655 
837 3818 2200 13691.248 1715.814 
773 3933 2143 13717.705 1718.656 
810 3889 2187 13718.147 1716.059 
841 3822 2144 13680.46 1713.465 
885 3738 2242 13673.605 1711.51 
898 3749 2204 13682.133 1710.33 
782 3945 2164 13730.127 1718.133 
794 3916 2162 13721.299 1718.294 
910 3724 2226 13673.362 1712.181 
786 3926 2163 13719.393 1716.866 
767 3951 2142 13728.533 1717.235 
872 3754 2219 13670.449 1711.502 
783 3909 2188 13718.43 1716.291 
875 3772 2199 13684.202 1714.578 
790 3925 2154 13724.899 1718.341 
807 3898 2169 13718.363 1717.405 
896 3749 2217 13675.408 1711.362 
850 3795 2208 13689.197 1715.394 
776 3932 2148 13722.596 1718.333 
759 3951 2139 13720.693 1717.86 
801 3910 2165 13719.615 1717.729 
892 3739 2232 13671.423 1712.522 
797 3920 2172 13719.264 1717.063 
905 3736 2203 13674.568 1709.896 
911 3723 2227 13673.499 1712.027 
905 3724 2247 13676.625 1711.916 
889 3761 2217 13684.796 1713.556 
768 3952 2146 13720.065 1716.176 
801 3904 2171 13718.401 1718.417 
916 3722 2232 13677.725 1712.769 
790 3925 2182 13722.474 1718.19 
866 3777 2198 13681.801 1714.886 
838 3816 2175 13678.436 1712.778 
850 3806 2197 13687.994 1714.529 
799 3898 2166 13719.936 1716.118 
895 3744 2231 13675.904 1712.881 
919 3713 2231 13677.668 1711.695 
858 3791 2193 13684.348 1713.809 
873 3753 2219 13670.606 1711.539 
869 3768 2209 13679.446 1713.549 
857 3776 2208 13676.709 1713.64 
849 3808 2193 13687.298 1715.158 
839 3813 2180 13682.094 1712.725 
851 3804 2179 13679.974 1713.996 
906 3730 2233 13680.079 1713.523 
859 3787 2198 13678.138 1713.236 
845 3805 2199 13683.243 1714.365 
797 3910 2181 13721.269 1717.503 
843 3800 2196 13687.424 1714.78 
890 3759 2218 13684.244 1713.544 
920 3716 2231 13675.862 1712.852 
856 3784 2206 13679.085 1712.644 
902 3741 2211 13675.783 1713.324 
851 3790 2196 13683.89 1715.004 
909 3710 2234 13669.307 1712.073 
903 3740 2212 13676.092 1713.347 
796 3925 2177 13730.643 1718.021 
853 3797 2194 13685.843 1715.149 
869 3782 2202 13684.794 1714.275 
775 3931 2145 13717.745 1718.66 
785 3923 2167 13723.109 1718.367 
856 3785 2204 13678.981 1712.647 
852 3795 2205 13680.88 1713.177 
791 3905 2166 13719.996 1718.378 
858 3780 2210 13677.221 1713.039 
854 3795 2194 13684.733 1715.079 
857 3781 2210 13677.58 1713.08 
908 3724 2233 13679.331 1712.387 
848 3798 2202 13681.143 1713.891 
849 3797 2200 13682.148 1714.084 
843 3799 2195 13682.55 1714.918 
861 3778 2198 13681.905 1714.356 
908 3711 2234 13669.371 1712.077 
903 3739 2226 13683.388 1712.84 
854 3792 2200 13680.934 1713.87 
842 3800 2194 13682.53 1714.913 
850 3795 2211 13686.814 1714.358 
854 3782 2209 13680.154 1713.876 
847 3799 2199 13681.892 1714.022 
841 3816 2168 13681.081 1712.736 
848 3798 2199 13682.075 1714.067 
