757 3989 2037 13725.471 1715.136 
764 3972 2047 13722.659 1717.603 
744 4003 2023 13724.798 1715.082 
787 3761 2171 13609.626 1706.583 
864 3730 2057 13591.402 1701.453 
788 3918 2015 13693.912 1714.258 
898 3708 2069 13605.73 1702.993 
903 3716 2074 13607.1 1702.448 
730 3999 2026 13717.898 1715.543 
880 3724 2065 13611.031 1704.547 
831 3793 2116 13651.05 1709.011 
896 3715 2068 13612.297 1704.236 
815 3766 2139 13625.694 1706.504 
821 3816 2105 13650.161 1709.215 
788 3799 2131 13625.951 1707.923 
872 3732 2052 13602.499 1702.046 
851 3819 2089 13686.206 1713.289 
787 3815 2159 13634.096 1710.452 
832 3824 2070 13662.388 1710.912 
809 3882 2073 13673.616 1712.475 
789 3787 2150 13624.526 1709.537 
831 3836 2104 13685.323 1714.275 
859 3800 2105 13675.829 1711.206 
872 3731 2053 13606.788 1703.579 
868 3747 2051 13611.522 1704.394 
802 3893 2070 13685.617 1713.561 
811 3769 2139 13627.934 1708.498 
808 3773 2132 13626.624 1707.818 
871 3733 2051 13603.302 1701.634 
767 3960 2056 13710.462 1715.85 
881 3729 2065 13607.836 1704.06 
788 3783 2165 13623.584 1707.385 
805 3776 2158 13632.78 1708.865 
793 3910 2076 13698.313 1715.556 
818 3877 2072 13688.523 1714.265 
790 3796 2148 13620.114 1708.644 
787 3784 2164 13623.061 1707.293 
805 3846 2094 13656.695 1710.862 
852 3806 2085 13665.955 1711.528 
791 3907 2068 13701.636 1715.124 
826 3840 2099 13667.818 1711.831 
791 3925 2039 13705.598 1713.096 
803 3864 2106 13669.784 1710.117 
792 3774 2144 13622.926 1709.137 
802 3786 2157 13627.157 1708.905 
750 3986 2032 13720.547 1715.618 
792 3791 2138 13619.286 1708.901 
817 3857 2079 13676.604 1711.671 
747 3984 2025 13723.524 1716.106 
764 3964 2053 13715.84 1716.906 
761 3968 2048 13716.15 1716.635 
778 3816 2146 13632.947 1710.208 
798 3745 2165 13610.097 1706.549 
737 3992 2037 13717.648 1714.955 
753 3980 2049 13718.689 1715.194 
783 3950 2048 13716.821 1717.031 
814 3867 2083 13680.917 1713.708 
785 3918 2065 13710.592 1714.538 
853 3805 2086 13666.283 1711.544 
832 3822 2075 13658.638 1710.466 
840 3815 2090 13661.788 1710.796 
741 3990 2030 13720.295 1714.682 
749 3993 2020 13718.08 1714.476 
812 3874 2090 13682.276 1713.42 
814 3852 2086 13675.123 1712.945 
779 3932 2054 13703.834 1714.716 
759 3977 2043 13717.89 1717.073 
755 3979 2026 13719.929 1717.375 
814 3873 2077 13673.873 1712.823 
749 3986 2047 13713.197 1713.936 
795 3915 2057 13706.194 1714.994 
822 3862 2078 13682.134 1714.208 
784 3924 2084 13709.301 1714.918 
779 3925 2061 13706.213 1715.397 
743 3990 2044 13719.486 1715.319 
746 3985 2026 13724.178 1716.28 
828 3841 2076 13679.56 1711.748 
739 3990 2019 13719.695 1715.167 
820 3842 2082 13670.39 1711.787 
761 3966 2063 13721.58 1715.855 
805 3847 2093 13657.588 1710.865 
897 3714 2063 13603.491 1703.012 
823 3840 2085 13672.336 1712.74 
771 3937 2072 13708.106 1714.874 
817 3856 2091 13680.662 1712.77 
781 3932 2055 13703.834 1714.411 
789 3783 2138 13628.492 1709.011 
824 3839 2075 13680.345 1713.947 
772 3947 2062 13717.04 1717.178 
789 3918 2042 13693.035 1712.966 
826 3841 2098 13668.031 1711.76 
774 3934 2064 13710.433 1715.647 
796 3914 2085 13708.449 1714.086 
781 3914 2065 13702.14 1715.343 
