209 651 439 14048.844 1764.055 
202 651 465 14065.847 1769.335 
158 715 413 14087.951 1767.772 
200 659 453 14043.013 1766.189 
192 677 479 14154.336 1778.245 
132 764 437 14196.049 1778.476 
140 760 437 14237.84 1786.475 
142 749 447 14226.985 1785.373 
155 720 425 14153.964 1779.998 
138 758 441 14213.706 1781.52 
150 728 432 14089.367 1768.327 
145 736 437 14174.773 1780.769 
144 746 449 14206.323 1781.067 
201 652 463 14067.635 1766.335 
144 747 445 14223.727 1784.381 
208 653 440 14053.791 1765.104 
136 759 442 14193.702 1776.964 
177 696 459 14149.084 1783.726 
156 719 427 14154.128 1779.686 
195 672 451 14074.287 1768.77 
179 694 476 14163.26 1784.097 
152 718 448 14091.444 1772.857 
147 738 447 14186.826 1780.35 
153 712 441 14097.893 1774.017 
206 663 452 14086.048 1770.258 
200 654 475 14079.991 1767.859 
153 727 434 14088.902 1771.993 
144 739 452 14148.214 1776.003 
149 737 444 14161.122 1780.852 
175 699 453 14092.483 1769.074 
162 709 442 14145.287 1783.103 
157 713 436 14116.676 1775.662 
193 673 478 14121.267 1774.715 
162 711 439 14143.298 1778.971 
168 706 444 14145.445 1780.049 
148 723 449 14133.38 1776.464 
196 660 473 14085.127 1765.138 
203 655 454 14052.603 1767.422 
164 713 434 14089.232 1773.134 
194 685 468 14143.221 1779.464 
187 683 470 14138.319 1777.739 
186 681 474 14135.831 1777.858 
166 710 441 14101.322 1778.191 
197 670 434 14086.018 1769.702 
151 722 442 14128.726 1777.101 
158 711 446 14126.878 1776.282 
184 695 448 14113.648 1771.855 
180 692 457 14125.981 1780.661 
190 679 472 14148.549 1778.509 
183 691 469 14151.239 1780.163 
185 686 467 14138.863 1778.547 
187 682 471 14133.369 1777.288 
167 710 447 14110.985 1773.209 
189 677 477 14134.73 1778.264 
192 686 466 14143.939 1780.424 
182 688 470 14130.836 1776.126 
181 700 450 14125.543 1775.294 
205 653 454 14081.324 1770.838 
170 707 456 14140.011 1777.619 
203 666 445 14086.918 1771.578 
159 711 440 14136.475 1781.824 
146 738 454 14152.287 1776.933 
183 696 447 14107.791 1771.481 
179 696 458 14120.705 1774.762 
191 678 473 14149.177 1778.513 
197 669 435 14086.527 1769.818 
176 712 440 14142.363 1775.255 
173 710 443 14105.542 1770.405 
166 703 447 14118.809 1778.436 
174 695 468 14131.466 1778.128 
185 693 449 14110.733 1771.891 
193 672 479 14119.973 1774.467 
195 667 476 14099.702 1771.854 
178 698 464 14153.479 1782.492 
171 701 445 14120.874 1776.064 
169 708 455 14139.673 1777.558 
189 688 464 14137.08 1778.066 
202 656 455 14066.915 1769.938 
183 685 474 14122.453 1777.828 
201 657 455 14067.451 1770.008 
157 719 434 14135.073 1781.935 
197 667 453 14079.283 1771.382 
189 688 465 14136.526 1778.352 
180 694 456 14141.385 1779.701 
147 716 455 14107.104 1771.368 
180 702 450 14129.835 1775.3 
176 709 444 14122.978 1773.194 
187 685 469 14139.779 1780.48 
187 679 477 14119.558 1776.691 
