494 2701 1387 13745.809 1724.257 
568 2641 1489 13813.302 1735.062 
462 2745 1389 13776.767 1726.945 
460 2735 1402 13766.46 1726.523 
615 2460 1457 13660.176 1710.346 
616 2467 1460 13660.438 1707.424 
615 2455 1470 13664.221 1712.374 
622 2459 1477 13668.162 1710.708 
560 2652 1488 13812.372 1736.438 
572 2631 1491 13810.314 1733.152 
574 2616 1482 13789.55 1729.276 
600 2520 1458 13697.019 1712.283 
586 2528 1407 13682.349 1711.88 
578 2526 1421 13685.7 1714.698 
461 2715 1408 13752.612 1722.263 
467 2715 1402 13756.127 1725.664 
467 2717 1398 13749.933 1724.117 
554 2656 1458 13805.47 1733.333 
577 2627 1480 13810.808 1734.015 
487 2710 1420 13773.849 1728.546 
464 2742 1401 13782.497 1728.406 
516 2690 1422 13786.387 1729.613 
569 2631 1487 13806.318 1733.751 
579 2525 1457 13685.817 1711.785 
621 2458 1471 13662.97 1711.84 
510 2674 1426 13788.079 1732.014 
466 2726 1400 13755.217 1724.372 
612 2469 1465 13666.986 1711.276 
617 2466 1461 13660.482 1707.611 
520 2681 1414 13789.234 1730.585 
518 2683 1420 13786.7 1729.346 
536 2668 1447 13801.186 1732.571 
490 2701 1410 13773.011 1728.458 
529 2680 1434 13798.034 1731.753 
543 2664 1440 13804.856 1733.917 
597 2487 1468 13666.946 1709.861 
523 2679 1439 13798.019 1731.293 
532 2670 1444 13795.354 1728.91 
522 2670 1449 13768.011 1726.957 
540 2672 1426 13805.83 1730.868 
595 2503 1455 13674.412 1713.085 
573 2617 1481 13788.874 1729.109 
514 2691 1450 13799.829 1731.075 
590 2518 1428 13680.375 1712.413 
603 2489 1414 13669.395 1709.855 
513 2700 1446 13803.332 1731.066 
583 2517 1428 13675.899 1713.424 
466 2718 1398 13751.326 1724.407 
530 2680 1437 13799.377 1730.257 
463 2714 1404 13752.726 1724.807 
591 2508 1434 13679.827 1713.55 
579 2528 1412 13663.83 1711.606 
585 2510 1439 13673.17 1713.009 
610 2481 1466 13677.244 1712.153 
583 2502 1460 13664.303 1708.412 
586 2514 1432 13683.745 1713.905 
535 2674 1431 13803.434 1730.887 
609 2495 1452 13668.066 1708.336 
464 2712 1404 13752.196 1724.876 
533 2669 1467 13800.875 1732.216 
541 2661 1457 13801.11 1730.952 
593 2521 1441 13684.773 1708.344 
603 2479 1468 13672.189 1710.371 
594 2495 1453 13679.391 1714.535 
609 2494 1447 13669.863 1709.092 
530 2680 1438 13799.915 1730.17 
601 2499 1443 13682.958 1713.913 
601 2501 1456 13685.766 1710.974 
602 2501 1445 13669.616 1709.327 
608 2478 1459 13672.834 1713.92 
533 2676 1429 13783.367 1729.292 
590 2496 1449 13678.384 1713.817 
518 2672 1444 13796.422 1731.554 
602 2512 1439 13685.111 1708.639 
605 2483 1458 13662.838 1707.463 
521 2681 1399 13772.114 1729.482 
612 2464 1460 13664.04 1711.843 
613 2468 1466 13667.71 1711.374 
601 2484 1448 13668.896 1713.474 
461 2715 1403 13751.475 1724.72 
607 2487 1450 13678.149 1713.44 
531 2672 1448 13787.606 1729.13 
593 2521 1448 13681.94 1711.376 
594 2494 1454 13679.482 1714.546 
518 2683 1421 13786.684 1729.342 
605 2509 1447 13682.469 1709.252 
606 2508 1447 13682.63 1709.291 
