880 3813 2165 13716.898 1713.456 
655 4018 2050 13688.93 1716.417 
631 4040 2001 13679.874 1713.78 
864 3839 2172 13721.666 1715.038 
760 3871 2037 13659.566 1706.416 
669 3952 2054 13642.727 1709.28 
874 3812 2171 13714.528 1713.349 
668 3967 1982 13645.016 1711.227 
871 3823 2176 13719.063 1714.005 
721 3940 2081 13684.781 1715.538 
665 3971 2014 13648.84 1710.951 
740 3896 2117 13676.214 1715.657 
776 3870 2074 13663.776 1707.305 
820 3846 2134 13700.659 1711.33 
662 3987 1999 13667.857 1714.262 
723 3919 2069 13669.206 1714.979 
690 3952 2045 13653.821 1713.987 
776 3868 2057 13669.691 1708.845 
812 3855 2114 13693.039 1710.466 
758 3875 2047 13662.217 1707.706 
641 4031 2021 13680.101 1714.274 
792 3862 2098 13679.46 1708.171 
660 4004 2035 13678.135 1715.271 
825 3844 2146 13695.558 1711.25 
868 3824 2171 13715.492 1713.381 
779 3868 2084 13676.514 1708.636 
803 3861 2101 13690.843 1709.718 
865 3838 2172 13721.633 1715.031 
846 3841 2124 13710.146 1711.954 
872 3822 2175 13718.534 1713.897 
785 3864 2094 13672.102 1708.335 
729 3903 2090 13675.255 1714.073 
837 3843 2143 13709.983 1713.27 
726 3916 2067 13670.676 1714.391 
686 3953 2031 13661.589 1714.181 
738 3900 2082 13658.082 1712.155 
734 3903 2078 13664.325 1713.445 
805 3860 2099 13691.152 1709.736 
806 3862 2094 13689.606 1709.099 
747 3876 2110 13671.305 1714.488 
830 3842 2151 13701.1 1711.868 
674 3962 2023 13654.547 1712.959 
757 3873 2064 13651.182 1709.577 
825 3853 2122 13707.963 1712.313 
813 3856 2114 13689.989 1710.068 
733 3910 2070 13665.843 1711.828 
745 3880 2062 13654.343 1710.718 
637 4023 2022 13676.007 1713.719 
752 3857 2073 13647.168 1711.411 
832 3840 2147 13702.981 1712.623 
690 3952 2043 13653.53 1714.019 
678 3950 2071 13649.422 1712.946 
753 3855 2082 13655.359 1712.723 
837 3841 2156 13705.201 1712.359 
838 3850 2123 13712.112 1712.548 
742 3898 2114 13683.147 1715.393 
763 3867 2093 13666.281 1711.021 
783 3865 2093 13672.078 1708.289 
727 3900 2095 13669.047 1714.155 
666 3959 2044 13647.573 1713.405 
822 3856 2109 13704.783 1711.495 
835 3848 2130 13704.119 1711.882 
839 3848 2125 13712.875 1712.449 
748 3867 2113 13665.533 1714.091 
841 3843 2133 13710.651 1712.496 
749 3871 2087 13666.942 1714.422 
661 3958 2061 13653.642 1712.296 
829 3844 2145 13702.497 1712.47 
792 3857 2101 13677.378 1710.111 
833 3841 2144 13704.11 1712.78 
749 3864 2092 13661.988 1712.98 
755 3858 2076 13657.787 1711.044 
745 3880 2061 13654.376 1710.718 
844 3844 2124 13708.363 1711.883 
756 3874 2064 13651.652 1709.643 
741 3878 2126 13666.807 1714.792 
837 3846 2133 13706.89 1712.841 
844 3843 2124 13708.52 1711.877 
742 3877 2126 13666.804 1714.793 
840 3847 2126 13712.407 1712.468 
755 3875 2064 13651.48 1709.611 
