661 2484 1575 13759.413 1723.001 
676 2440 1543 13714.884 1718.233 
557 2658 1506 13821.437 1740.403 
553 2683 1513 13843.798 1739.448 
536 2702 1493 13831.515 1737.989 
527 2701 1482 13821.468 1738.055 
539 2697 1477 13828.034 1739.818 
583 2610 1516 13794.691 1735.058 
669 2455 1548 13718.693 1719.611 
595 2576 1533 13767.534 1726.333 
600 2569 1547 13785.017 1730.746 
642 2500 1561 13735.217 1721.58 
539 2689 1496 13812.886 1736.652 
574 2645 1525 13823.192 1739.885 
631 2533 1554 13775.231 1728.736 
667 2467 1561 13736.924 1723.514 
616 2524 1565 13757.032 1724.135 
606 2569 1539 13770.887 1727.865 
665 2479 1567 13750.496 1722.888 
671 2475 1547 13739.936 1722.342 
575 2648 1534 13823.063 1739.744 
624 2536 1546 13763.963 1727.037 
662 2488 1526 13743.546 1722.604 
610 2557 1567 13781.435 1729.612 
535 2701 1480 13824.605 1740.194 
615 2517 1568 13749.567 1723.911 
603 2565 1541 13776.2 1729.357 
620 2534 1562 13764.665 1726.179 
558 2682 1500 13835.795 1738.489 
538 2695 1488 13817.995 1738.989 
622 2548 1559 13779.76 1730.06 
545 2693 1492 13839.589 1740.218 
648 2493 1546 13750.148 1725.644 
642 2494 1542 13738.776 1725.09 
607 2562 1542 13774.241 1728.381 
571 2665 1531 13837.217 1739.337 
544 2682 1499 13825.441 1739.472 
658 2492 1567 13755.193 1723.005 
659 2485 1558 13743.082 1723.208 
607 2560 1550 13777.206 1729.234 
571 2652 1532 13830.71 1739.909 
654 2496 1549 13745.305 1723.671 
620 2545 1561 13777.349 1728.708 
636 2516 1563 13747.137 1723.944 
612 2550 1552 13771.006 1726.833 
606 2568 1548 13779.865 1727.988 
647 2498 1543 13747.575 1724.635 
573 2657 1522 13822.643 1738.771 
614 2518 1566 13749.185 1724.234 
559 2668 1523 13827.668 1737.628 
554 2677 1507 13816.38 1739.398 
641 2511 1550 13742.259 1722.311 
567 2657 1508 13828.027 1739.781 
580 2652 1537 13832.413 1739.487 
606 2562 1544 13768.556 1728.238 
552 2685 1512 13840.806 1738.644 
572 2653 1530 13823.599 1737.971 
546 2684 1516 13833.392 1738.025 
562 2655 1523 13820.421 1739.851 
564 2655 1519 13815.649 1739.884 
557 2682 1512 13843.556 1738.661 
549 2685 1494 13837.043 1739.4 
614 2546 1563 13777.441 1729.779 
540 2686 1494 13823.355 1737.153 
661 2490 1543 13741.268 1722.023 
651 2497 1555 13744.265 1723.888 
647 2506 1556 13744.687 1724.193 
645 2509 1552 13746.394 1724.342 
565 2660 1530 13827.989 1739.837 
554 2684 1509 13840.149 1738.978 
562 2672 1504 13828.475 1736.762 
651 2496 1552 13745.411 1722.744 
559 2674 1514 13833.478 1738.873 
656 2490 1559 13743.035 1724.114 
540 2696 1478 13828.799 1740.004 
543 2694 1487 13827.641 1739.413 
611 2565 1546 13781.423 1728.236 
646 2508 1553 13746.618 1724.229 
554 2670 1505 13829.683 1740.166 
658 2499 1560 13742.984 1721.761 
635 2517 1563 13747.172 1723.945 
537 2692 1494 13822.263 1738.612 
558 2669 1523 13827.754 1738.15 
537 2695 1483 13829.213 1738.579 
542 2695 1486 13828.938 1739.906 
649 2497 1562 13742.422 1722.378 
649 2503 1558 13744.509 1724.227 
539 2689 1495 13812.932 1736.654 
537 2695 1485 13826.531 1740.007 
611 2550 1560 13777.239 1729.906 
556 2673 1514 13833.087 1739.376 
650 2502 1558 13744.747 1724.323 
613 2547 1560 13776.052 1729.855 
