457 1924 1055 13723.841 1720.658 
448 1901 1169 13736.978 1723.873 
379 2029 1095 13778.012 1729.674 
375 2012 1103 13759.028 1728.546 
393 2008 1109 13792.221 1733.847 
506 1845 1092 13707.257 1716.724 
511 1847 1079 13720.38 1719.024 
386 2009 1107 13787.537 1734.503 
502 1858 1106 13697.95 1713.19 
455 1855 1139 13674.711 1718.701 
495 1852 1085 13695.389 1718.273 
389 2004 1115 13786.072 1733.405 
484 1896 1095 13735.231 1721.787 
417 1939 1145 13753.199 1726.911 
430 1922 1139 13746.63 1724.912 
494 1879 1063 13725.271 1717.878 
423 1927 1157 13735.898 1722.297 
456 1870 1148 13681.515 1717.13 
468 1899 1097 13710.244 1717.225 
489 1903 1090 13757.899 1723.156 
393 2002 1116 13790.486 1733.55 
453 1893 1157 13710.417 1720.308 
491 1875 1062 13714.886 1719.364 
388 2014 1096 13782.542 1732.183 
453 1889 1163 13726.208 1723.845 
428 1950 1129 13763.118 1727.941 
385 2020 1087 13769.212 1729.852 
399 2007 1110 13790.481 1733.897 
453 1890 1161 13728.817 1724.193 
421 1946 1131 13753.299 1726.962 
480 1860 1098 13698.95 1716.859 
415 1949 1105 13745.879 1730.521 
490 1874 1084 13730.101 1719.426 
418 1968 1113 13767.046 1726.806 
470 1912 1072 13735.475 1721.391 
437 1923 1116 13726.283 1724.241 
404 1964 1116 13754.799 1731.408 
462 1914 1078 13729.509 1720.059 
376 2021 1088 13773.366 1730.933 
393 2002 1120 13773.542 1731.008 
473 1907 1088 13735.35 1722.27 
401 1981 1112 13776.97 1734.092 
460 1864 1147 13678.881 1718.558 
400 1996 1110 13785.056 1731.951 
496 1850 1111 13698.374 1715.387 
454 1929 1073 13738.665 1722.855 
443 1920 1165 13754.859 1725.982 
466 1911 1082 13743.398 1720.168 
503 1864 1067 13716.615 1719.401 
492 1882 1095 13720.815 1716.892 
406 1958 1135 13756.163 1727.241 
498 1866 1070 13712.56 1716.834 
433 1934 1113 13739.853 1728.301 
412 1951 1127 13747.296 1727.372 
414 1942 1145 13749.658 1727.719 
400 1984 1113 13779.682 1734.294 
408 1979 1111 13756.202 1725.407 
405 1959 1134 13757.131 1727.314 
449 1926 1081 13733.916 1720.667 
414 1991 1108 13772.116 1730.942 
493 1851 1093 13699.183 1716.976 
500 1857 1108 13705.362 1714.737 
388 2010 1102 13764.346 1729.286 
403 1976 1125 13770.174 1726.586 
422 1942 1138 13754.945 1727.818 
456 1863 1152 13676.983 1718.395 
410 1966 1130 13762.733 1726.493 
415 1955 1122 13748.399 1725.852 
504 1863 1068 13716.43 1719.358 
387 2011 1100 13764.45 1729.571 
480 1872 1108 13714.906 1714.544 
462 1908 1075 13733.637 1720.788 
471 1906 1091 13729.58 1718.933 
406 1982 1111 13764.461 1728.715 
400 1988 1113 13756.829 1729.891 
414 1977 1124 13762.653 1729.698 
405 1983 1123 13770.413 1729.963 
506 1858 1080 13723.224 1718.664 
417 1929 1148 13742.668 1726.121 
415 1932 1149 13742.757 1726.286 
456 1863 1150 13676.614 1718.414 
463 1907 1076 13735.358 1720.871 
494 1866 1085 13719.587 1718.12 
499 1863 1096 13710.319 1716.021 
412 1974 1121 13767.361 1730.546 
463 1909 1086 13720.287 1718.983 
499 1864 1075 13706.379 1716.443 
433 1933 1115 13740.192 1728.338 
401 1995 1111 13786.025 1731.971 
481 1871 1108 13715.054 1714.579 
405 1945 1113 13743.919 1730.908 
443 1903 1166 13723.376 1722.995 
496 1872 1063 13711.437 1716.56 
499 1863 1109 13712.996 1714.983 
415 1952 1123 13746.68 1725.654 
436 1924 1115 13725.482 1724.222 
436 1923 1157 13749.584 1724.73 
