648 2366 1421 13606.843 1707.088 
576 2594 1489 13765.369 1728.867 
478 2687 1406 13735.296 1724.782 
628 2370 1420 13589.377 1706.744 
572 2610 1480 13774.031 1730.346 
629 2407 1401 13612.097 1708.617 
567 2615 1468 13780.349 1729.458 
635 2376 1427 13601.266 1706.13 
646 2364 1418 13606.606 1707.287 
607 2510 1440 13710.9 1719.721 
639 2397 1409 13625.871 1709.126 
605 2495 1442 13688.857 1717.694 
625 2445 1423 13646.351 1711.758 
624 2455 1416 13654.998 1713.34 
602 2537 1436 13718.619 1720.606 
595 2562 1488 13748.398 1726.427 
518 2639 1450 13727.632 1721.401 
561 2611 1477 13768.964 1729.899 
534 2643 1444 13755.435 1728.355 
506 2659 1425 13731.465 1722.679 
623 2476 1436 13671.324 1714.633 
604 2532 1459 13733.855 1723.379 
594 2570 1456 13741.703 1721.688 
614 2417 1447 13608.762 1707.224 
626 2402 1405 13618.686 1707.049 
575 2608 1471 13764.134 1728.131 
621 2477 1421 13666.622 1713.018 
630 2385 1412 13598.166 1708.224 
613 2481 1414 13668.344 1715.829 
577 2598 1485 13773.03 1729.66 
612 2477 1415 13663.089 1713.929 
625 2447 1420 13644.764 1711.798 
591 2585 1488 13764.006 1727.803 
499 2655 1418 13725.393 1723.675 
610 2475 1418 13665.39 1715.6 
551 2626 1403 13736.947 1724.482 
628 2398 1412 13613.064 1708.163 
592 2577 1450 13733.444 1722.883 
604 2535 1436 13717.081 1720.888 
495 2673 1409 13736.888 1724.533 
483 2683 1407 13737.987 1724.641 
556 2620 1439 13749.246 1723.858 
579 2581 1485 13754.191 1727.992 
542 2640 1425 13754.372 1725.678 
550 2630 1467 13765.26 1728.573 
578 2592 1462 13756.737 1725.628 
579 2593 1431 13724.421 1719.76 
585 2588 1471 13758.882 1725.089 
539 2635 1435 13757.519 1727.518 
545 2632 1432 13745.744 1722.279 
570 2618 1430 13744.496 1722.387 
638 2385 1411 13606.916 1707.042 
580 2591 1465 13751.115 1723.597 
492 2664 1431 13733.528 1723.925 
613 2483 1407 13664.728 1715.232 
609 2486 1415 13667.351 1715.763 
565 2616 1427 13745.091 1723.223 
513 2670 1413 13750.656 1726.81 
490 2679 1419 13744.607 1725.591 
562 2618 1453 13750.297 1722.887 
536 2635 1437 13747.309 1724.178 
624 2448 1421 13648.315 1711.887 
535 2641 1445 13754.275 1728.209 
554 2635 1417 13752.295 1723.821 
577 2609 1434 13741.705 1723.669 
484 2682 1407 13737.987 1724.624 
626 2391 1415 13603.661 1706.733 
581 2590 1466 13750.488 1723.395 
537 2654 1435 13775.454 1729.209 
560 2617 1456 13756.574 1724.12 
615 2416 1447 13608.91 1707.248 
635 2379 1413 13601.447 1706.451 
515 2672 1414 13756.805 1726.155 
559 2628 1429 13756.53 1723.909 
639 2373 1420 13606.99 1706.5 
624 2447 1421 13647.651 1711.956 
636 2378 1415 13602.297 1706.459 
538 2652 1436 13775.074 1729.179 
642 2368 1412 13605.413 1706.65 
554 2629 1420 13748.938 1722.984 
584 2589 1471 13758.795 1725.067 
562 2618 1452 13750.554 1722.963 
545 2631 1432 13745.958 1722.283 
555 2633 1419 13745.68 1723.997 
609 2482 1414 13668.233 1714.677 
537 2653 1436 13774.584 1729.108 
516 2671 1414 13757.03 1726.17 
568 2616 1422 13747.279 1723.915 
