147 724 403 14099.318 1774.077 
116 749 371 14056.639 1762.808 
150 718 407 14078.349 1774.747 
176 664 448 13993.945 1758.81 
198 619 433 13869.361 1751.779 
194 627 428 13878.905 1750.626 
199 623 431 13866.449 1754.365 
187 642 422 13903.168 1754.39 
159 677 436 13956.081 1752.42 
149 720 412 14068.026 1771.053 
143 706 413 14021.213 1764.719 
152 696 406 14001.658 1757.19 
193 633 427 13894.237 1753.927 
132 732 394 14047.541 1766.778 
168 676 429 13984.387 1758.413 
120 747 376 14051.539 1763.23 
144 723 405 14088.588 1772.254 
186 636 428 13887.06 1754.449 
136 730 398 14082.013 1768.437 
174 672 437 14008.134 1762.576 
124 740 391 14073.652 1768.306 
129 734 394 14060.275 1767.893 
127 737 390 14078.56 1769.083 
142 710 415 14028.669 1764.085 
188 634 426 13885.096 1755.446 
172 668 443 13982.141 1759.001 
150 694 408 13975.392 1758.905 
152 706 402 14039.445 1764.454 
192 629 430 13870.086 1754.883 
141 711 414 14032.257 1766.079 
185 650 445 13965.567 1756.557 
129 736 384 14054.252 1770.034 
192 635 424 13882.654 1754.4 
136 732 392 14074.527 1769.7 
179 655 442 13958.117 1756.78 
130 734 389 14048.569 1765.415 
120 747 383 14045.411 1765.619 
163 677 428 13993.244 1761.42 
141 729 392 14083.368 1772.738 
160 685 424 14012.488 1762.954 
139 728 401 14073.685 1767.725 
154 689 421 13969.343 1757.352 
181 658 442 13971.717 1755.157 
137 729 399 14084.552 1768.687 
128 733 386 14051.871 1768.752 
166 676 432 13996.132 1760.795 
179 657 441 13977.156 1761.984 
165 682 422 13983.183 1757.931 
140 726 393 14059.923 1767.611 
119 748 377 14051.6 1763.052 
174 665 444 13969.311 1753.065 
129 736 388 14041.741 1766.458 
158 678 435 13956.554 1752.481 
141 712 414 14030.935 1764.094 
157 686 419 13995.299 1759.312 
177 662 438 13988.15 1763.694 
174 674 435 14001.11 1762.773 
126 742 388 14085.602 1769.836 
121 746 379 14057.279 1764.079 
149 719 407 14077.558 1774.622 
176 669 436 13996.483 1760.598 
144 690 423 13978.81 1756.287 
153 694 405 13997.221 1756.344 
143 725 404 14087.155 1772.056 
128 742 393 14083.378 1767.271 
152 690 416 13965.166 1754.205 
117 745 381 14045.695 1764.347 
177 663 446 13977.867 1754.978 
121 744 384 14053.048 1762.97 
155 688 423 13972.109 1757.718 
172 671 441 14004.085 1764.217 
183 653 443 13967.344 1756.839 
178 661 445 13988.113 1758.761 
123 729 403 14011.533 1765.011 
167 679 427 13975.04 1757.713 
122 730 403 14012.219 1765.122 
178 665 442 13994.457 1759.449 
192 634 425 13893.771 1753.976 
173 672 444 13996.685 1757.424 
161 681 426 13989.42 1760.268 
162 680 427 13991.916 1760.296 
193 628 430 13869.518 1754.77 
180 662 439 13986.366 1759.732 
130 733 378 14046.964 1767.847 
160 682 425 13986.931 1760.061 
150 724 407 14086.162 1772.533 
178 664 444 13977.351 1755.576 
179 661 433 14004.428 1757.108 
117 745 380 14045.737 1764.352 
179 663 440 13986.898 1759.73 
164 681 431 13986.193 1759.609 
139 722 412 14073.01 1769.352 
159 688 427 13989.359 1757.074 
142 725 404 14087.353 1772.087 
166 681 423 13982.288 1757.855 
