326 1255 804 13780.919 1726.354 
274 1379 769 13920.382 1751.999 
351 1231 784 13770.084 1728.547 
305 1321 761 13863.779 1737.486 
319 1288 765 13825.578 1734.94 
329 1268 792 13801.476 1729.486 
268 1381 756 13918.172 1748.073 
270 1380 768 13914.917 1750.93 
283 1369 764 13915.791 1747.685 
343 1235 779 13757.425 1728.476 
327 1258 796 13787.662 1727.277 
341 1227 776 13749.026 1728.596 
308 1309 742 13821.513 1733.476 
329 1250 802 13778.368 1726.878 
295 1365 780 13939.241 1754.151 
280 1375 772 13925.014 1751.37 
309 1289 800 13810.963 1735.131 
352 1231 780 13750.222 1726.688 
262 1390 761 13921.832 1749.445 
261 1391 761 13921.295 1749.394 
322 1285 798 13826.003 1735.218 
350 1234 785 13751.026 1726.23 
304 1338 765 13874.998 1745.645 
342 1241 765 13751.554 1729.763 
273 1382 767 13919.901 1748.015 
299 1359 788 13936.516 1752.925 
347 1233 759 13749.1 1726.356 
306 1321 761 13863.764 1737.485 
307 1305 757 13800.411 1732.979 
294 1366 779 13938.719 1754.068 
318 1298 792 13836.322 1736.808 
281 1380 758 13927.23 1751.7 
274 1380 769 13914.84 1750.326 
332 1288 790 13821.994 1733.346 
279 1378 768 13923.369 1750.806 
330 1271 795 13801.275 1730.284 
335 1283 787 13836.089 1736.018 
326 1256 803 13782.191 1726.615 
320 1295 797 13833.842 1734.64 
342 1254 779 13763.56 1724.394 
298 1360 788 13936.142 1752.884 
319 1297 766 13806.748 1728.493 
265 1386 761 13937.9 1752.303 
343 1234 773 13762.873 1723.49 
302 1303 774 13804.819 1730.334 
293 1362 783 13938.981 1752.727 
318 1302 798 13845.454 1736.611 
323 1282 800 13819.009 1734.889 
324 1284 773 13823.029 1735.42 
341 1255 768 13766.134 1723.83 
279 1376 767 13923.646 1749.978 
326 1279 793 13822.835 1735.034 
333 1243 802 13772.033 1726.849 
282 1373 775 13940.039 1753.337 
303 1339 764 13873.828 1745.368 
327 1258 796 13788.981 1727.143 
344 1247 779 13750.077 1722.933 
274 1381 759 13900.479 1747.143 
285 1368 778 13914.282 1751.17 
277 1378 767 13931.942 1748.875 
340 1270 791 13822.684 1733.623 
324 1288 796 13827.114 1733.313 
320 1292 793 13822.079 1737.06 
