924 3639 2130 13618.718 1704.213 
683 3982 1952 13656.257 1710.326 
925 3651 2119 13617.998 1703.754 
856 3752 2178 13646.226 1708.559 
786 3798 2035 13593.343 1698.779 
756 3789 2080 13589.167 1700.123 
708 3973 1974 13672.311 1711.031 
678 3969 1979 13635.598 1706.352 
713 3958 1992 13663.517 1709.644 
904 3689 2135 13644.028 1706.433 
890 3730 2099 13640.824 1707.05 
847 3763 2164 13646.208 1709.042 
813 3784 2106 13644.426 1706.879 
725 3938 1978 13662.085 1710.549 
912 3662 2102 13617.101 1703.23 
742 3860 2005 13625.199 1703.846 
877 3713 2155 13634.855 1706.825 
691 3970 1975 13654.555 1707.554 
861 3738 2175 13633.824 1707.149 
856 3748 2141 13649.585 1709.299 
735 3875 1981 13619.441 1702.892 
750 3808 2088 13596.759 1701.292 
762 3832 2028 13626.59 1702.873 
869 3739 2150 13650.426 1709.51 
712 3940 1967 13659.952 1710.272 
727 3902 1994 13640.053 1707.187 
714 3898 2001 13631.731 1705.782 
772 3816 2040 13611.573 1701.785 
733 3839 2011 13601.523 1700.431 
710 3944 2001 13652.69 1709.105 
749 3845 1973 13602.531 1701.593 
725 3885 2028 13617.128 1702.241 
880 3704 2129 13626.685 1705.035 
738 3813 2085 13604.451 1703.368 
732 3878 1992 13629.001 1704.411 
715 3921 1987 13653.174 1708.696 
718 3909 1979 13643.024 1706.23 
907 3701 2127 13637.243 1706.148 
731 3901 1999 13647.233 1708.067 
721 3869 2010 13614.544 1702.877 
708 3942 1986 13650.91 1709.997 
791 3806 2034 13616.251 1706.832 
768 3820 2062 13608.262 1704.344 
873 3736 2131 13638.096 1705.443 
733 3846 2039 13605.389 1699.502 
821 3795 2070 13626.97 1705.99 
753 3814 2078 13600.63 1699.745 
820 3796 2069 13626.768 1705.95 
831 3769 2107 13656.368 1707.881 
837 3776 2093 13635.105 1706.321 
776 3800 2051 13599.513 1703.52 
763 3824 2059 13607.0 1703.719 
717 3914 1989 13649.226 1708.136 
751 3789 2071 13600.822 1702.123 
896 3705 2094 13626.324 1704.468 
755 3791 2079 13589.557 1700.163 
827 3765 2120 13645.37 1708.007 
740 3872 1992 13617.062 1702.457 
909 3651 2124 13608.702 1703.845 
770 3828 2044 13606.438 1705.756 
749 3820 2069 13601.631 1701.9 
731 3840 2009 13596.4 1700.908 
770 3830 2048 13603.999 1699.524 
768 3825 2038 13613.12 1703.598 
720 3852 2034 13606.532 1698.802 
781 3813 2035 13599.701 1699.018 
872 3735 2132 13637.568 1705.367 
922 3648 2127 13623.02 1704.779 
731 3871 2005 13622.761 1704.274 
767 3799 2069 13594.574 1699.679 
831 3778 2117 13650.111 1708.45 
707 3943 1986 13650.674 1710.059 
844 3755 2111 13653.775 1707.908 
916 3661 2121 13623.239 1704.836 
767 3829 2045 13599.958 1699.946 
863 3754 2123 13650.17 1708.798 
762 3834 2056 13616.892 1706.312 
782 3810 2036 13599.556 1698.979 
775 3801 2051 13599.572 1703.529 
790 3807 2033 13616.432 1706.866 
835 3771 2105 13650.404 1708.287 
846 3767 2119 13655.831 1707.879 
716 3920 1979 13653.312 1708.875 
830 3771 2119 13648.586 1708.423 
896 3692 2153 13637.446 1707.538 
921 3649 2126 13623.138 1704.801 
829 3767 2123 13626.889 1705.197 
755 3788 2097 13606.952 1701.802 
896 3693 2151 13637.968 1707.668 
897 3691 2154 13637.469 1707.539 
836 3769 2105 13650.004 1708.253 
878 3712 2154 13634.937 1706.854 
678 3970 1979 13635.94 1706.269 
