810 3898 2113 13716.386 1721.738 
917 3682 2154 13649.32 1709.766 
936 3653 2136 13644.659 1710.755 
924 3661 2153 13642.101 1710.748 
786 3929 2065 13700.909 1721.296 
899 3716 2181 13658.624 1712.151 
776 3943 2073 13700.882 1719.508 
783 3932 2069 13692.758 1719.003 
842 3835 2123 13683.711 1717.273 
804 3903 2109 13703.347 1719.675 
847 3814 2128 13679.445 1716.303 
843 3836 2114 13684.967 1717.059 
906 3690 2176 13653.319 1710.933 
781 3931 2067 13690.806 1719.272 
932 3684 2150 13664.605 1712.899 
838 3859 2142 13699.319 1719.239 
866 3780 2127 13671.129 1715.193 
866 3762 2129 13663.649 1712.575 
856 3822 2118 13682.471 1717.004 
830 3873 2123 13700.983 1719.456 
823 3882 2120 13696.487 1720.212 
782 3936 2071 13694.398 1719.072 
826 3868 2143 13705.733 1720.472 
855 3799 2123 13681.49 1716.055 
825 3873 2132 13708.641 1720.097 
901 3713 2175 13654.821 1711.756 
830 3845 2130 13692.496 1719.277 
848 3828 2101 13675.395 1714.783 
788 3923 2089 13698.85 1719.482 
919 3668 2155 13647.066 1711.26 
794 3916 2092 13712.039 1721.137 
820 3888 2125 13712.197 1720.999 
860 3774 2139 13674.74 1714.599 
850 3829 2130 13673.938 1715.568 
791 3921 2078 13699.921 1721.547 
842 3839 2104 13677.594 1714.645 
792 3915 2097 13697.141 1719.009 
827 3855 2122 13699.782 1720.329 
795 3905 2077 13700.069 1720.679 
892 3737 2170 13673.145 1713.219 
906 3693 2156 13661.258 1712.77 
878 3750 2143 13662.911 1711.704 
808 3897 2121 13713.828 1721.034 
881 3742 2161 13666.172 1713.575 
902 3719 2162 13656.897 1711.509 
847 3828 2112 13680.007 1716.199 
798 3920 2088 13704.409 1720.662 
841 3840 2103 13677.002 1714.528 
911 3720 2154 13663.589 1713.98 
923 3665 2151 13642.72 1710.528 
883 3740 2163 13666.462 1713.613 
873 3747 2146 13666.826 1713.609 
801 3911 2071 13703.851 1721.222 
815 3893 2113 13703.381 1720.437 
897 3720 2175 13659.776 1712.466 
915 3693 2161 13660.37 1711.666 
914 3708 2147 13657.211 1710.548 
841 3842 2083 13678.906 1717.121 
924 3658 2158 13643.277 1711.131 
845 3832 2096 13669.34 1714.18 
913 3699 2169 13658.64 1712.514 
888 3727 2149 13668.001 1714.28 
913 3697 2149 13661.544 1713.007 
857 3783 2145 13670.308 1714.006 
861 3775 2138 13675.122 1714.649 
871 3754 2141 13659.9 1711.981 
825 3871 2121 13705.088 1720.768 
848 3791 2144 13665.366 1714.73 
803 3901 2086 13703.509 1720.312 
920 3669 2156 13643.106 1710.666 
785 3930 2095 13709.589 1720.098 
923 3660 2158 13643.904 1711.2 
848 3793 2152 13669.152 1713.733 
862 3782 2123 13667.108 1715.407 
812 3900 2125 13708.905 1721.071 
840 3844 2096 13677.14 1714.321 
854 3799 2123 13680.843 1716.064 
847 3786 2153 13663.952 1713.909 
798 3907 2097 13710.095 1719.032 
905 3718 2166 13661.34 1710.291 
811 3896 2113 13715.531 1721.575 
852 3823 2140 13673.245 1715.426 
854 3784 2134 13659.945 1712.541 
841 3842 2084 13678.899 1717.121 
780 3942 2095 13714.776 1721.163 
876 3749 2130 13666.414 1713.703 
900 3715 2181 13658.763 1712.16 
846 3830 2097 13669.047 1714.067 
790 3927 2071 13700.286 1720.748 
903 3714 2170 13658.955 1710.819 
901 3714 2164 13659.757 1710.961 
900 3731 2172 13670.905 1713.201 
881 3736 2155 13666.377 1713.715 
802 3913 2122 13709.283 1720.401 
852 3823 2139 13673.368 1715.374 
822 3884 2124 13711.089 1720.962 
890 3739 2170 13672.723 1713.126 
