982 4258 2423 13566.802 1698.708 
991 4268 2414 13572.42 1699.188 
943 4325 2344 13565.718 1700.469 
799 4603 2295 13641.31 1711.193 
804 4589 2275 13629.194 1709.119 
951 4318 2454 13574.398 1695.828 
925 4380 2457 13601.892 1700.769 
897 4454 2413 13625.411 1704.494 
827 4555 2345 13627.747 1707.962 
851 4523 2308 13625.522 1706.845 
954 4324 2367 13573.44 1701.281 
847 4542 2330 13635.073 1709.16 
918 4393 2404 13587.511 1697.449 
976 4303 2413 13581.505 1701.669 
826 4559 2290 13626.229 1708.771 
966 4339 2453 13595.982 1698.52 
915 4393 2408 13592.321 1697.443 
845 4546 2338 13637.614 1709.958 
902 4442 2424 13619.919 1703.725 
859 4481 2301 13603.612 1706.897 
982 4284 2389 13570.792 1701.001 
912 4431 2421 13624.5 1703.045 
947 4363 2441 13602.414 1700.452 
977 4300 2400 13577.416 1701.405 
907 4415 2431 13607.505 1701.277 
948 4352 2429 13590.772 1697.696 
887 4465 2417 13623.591 1703.367 
842 4502 2380 13611.723 1701.208 
978 4308 2395 13579.27 1702.068 
942 4327 2344 13566.4 1700.518 
821 4550 2315 13622.333 1708.443 
818 4568 2309 13629.216 1709.467 
934 4375 2423 13604.916 1700.967 
860 4498 2378 13613.696 1702.46 
933 4380 2426 13598.502 1699.112 
882 4456 2448 13621.372 1703.946 
824 4556 2312 13633.432 1710.476 
822 4576 2312 13632.036 1708.941 
881 4462 2434 13616.209 1699.681 
929 4377 2449 13597.157 1697.831 
829 4548 2296 13622.542 1708.746 
960 4322 2385 13577.244 1700.672 
986 4277 2408 13568.94 1699.147 
815 4584 2297 13635.64 1709.443 
891 4394 2454 13601.124 1700.344 
863 4473 2414 13609.81 1702.276 
850 4528 2340 13630.088 1709.283 
980 4280 2392 13566.821 1699.85 
979 4272 2409 13568.263 1700.101 
968 4312 2378 13575.69 1700.985 
814 4563 2307 13632.701 1709.722 
909 4404 2447 13613.536 1703.006 
948 4353 2429 13591.162 1697.674 
846 4488 2407 13608.683 1702.376 
916 4390 2386 13595.109 1700.695 
964 4313 2375 13578.468 1701.889 
804 4576 2303 13633.776 1708.974 
853 4524 2296 13622.687 1708.6 
885 4480 2393 13617.1 1701.334 
877 4474 2408 13612.139 1699.468 
960 4320 2376 13581.049 1702.254 
906 4410 2447 13610.885 1701.914 
990 4272 2415 13574.238 1699.424 
824 4572 2305 13634.547 1709.939 
858 4492 2398 13619.33 1703.265 
920 4390 2408 13599.818 1699.324 
913 4391 2418 13604.213 1702.201 
857 4493 2398 13619.75 1703.336 
917 4382 2436 13596.137 1700.598 
809 4587 2300 13636.717 1709.839 
911 4396 2446 13612.47 1701.681 
983 4278 2388 13566.407 1699.551 
879 4457 2443 13618.83 1703.643 
911 4402 2423 13600.5 1701.019 
923 4382 2378 13573.584 1701.786 
894 4423 2449 13610.337 1701.494 
918 4388 2446 13602.259 1698.817 
809 4587 2299 13637.044 1709.888 
930 4366 2373 13574.745 1701.579 
828 4553 2300 13627.295 1709.109 
924 4379 2406 13596.685 1700.906 
884 4465 2430 13620.463 1701.598 
927 4371 2447 13601.85 1700.932 
906 4407 2451 13604.09 1701.48 
814 4585 2296 13634.905 1709.301 
928 4376 2445 13608.089 1701.564 
882 4461 2435 13616.62 1699.776 
943 4366 2446 13601.332 1700.088 
960 4316 2394 13575.916 1700.65 
931 4365 2374 13574.867 1701.598 
805 4585 2300 13633.428 1710.271 
