364 2064 1079 13797.081 1725.487 
365 2068 1077 13798.916 1725.125 
436 1979 1106 13805.557 1735.613 
390 2036 1035 13770.869 1723.94 
461 1931 1186 13783.252 1731.65 
462 1912 1165 13748.722 1728.396 
371 2060 1090 13807.47 1727.088 
478 1895 1168 13755.786 1724.179 
392 2021 1085 13784.824 1721.309 
470 1907 1161 13758.8 1723.475 
462 1917 1141 13753.86 1721.756 
393 2017 1078 13782.334 1721.891 
463 1922 1138 13765.109 1727.879 
424 1949 1149 13756.0 1728.324 
449 1967 1128 13783.62 1729.041 
436 1982 1101 13766.748 1729.936 
460 1941 1121 13777.25 1730.93 
432 1985 1108 13804.295 1734.548 
418 1998 1095 13777.616 1730.663 
388 2043 1047 13781.332 1725.986 
417 1999 1095 13777.801 1730.683 
390 2033 1041 13770.319 1724.683 
447 1937 1170 13779.658 1731.906 
378 2046 1080 13798.509 1725.905 
441 1972 1119 13800.143 1732.285 
466 1910 1174 13768.748 1728.622 
407 2017 1062 13776.701 1725.393 
382 2041 1055 13790.556 1727.677 
473 1897 1156 13756.29 1724.766 
472 1905 1157 13749.074 1726.245 
465 1918 1137 13765.804 1727.504 
373 2057 1083 13802.611 1726.522 
474 1900 1151 13755.456 1723.86 
434 1990 1107 13794.589 1734.404 
410 2010 1056 13776.352 1723.822 
405 2002 1097 13792.017 1726.465 
453 1934 1157 13763.852 1728.986 
438 1948 1139 13766.628 1726.656 
438 1975 1122 13800.608 1734.91 
464 1912 1155 13762.724 1726.376 
477 1896 1167 13755.292 1724.103 
436 1979 1107 13806.067 1735.605 
437 1959 1145 13775.187 1725.873 
396 2006 1084 13779.5 1725.294 
400 2014 1093 13790.911 1723.54 
408 1993 1094 13780.419 1724.566 
381 2041 1083 13783.809 1724.845 
377 2055 1084 13802.697 1726.035 
409 2009 1058 13760.696 1724.028 
442 1950 1133 13770.799 1725.616 
455 1941 1146 13765.515 1728.457 
385 2025 1075 13788.217 1726.39 
444 1960 1125 13797.826 1734.185 
470 1902 1162 13760.588 1724.981 
445 1955 1130 13773.713 1728.071 
456 1934 1140 13774.185 1730.254 
454 1950 1115 13781.22 1732.847 
386 2029 1090 13790.816 1725.754 
384 2043 1073 13794.267 1724.519 
457 1936 1153 13755.889 1727.989 
436 1977 1113 13791.054 1733.201 
392 2027 1073 13790.162 1724.088 
377 2056 1084 13803.396 1725.886 
444 1964 1115 13781.024 1731.564 
444 1962 1115 13789.218 1733.005 
469 1915 1164 13761.691 1728.727 
440 1969 1110 13793.745 1733.954 
369 2062 1076 13801.675 1726.381 
452 1955 1122 13786.046 1731.571 
388 2032 1065 13772.14 1723.755 
368 2065 1075 13795.235 1725.111 
446 1953 1121 13794.515 1733.673 
390 2012 1088 13782.211 1724.047 
397 2007 1080 13774.779 1725.493 
439 1968 1122 13793.404 1733.506 
427 1983 1115 13800.072 1734.109 
441 1956 1129 13785.343 1733.727 
454 1934 1162 13769.442 1727.243 
401 2013 1094 13791.808 1723.725 
466 1911 1173 13768.201 1728.578 
403 2023 1070 13792.097 1726.576 
451 1950 1131 13795.696 1734.407 
382 2035 1070 13785.556 1724.916 
428 1981 1116 13799.377 1734.027 
435 1961 1137 13774.56 1728.886 
366 2062 1078 13796.252 1724.959 
417 1985 1118 13774.014 1730.09 
389 2032 1081 13790.302 1723.619 
430 1982 1113 13766.364 1727.579 
394 2007 1089 13780.54 1725.362 
440 1965 1120 13799.708 1732.875 
439 1955 1132 13792.613 1731.634 
431 1980 1110 13788.281 1733.093 
438 1976 1111 13784.206 1731.86 
367 2063 1074 13798.099 1726.031 
403 2004 1099 13790.859 1725.964 
