222 1401 713 13821.848 1736.579 
259 1376 755 13867.123 1740.406 
222 1401 712 13821.894 1736.584 
237 1393 732 13840.894 1742.368 
347 1227 853 13740.314 1720.805 
278 1292 765 13720.528 1721.38 
372 1203 813 13729.751 1718.161 
374 1206 811 13734.278 1719.327 
371 1200 816 13736.136 1719.559 
287 1320 709 13756.315 1726.916 
329 1259 800 13792.721 1728.906 
312 1285 790 13780.922 1724.463 
257 1366 756 13850.996 1738.083 
233 1395 724 13834.788 1741.356 
270 1358 717 13814.493 1733.397 
262 1332 773 13793.69 1730.386 
228 1397 736 13848.119 1737.616 
297 1306 734 13769.044 1735.251 
290 1322 712 13764.652 1726.735 
304 1294 764 13748.398 1727.725 
248 1383 739 13838.373 1740.058 
271 1347 734 13809.204 1733.761 
243 1379 744 13823.467 1742.133 
267 1343 747 13810.66 1735.143 
369 1210 804 13739.881 1723.18 
251 1384 736 13831.928 1740.768 
367 1201 814 13726.128 1718.174 
360 1235 816 13756.458 1722.136 
334 1266 824 13786.605 1730.165 
355 1216 847 13732.788 1719.162 
338 1263 832 13790.468 1730.967 
282 1300 752 13740.504 1721.401 
261 1372 754 13840.628 1738.489 
245 1387 741 13827.992 1737.011 
364 1205 823 13721.575 1718.745 
323 1270 813 13803.13 1730.061 
260 1338 767 13799.036 1731.555 
256 1366 754 13842.607 1740.622 
232 1396 723 13825.157 1739.069 
318 1275 809 13767.079 1728.37 
363 1219 826 13759.502 1727.557 
323 1279 806 13797.093 1732.484 
254 1360 757 13802.661 1732.864 
336 1249 837 13792.044 1730.485 
361 1224 811 13741.828 1723.804 
280 1314 742 13778.452 1729.352 
326 1274 817 13797.111 1732.077 
347 1225 851 13735.899 1720.829 
247 1387 738 13836.888 1736.375 
358 1242 819 13784.509 1725.872 
287 1309 745 13763.781 1724.673 
265 1336 757 13784.29 1735.567 
356 1220 840 13746.839 1720.54 
353 1250 818 13781.303 1726.437 
300 1306 749 13794.601 1727.337 
275 1336 743 13799.83 1730.881 
320 1281 805 13804.085 1726.601 
254 1369 737 13810.249 1740.979 
317 1284 808 13784.25 1728.131 
348 1230 823 13744.78 1721.357 
369 1210 803 13739.907 1723.182 
245 1390 747 13820.034 1735.405 
351 1223 840 13749.373 1720.68 
226 1400 717 13812.823 1736.874 
350 1227 822 13751.871 1724.92 
226 1400 716 13813.005 1736.902 
237 1380 750 13818.305 1731.408 
284 1320 737 13805.285 1731.211 
289 1317 731 13776.639 1727.079 
345 1236 828 13773.429 1725.588 
338 1248 838 13794.45 1730.752 
250 1388 736 13848.62 1741.658 
278 1315 759 13788.988 1732.666 
279 1333 753 13795.36 1732.053 
343 1234 828 13772.051 1726.398 
278 1327 737 13808.215 1734.044 
268 1338 761 13790.028 1729.309 
371 1204 812 13731.539 1718.391 
349 1244 820 13774.951 1725.73 
272 1318 742 13778.632 1732.771 
341 1240 821 13791.566 1727.025 
330 1266 816 13774.537 1731.519 
279 1291 766 13720.913 1721.448 
342 1239 823 13768.158 1728.479 
285 1309 751 13775.357 1724.721 
344 1233 829 13772.567 1726.493 
303 1287 815 13782.982 1727.869 
343 1239 832 13759.044 1724.018 
255 1344 758 13797.535 1730.87 
262 1339 766 13782.288 1729.207 
278 1327 738 13808.184 1734.038 
315 1280 814 13788.119 1729.334 
346 1229 831 13756.024 1725.025 
302 1288 814 13782.642 1727.773 
