439 1982 1161 13855.361 1737.781 
446 1957 1187 13821.919 1733.737 
345 2018 1052 13694.965 1718.242 
337 2027 1024 13702.006 1718.516 
360 2024 1050 13734.285 1723.827 
410 2008 1155 13833.934 1736.277 
462 1930 1175 13787.617 1728.51 
416 2003 1139 13851.982 1736.663 
482 1903 1099 13746.816 1719.066 
488 1880 1113 13731.227 1717.705 
342 2017 1050 13731.343 1725.647 
427 1993 1157 13847.965 1737.092 
441 1978 1170 13829.286 1731.807 
419 2001 1151 13828.501 1734.526 
475 1907 1085 13734.726 1717.882 
412 2007 1158 13837.027 1736.868 
455 1939 1186 13788.646 1727.625 
335 2026 1067 13720.189 1722.66 
450 1957 1172 13802.421 1729.348 
498 1851 1102 13704.26 1714.763 
334 2034 1063 13713.058 1723.154 
428 1986 1163 13830.419 1732.95 
454 1952 1153 13814.694 1733.241 
324 2039 1052 13703.032 1721.145 
423 1997 1164 13836.592 1734.934 
494 1869 1108 13715.106 1715.763 
500 1857 1101 13709.034 1716.051 
495 1863 1108 13708.969 1714.583 
501 1858 1097 13715.504 1716.601 
497 1858 1110 13712.551 1715.726 
349 2014 1064 13715.101 1720.461 
420 1992 1163 13827.269 1736.399 
486 1891 1095 13737.22 1719.681 
322 2042 1056 13716.909 1723.204 
348 2017 1064 13716.983 1720.58 
431 1985 1169 13825.678 1735.87 
482 1906 1092 13744.862 1718.331 
453 1952 1162 13826.596 1733.994 
493 1877 1099 13729.422 1718.214 
418 1986 1166 13818.36 1733.837 
484 1900 1090 13737.165 1718.654 
465 1939 1173 13805.438 1729.847 
479 1898 1094 13740.646 1719.314 
421 1986 1162 13821.314 1735.685 
444 1961 1166 13805.1 1731.741 
461 1931 1174 13787.935 1728.527 
480 1893 1112 13742.695 1718.602 
449 1959 1159 13811.372 1730.892 
491 1888 1106 13733.231 1716.96 
491 1897 1104 13743.769 1718.981 
477 1901 1102 13733.852 1716.578 
476 1900 1100 13739.964 1719.314 
496 1875 1106 13726.273 1715.968 
339 2012 1051 13719.04 1722.943 
491 1886 1112 13743.673 1719.025 
492 1865 1106 13714.445 1716.163 
492 1892 1093 13737.053 1717.637 
485 1889 1106 13731.215 1717.248 
496 1875 1105 13727.271 1716.133 
342 2013 1068 13718.535 1721.635 
461 1939 1168 13799.574 1730.856 
343 2016 1051 13714.131 1723.242 
473 1896 1106 13736.161 1717.863 
337 2018 1062 13703.02 1719.613 
450 1950 1169 13820.701 1734.782 
342 2009 1059 13719.852 1722.845 
483 1889 1111 13739.967 1718.611 
442 1963 1180 13809.924 1731.364 
332 2037 1057 13713.583 1722.767 
460 1956 1185 13824.658 1731.596 
344 2026 1056 13717.397 1721.085 
329 2036 1034 13713.992 1723.795 
353 2011 1071 13701.76 1719.573 
446 1962 1174 13817.215 1730.225 
452 1947 1188 13820.494 1731.984 
322 2046 1060 13715.735 1722.116 
337 2027 1023 13702.037 1718.519 
429 1985 1141 13823.36 1736.067 
496 1873 1103 13723.003 1717.395 
450 1950 1168 13820.716 1734.785 
502 1847 1101 13703.541 1714.455 
447 1954 1156 13813.169 1731.638 
471 1934 1171 13817.713 1732.943 
443 1965 1177 13814.401 1732.921 
