1131 4921 2811 13573.868 1701.557 
956 5228 2714 13620.675 1707.133 
1077 5118 2761 13647.736 1711.886 
1091 5060 2820 13627.367 1709.612 
1066 5125 2761 13644.281 1710.972 
1006 5159 2747 13632.857 1711.477 
1118 4943 2808 13581.67 1701.758 
1144 4943 2789 13587.301 1702.933 
1075 5140 2743 13647.036 1711.425 
967 5186 2734 13612.803 1705.825 
1042 5098 2775 13613.334 1706.065 
981 5168 2719 13606.949 1706.853 
975 5212 2727 13633.767 1709.359 
1093 5041 2820 13618.15 1707.863 
998 5164 2695 13618.386 1707.269 
1149 4940 2805 13594.045 1704.367 
977 5166 2722 13622.897 1709.911 
1100 5056 2750 13624.407 1707.941 
1145 4942 2790 13587.56 1702.971 
1012 5142 2709 13614.322 1706.745 
1130 4991 2756 13600.154 1704.04 
994 5137 2754 13625.901 1709.358 
1079 5080 2784 13635.25 1709.051 
1080 5086 2779 13637.654 1709.687 
1040 5113 2773 13616.094 1706.345 
1141 4956 2805 13593.137 1704.116 
1102 5062 2798 13620.336 1707.834 
1073 5119 2761 13641.803 1710.362 
1072 5107 2766 13638.931 1709.627 
1008 5145 2692 13614.153 1707.736 
1103 5037 2774 13611.989 1704.532 
1118 5014 2790 13604.878 1706.455 
1129 4973 2793 13592.043 1704.104 
1011 5145 2707 13614.423 1706.663 
1107 5025 2788 13615.097 1705.356 
1092 5085 2770 13635.315 1708.754 
989 5170 2709 13612.957 1707.48 
1079 5105 2765 13635.492 1710.672 
964 5226 2706 13631.41 1710.111 
1009 5145 2706 13613.612 1706.666 
1137 5000 2751 13611.859 1705.034 
1127 5026 2749 13613.084 1706.284 
1129 4978 2773 13596.429 1703.666 
973 5172 2732 13629.808 1710.809 
1069 5090 2780 13631.249 1707.141 
1099 5050 2806 13628.667 1707.254 
1088 5095 2776 13641.596 1709.823 
1037 5102 2769 13611.153 1706.74 
1120 5012 2771 13603.264 1704.806 
1116 4981 2792 13592.404 1703.49 
1089 5085 2802 13634.062 1709.167 
1086 5097 2772 13640.267 1710.045 
1106 5020 2792 13608.442 1703.948 
1106 5030 2780 13614.347 1705.195 
1122 5001 2760 13605.008 1704.724 
1134 4968 2778 13595.682 1703.532 
1088 5087 2802 13634.601 1709.193 
1112 5050 2763 13629.119 1707.829 
1133 4964 2786 13597.063 1703.513 
1146 4941 2796 13592.866 1704.339 
1080 5121 2749 13645.4 1711.055 
1110 5022 2772 13598.542 1704.106 
1120 4967 2783 13601.773 1703.979 
1109 5021 2782 13614.201 1704.917 
1137 4960 2774 13594.681 1703.616 
1119 4989 2778 13594.037 1704.741 
1130 4972 2794 13592.295 1704.135 
1136 4962 2770 13592.894 1703.36 
1136 4962 2769 13592.913 1703.376 
1073 5123 2762 13640.553 1710.03 
1119 5040 2764 13627.116 1706.667 
1010 5144 2707 13613.851 1706.677 
977 5165 2733 13628.013 1710.135 
1114 5009 2772 13611.742 1706.104 
1078 5110 2761 13640.31 1710.027 
1099 5071 2794 13637.444 1709.904 
1115 5007 2772 13611.538 1706.011 
1036 5104 2769 13611.587 1706.765 
1041 5099 2774 13612.966 1706.012 
966 5197 2735 13622.19 1707.637 
1120 4996 2766 13602.948 1705.474 
964 5213 2736 13627.063 1707.524 
995 5165 2750 13631.903 1709.377 
1155 4920 2795 13583.4 1702.272 
