730 4008 2044 13730.847 1718.571 
920 3661 2182 13641.539 1708.26 
901 3692 2152 13630.447 1706.638 
865 3723 2205 13664.369 1711.96 
747 3946 2022 13686.997 1713.251 
728 4006 2059 13728.7 1719.428 
692 4038 2036 13717.104 1716.755 
843 3763 2133 13642.389 1708.083 
823 3794 2141 13649.319 1708.866 
869 3726 2157 13646.215 1709.482 
908 3679 2172 13639.178 1708.725 
746 3964 2049 13708.09 1717.451 
780 3857 2128 13675.658 1712.757 
850 3751 2139 13640.198 1707.681 
840 3747 2109 13635.979 1709.71 
818 3831 2144 13673.981 1711.847 
787 3855 2111 13663.625 1710.188 
702 4035 2038 13720.91 1719.096 
819 3842 2092 13677.601 1713.831 
875 3717 2193 13658.689 1709.375 
799 3804 2119 13652.819 1713.47 
911 3672 2173 13637.671 1708.767 
897 3688 2174 13640.163 1707.531 
892 3704 2192 13655.572 1710.691 
887 3710 2201 13645.977 1708.67 
858 3743 2180 13661.493 1712.067 
806 3832 2098 13669.28 1714.755 
755 3941 2039 13681.248 1712.252 
776 3898 2070 13687.034 1716.223 
708 4012 2053 13713.246 1716.974 
738 3974 2037 13703.476 1716.025 
706 4029 2050 13720.986 1719.191 
860 3741 2191 13663.022 1711.669 
770 3926 2024 13707.61 1716.803 
783 3873 2089 13692.709 1714.317 
902 3676 2180 13643.596 1709.075 
847 3758 2148 13648.724 1709.571 
737 3990 2043 13715.815 1716.778 
719 4013 2025 13727.279 1718.765 
759 3892 2083 13671.043 1710.606 
751 3922 2063 13685.138 1715.659 
749 3879 2108 13661.962 1711.206 
751 3900 2076 13675.337 1714.487 
848 3753 2134 13634.768 1707.422 
890 3714 2194 13650.271 1708.82 
762 3906 2052 13687.933 1713.36 
783 3831 2116 13671.813 1714.095 
800 3874 2110 13691.119 1714.879 
736 3994 2044 13713.548 1717.062 
920 3662 2182 13641.396 1708.244 
796 3841 2121 13667.396 1710.603 
723 4012 2042 13724.753 1718.536 
713 4001 2062 13706.536 1717.995 
768 3878 2134 13673.117 1712.647 
728 4009 2039 13719.155 1717.629 
909 3683 2186 13644.432 1708.635 
748 3919 2066 13682.737 1714.913 
714 4022 2038 13727.016 1718.246 
825 3799 2128 13654.051 1709.174 
874 3723 2182 13661.829 1711.47 
831 3763 2123 13651.739 1709.003 
790 3835 2124 13669.335 1715.145 
795 3869 2108 13703.189 1715.643 
834 3762 2148 13643.995 1709.603 
793 3813 2133 13665.843 1714.712 
784 3886 2096 13695.821 1714.192 
760 3907 2057 13680.121 1716.479 
756 3912 2063 13698.179 1714.112 
737 3970 2035 13705.092 1717.852 
734 3994 2054 13718.138 1717.836 
740 3968 2032 13698.285 1716.068 
717 4017 2042 13727.601 1718.208 
734 3954 2064 13686.076 1715.307 
738 3961 2058 13702.254 1713.86 
787 3826 2132 13663.907 1714.557 
743 3952 2058 13686.475 1716.136 
713 4020 2051 13722.802 1718.511 
881 3715 2173 13644.418 1708.555 
765 3893 2054 13682.63 1716.445 
804 3845 2103 13679.171 1714.154 
786 3886 2079 13700.578 1714.005 
731 4008 2045 13730.814 1718.569 
787 3885 2079 13700.211 1713.95 
712 4019 2033 13723.794 1718.74 
827 3813 2098 13662.31 1713.295 
774 3902 2066 13679.224 1714.523 
848 3753 2133 13634.758 1707.423 
791 3870 2097 13682.219 1715.025 
881 3707 2193 13646.102 1709.188 
777 3875 2081 13694.875 1714.547 
795 3822 2124 13662.356 1714.25 
868 3739 2202 13667.999 1712.305 
793 3834 2119 13669.979 1715.333 
770 3907 2031 13694.247 1715.533 
734 4000 2038 13719.712 1718.725 
893 3701 2192 13654.268 1710.401 
833 3763 2135 13643.693 1709.409 
