737 3854 2057 13630.899 1709.855 
750 3827 2081 13620.403 1711.924 
896 3644 2205 13604.943 1704.61 
684 3928 1925 13600.578 1707.086 
666 3984 1936 13608.573 1706.665 
870 3662 2168 13578.531 1701.15 
924 3585 2185 13580.563 1701.349 
876 3660 2176 13586.844 1699.771 
701 3869 1990 13584.412 1705.703 
728 3854 2030 13619.257 1711.228 
838 3722 2112 13600.356 1703.619 
787 3780 2054 13617.935 1707.432 
866 3656 2179 13582.734 1701.672 
913 3607 2185 13590.228 1702.338 
878 3672 2162 13586.472 1701.071 
811 3776 2120 13615.98 1704.187 
883 3652 2169 13581.296 1701.302 
743 3847 2073 13624.117 1709.604 
673 3971 1944 13611.212 1707.402 
734 3886 1959 13612.551 1708.019 
857 3695 2135 13601.745 1704.141 
753 3821 2091 13622.416 1710.371 
691 3898 1974 13599.115 1707.719 
818 3755 2128 13611.562 1703.516 
896 3625 2181 13593.414 1704.857 
707 3908 1943 13595.996 1706.331 
851 3713 2116 13592.075 1702.233 
846 3721 2141 13614.294 1704.725 
783 3772 2081 13618.128 1709.431 
923 3602 2198 13598.775 1702.698 
717 3887 1987 13604.145 1708.229 
831 3739 2127 13607.424 1702.857 
668 3961 1953 13604.568 1706.359 
854 3684 2192 13598.058 1704.382 
754 3830 2080 13628.77 1710.297 
700 3924 1935 13612.211 1709.309 
917 3615 2200 13596.238 1702.306 
682 3956 1940 13606.442 1707.284 
770 3782 2066 13611.728 1708.503 
730 3869 1980 13601.12 1706.876 
888 3668 2159 13612.008 1703.325 
907 3610 2159 13580.234 1702.408 
739 3837 2058 13615.607 1710.691 
825 3750 2122 13610.059 1703.813 
765 3792 2057 13610.573 1708.85 
906 3620 2195 13593.37 1701.894 
725 3861 2051 13625.92 1708.751 
778 3791 2038 13613.003 1707.236 
833 3725 2119 13605.03 1703.752 
700 3869 1990 13584.121 1705.817 
702 3927 1968 13613.718 1708.698 
756 3818 2078 13626.174 1710.823 
775 3801 2049 13617.728 1708.482 
844 3716 2125 13608.423 1705.756 
679 3929 1962 13596.876 1705.94 
763 3803 2085 13620.933 1709.402 
750 3832 2083 13623.667 1711.697 
871 3683 2147 13612.153 1704.223 
872 3695 2166 13612.377 1703.877 
760 3817 2081 13616.486 1711.167 
679 3943 1952 13601.824 1707.217 
845 3719 2156 13613.287 1703.26 
764 3817 2080 13627.98 1710.829 
716 3890 1940 13602.333 1706.652 
898 3634 2185 13595.281 1702.577 
823 3737 2129 13604.706 1704.2 
904 3624 2195 13597.075 1704.456 
710 3906 1932 13598.685 1705.708 
688 3935 1933 13601.435 1705.981 
687 3945 1944 13606.149 1706.84 
725 3858 2036 13619.938 1709.484 
716 3902 1939 13608.796 1707.647 
737 3868 1948 13608.725 1706.544 
851 3707 2131 13601.159 1702.679 
760 3796 2087 13610.578 1708.424 
741 3840 2060 13620.937 1709.932 
727 3861 2042 13623.281 1708.596 
867 3702 2150 13613.246 1703.776 
901 3632 2151 13592.319 1702.997 
717 3889 1986 13605.571 1708.353 
832 3745 2089 13596.183 1702.448 
727 3860 2043 13622.144 1708.546 
715 3901 1975 13598.584 1706.063 
773 3776 2062 13610.225 1708.714 
737 3843 2079 13625.995 1711.383 
741 3849 2049 13622.185 1710.536 
726 3875 1971 13598.0 1707.091 
752 3828 2079 13620.996 1711.367 
895 3626 2180 13592.993 1704.812 
755 3823 2074 13623.398 1711.143 
825 3754 2115 13611.746 1703.671 
872 3664 2162 13605.875 1704.628 
715 3900 1972 13598.375 1707.701 
756 3822 2081 13620.184 1711.083 
727 3874 1971 13598.349 1707.129 
