210 596 413 13870.069 1743.028 
171 677 379 13932.417 1749.071 
125 737 434 14072.07 1772.873 
121 737 435 14040.945 1767.962 
207 594 415 13847.585 1744.676 
146 720 442 14105.222 1777.937 
141 700 450 14023.39 1766.661 
204 598 421 13818.853 1733.21 
187 661 404 13987.263 1756.895 
145 714 444 14087.206 1774.97 
205 603 420 13828.016 1736.009 
181 663 398 13970.209 1755.19 
178 669 381 13930.385 1746.449 
166 674 389 13894.558 1742.957 
200 614 416 13883.24 1740.899 
157 701 416 14000.387 1762.39 
209 598 418 13848.783 1743.689 
191 626 429 13875.627 1737.695 
145 698 446 14027.711 1766.309 
139 722 441 14080.814 1775.286 
198 617 427 13904.445 1747.786 
183 648 405 13942.587 1754.002 
194 628 409 13931.572 1758.483 
132 724 439 14039.304 1770.567 
195 616 430 13858.631 1736.365 
173 673 383 13931.361 1749.183 
188 651 395 13922.355 1750.09 
208 609 412 13887.248 1749.613 
154 697 428 14037.279 1764.865 
200 619 414 13853.386 1737.287 
172 667 391 13921.02 1747.938 
140 722 427 14056.552 1771.435 
169 679 386 13930.075 1745.099 
201 620 411 13864.969 1738.72 
179 666 393 13956.437 1752.57 
161 682 413 13961.096 1760.598 
160 688 428 14005.471 1759.531 
156 694 437 14037.382 1763.203 
190 639 402 13926.944 1752.558 
133 730 433 14070.536 1773.361 
162 681 415 13964.967 1761.123 
202 612 429 13908.88 1745.305 
135 714 448 14048.345 1773.633 
177 654 428 13934.976 1752.211 
190 643 399 13948.548 1760.685 
184 659 406 13966.022 1753.535 
135 723 430 14048.653 1775.798 
185 647 421 13974.156 1749.792 
175 668 389 13916.059 1745.633 
199 632 421 13956.679 1756.072 
200 621 410 13863.481 1738.592 
209 597 412 13868.012 1742.352 
164 676 412 13952.293 1752.362 
184 634 432 13909.324 1747.298 
189 644 410 13956.156 1764.035 
137 712 445 14043.997 1773.904 
157 691 436 14013.052 1759.671 
142 707 449 14035.758 1766.814 
148 705 443 14045.273 1768.798 
127 733 437 14061.476 1773.153 
196 596 431 13837.844 1740.993 
128 726 436 14044.124 1771.953 
201 604 415 13885.012 1747.298 
151 707 407 14027.347 1768.139 
153 698 422 14003.855 1761.841 
176 649 411 13893.245 1753.06 
198 625 425 13938.95 1750.912 
175 657 428 13968.767 1750.364 
168 671 400 13933.27 1752.191 
127 734 436 14067.587 1772.226 
131 734 431 14084.874 1776.633 
196 629 423 13954.08 1753.213 
147 710 445 14045.261 1769.886 
139 727 431 14076.393 1773.777 
188 642 438 13928.686 1743.623 
151 701 408 14017.587 1767.179 
180 647 422 13934.047 1748.47 
151 699 428 14029.037 1764.324 
170 665 397 13928.369 1750.574 
152 699 403 14002.004 1763.036 
170 648 419 13941.401 1763.432 
194 637 424 13940.834 1749.515 
186 635 411 13915.175 1750.707 
136 711 449 14041.18 1772.157 
150 701 443 14021.838 1762.471 
161 691 411 14016.133 1762.492 
126 736 435 14072.302 1772.895 
193 636 427 13927.233 1748.356 
152 699 438 14034.205 1759.872 
132 731 435 14058.369 1769.772 
149 702 442 14015.656 1763.094 
170 667 385 13930.019 1749.986 
190 648 396 13918.989 1749.263 
163 674 421 13953.378 1755.882 
163 679 414 13961.025 1760.627 
