111 735 350 13895.396 1737.326 
168 675 460 14057.082 1767.138 
177 663 458 14045.507 1772.456 
128 707 345 13833.976 1733.168 
122 721 342 13874.476 1735.53 
109 734 348 13893.818 1740.152 
208 603 448 13905.76 1752.863 
209 610 450 13925.855 1751.262 
174 665 475 14028.924 1763.415 
126 708 353 13842.021 1732.984 
203 617 434 13904.489 1745.898 
120 719 368 13895.456 1740.064 
154 689 446 14044.127 1771.573 
132 695 356 13879.34 1737.699 
199 622 450 13952.081 1760.599 
201 613 449 13917.994 1748.141 
195 635 450 13983.118 1754.775 
164 683 464 14050.814 1765.761 
179 658 444 13987.7 1758.734 
114 728 353 13892.69 1742.299 
198 627 446 13922.121 1750.968 
201 615 441 13938.744 1756.687 
187 648 457 13990.774 1761.509 
191 641 442 13947.532 1752.393 
186 643 455 13980.551 1762.546 
157 674 443 14004.14 1769.284 
197 626 440 13914.052 1751.583 
181 653 451 14012.104 1764.54 
183 648 444 13972.502 1762.303 
127 704 361 13864.27 1735.762 
158 681 438 14043.046 1768.215 
192 628 454 13935.425 1755.086 
121 691 352 13854.739 1741.317 
132 694 356 13877.214 1738.083 
207 605 451 13927.279 1755.1 
192 621 451 13933.637 1756.208 
111 732 356 13887.919 1738.874 
171 661 469 14018.498 1763.777 
127 712 351 13859.823 1734.816 
177 667 451 14046.641 1772.011 
197 615 453 13918.191 1753.957 
185 647 442 13974.086 1761.71 
126 700 362 13885.097 1737.03 
204 608 449 13921.505 1754.76 
165 682 464 14051.97 1766.171 
124 716 345 13877.644 1734.456 
205 610 448 13929.527 1755.552 
124 708 356 13848.3 1733.625 
119 730 348 13906.411 1740.841 
172 675 446 14010.977 1765.284 
167 671 442 14031.914 1769.473 
170 669 462 14034.921 1769.463 
190 640 459 13981.339 1759.667 
162 676 454 14021.122 1766.747 
159 677 447 14040.214 1767.792 
194 610 455 13912.247 1754.13 
182 651 459 14020.804 1771.803 
123 713 365 13884.042 1741.059 
175 658 467 14035.848 1768.432 
166 674 442 14039.061 1770.922 
200 613 447 13937.992 1752.74 
117 728 357 13899.267 1740.379 
127 699 362 13883.479 1736.765 
115 724 364 13895.148 1741.146 
124 717 353 13869.526 1736.469 
189 641 458 13981.581 1759.544 
124 709 356 13851.519 1733.426 
117 727 357 13897.804 1740.415 
183 649 443 13972.682 1762.212 
113 730 355 13893.493 1741.869 
127 696 358 13877.329 1739.113 
127 706 359 13868.651 1736.793 
113 731 358 13891.518 1739.728 
128 718 344 13881.273 1735.397 
120 723 361 13912.206 1742.254 
122 723 343 13876.247 1735.159 
172 678 444 14028.958 1766.706 
125 714 345 13853.706 1735.538 
177 654 459 14000.485 1767.671 
173 670 457 14037.054 1767.81 
118 726 355 13893.917 1737.985 
173 676 445 14026.461 1766.545 
119 724 357 13890.434 1739.81 
170 672 448 14030.332 1769.417 
192 622 452 13936.459 1754.503 
167 673 441 14024.666 1767.378 
124 716 355 13866.342 1736.819 
112 734 351 13894.987 1737.235 
121 719 367 13895.276 1740.038 
158 683 450 14041.428 1766.817 
172 659 460 14024.255 1766.177 
178 672 450 14023.105 1766.782 
166 674 441 14039.272 1770.951 
126 720 344 13879.476 1735.604 
189 641 459 13981.465 1759.677 
184 648 445 13976.476 1762.271 
