230 591 415 13905.637 1745.861 
131 730 407 14090.274 1776.937 
146 721 406 14101.382 1776.642 
133 731 397 14100.881 1780.155 
216 622 430 13949.067 1740.916 
193 654 461 14024.607 1754.71 
133 732 390 14092.507 1778.484 
229 592 416 13899.264 1744.874 
232 594 412 13912.281 1743.958 
147 712 399 14054.557 1771.25 
155 685 406 13994.53 1759.381 
228 598 410 13925.419 1745.325 
147 712 392 14059.044 1773.083 
200 634 441 13933.774 1748.486 
134 727 397 14079.984 1774.356 
179 672 435 14003.028 1753.111 
137 723 394 14067.797 1774.25 
134 725 396 14081.168 1775.988 
133 727 405 14086.25 1775.395 
226 609 439 13960.304 1750.741 
152 681 423 13999.193 1763.412 
189 659 455 14046.117 1757.477 
221 622 434 13946.539 1740.953 
222 620 421 13965.197 1753.567 
183 654 458 14012.908 1755.78 
150 702 393 14035.453 1770.208 
172 675 428 13996.35 1750.617 
211 627 405 13955.528 1747.8 
148 707 400 14048.703 1764.974 
185 661 448 14041.106 1758.268 
214 625 439 13953.56 1742.737 
166 671 447 14013.079 1764.137 
195 650 460 14031.932 1754.823 
145 701 409 14026.449 1770.088 
163 665 440 13979.525 1766.349 
160 677 432 14009.58 1767.526 
147 706 414 14045.123 1769.679 
180 665 452 14009.533 1752.326 
231 596 424 13920.624 1744.502 
187 660 455 14020.531 1756.17 
147 688 429 14012.207 1764.977 
217 617 424 13976.551 1750.819 
213 630 428 13970.411 1745.465 
197 638 445 13937.19 1747.97 
156 675 417 13998.024 1768.157 
167 672 444 14018.858 1765.736 
150 704 392 14011.989 1764.723 
185 667 449 14038.4 1756.127 
181 668 451 14015.332 1753.891 
206 636 430 13972.452 1753.423 
140 712 409 14041.527 1767.162 
151 697 403 14015.062 1762.146 
151 680 429 13976.991 1761.624 
208 635 403 13921.252 1747.892 
149 701 396 14031.535 1767.908 
156 681 404 13982.785 1756.959 
216 623 429 13952.075 1741.425 
158 679 430 14006.447 1767.401 
195 646 443 13962.641 1754.846 
153 697 400 14007.763 1758.941 
156 681 403 13983.019 1756.981 
151 694 410 14014.129 1763.533 
215 620 420 13979.112 1755.66 
227 596 414 13907.709 1744.95 
228 593 414 13899.371 1744.892 
192 657 442 14007.235 1753.19 
204 630 431 13940.152 1749.171 
179 667 452 14015.869 1753.214 
168 658 434 13964.242 1758.909 
210 628 419 13964.516 1755.222 
193 656 442 13997.27 1754.203 
202 645 430 13952.527 1749.612 
210 616 436 13955.098 1748.228 
226 611 438 13970.713 1750.802 
212 627 431 13954.172 1751.145 
184 670 426 14013.051 1755.585 
150 693 405 14022.42 1761.992 
155 676 415 13994.756 1767.696 
186 663 454 14026.236 1756.485 
198 644 441 13959.226 1750.753 
162 669 437 13981.974 1766.538 
195 649 461 14026.497 1754.713 
212 625 411 13962.354 1750.437 
216 618 425 13976.91 1750.948 
214 616 426 13923.411 1745.296 
182 671 432 14022.4 1755.438 
202 639 435 13961.369 1748.256 
171 680 419 13997.894 1750.894 
169 679 429 14006.244 1756.063 
162 673 436 14004.2 1766.031 
208 624 434 13936.275 1743.972 
199 647 418 13947.072 1741.257 
183 668 446 14024.948 1756.906 
149 699 411 14023.681 1766.679 
207 634 436 13966.942 1744.063 
