414 1887 1124 13673.73 1712.546 
367 2081 1055 13833.329 1737.964 
469 1849 1032 13674.16 1714.749 
485 1797 1097 13619.56 1705.052 
476 1807 1093 13623.321 1703.939 
441 1835 1098 13599.26 1704.468 
380 2074 1071 13844.297 1739.935 
423 1981 1077 13770.693 1729.836 
468 1845 1044 13661.582 1712.034 
382 2070 1081 13840.939 1738.455 
435 1829 1109 13602.435 1707.15 
422 1887 1107 13679.885 1715.162 
417 1894 1116 13686.676 1713.921 
475 1821 1088 13631.178 1704.628 
403 2011 1091 13791.879 1732.008 
404 2013 1085 13789.259 1730.716 
435 1939 1089 13724.95 1720.032 
393 2050 1076 13817.78 1735.939 
476 1823 1087 13636.205 1705.339 
428 1873 1114 13668.681 1712.382 
376 2074 1073 13830.315 1736.718 
396 2027 1090 13803.386 1732.947 
453 1922 1092 13716.065 1722.292 
384 2058 1057 13823.595 1735.812 
430 1866 1104 13658.509 1711.872 
397 2036 1085 13817.955 1734.885 
388 1911 1111 13659.605 1709.353 
479 1801 1092 13614.733 1705.624 
379 2075 1071 13843.335 1739.831 
399 1903 1101 13649.997 1709.833 
431 1866 1121 13670.41 1710.121 
443 1941 1078 13736.519 1724.094 
385 2056 1058 13823.285 1735.778 
400 1900 1119 13660.884 1711.445 
439 1958 1069 13763.204 1727.14 
405 2011 1087 13789.318 1730.877 
421 1888 1106 13678.838 1715.014 
465 1913 1096 13721.014 1721.286 
369 2079 1046 13820.93 1737.452 
414 1898 1113 13676.301 1713.143 
388 2040 1079 13797.199 1733.472 
394 2041 1068 13808.787 1734.239 
441 1953 1074 13764.204 1727.777 
450 1947 1063 13762.197 1727.919 
449 1932 1068 13743.446 1724.557 
483 1804 1091 13614.412 1704.483 
448 1951 1067 13762.486 1729.455 
430 1970 1064 13764.199 1727.753 
401 1901 1104 13651.623 1709.95 
368 2077 1055 13829.385 1738.206 
459 1920 1088 13725.682 1723.508 
385 2039 1084 13810.229 1734.053 
448 1944 1070 13752.95 1726.269 
433 1831 1107 13602.223 1707.122 
386 2046 1087 13802.217 1731.924 
417 1894 1121 13681.286 1713.43 
465 1914 1095 13720.983 1721.425 
433 1962 1064 13755.263 1726.403 
445 1951 1078 13751.646 1723.956 
390 2031 1087 13797.718 1731.779 
427 1883 1109 13677.066 1713.795 
452 1937 1050 13746.913 1725.916 
389 2032 1091 13798.14 1730.93 
432 1952 1083 13739.501 1726.311 
387 2039 1078 13804.822 1732.664 
454 1921 1092 13716.163 1722.304 
389 1910 1112 13660.595 1709.431 
434 1965 1061 13744.371 1724.822 
484 1803 1096 13624.175 1704.864 
373 2078 1053 13830.229 1737.822 
482 1803 1094 13617.211 1705.484 
452 1937 1051 13747.193 1725.906 
423 1886 1117 13681.562 1714.217 
433 1966 1061 13744.453 1724.834 
451 1938 1051 13748.009 1726.022 
452 1925 1095 13730.235 1721.445 
432 1959 1065 13751.86 1726.117 
453 1925 1085 13725.517 1721.756 
414 1890 1123 13674.412 1713.102 
455 1922 1081 13725.154 1720.839 
400 1902 1103 13650.899 1709.944 
481 1804 1093 13615.064 1705.305 
425 1882 1115 13675.831 1713.809 
431 1968 1067 13759.364 1726.989 
424 1889 1116 13683.658 1714.465 
423 1890 1115 13683.557 1714.462 
452 1922 1084 13727.18 1722.172 
431 1968 1068 13759.28 1727.312 
449 1948 1062 13762.122 1727.905 
