334 1325 811 13962.355 1750.099 
289 1360 760 13891.245 1737.264 
356 1301 827 13931.667 1746.448 
347 1320 807 13961.862 1752.915 
267 1397 760 13920.828 1743.618 
305 1333 803 13884.579 1738.907 
267 1397 761 13920.796 1743.612 
374 1261 808 13902.068 1744.785 
274 1377 756 13918.028 1743.065 
343 1322 806 13951.665 1750.398 
360 1295 823 13924.06 1743.675 
365 1277 809 13904.908 1744.551 
360 1291 817 13929.624 1745.91 
348 1308 819 13931.781 1744.994 
370 1275 816 13919.517 1745.977 
298 1349 785 13899.303 1740.106 
308 1335 805 13894.65 1738.537 
363 1287 805 13921.069 1747.371 
279 1380 774 13920.66 1742.46 
331 1328 800 13943.416 1749.077 
287 1376 764 13917.672 1740.924 
357 1307 811 13956.047 1751.31 
276 1390 769 13915.023 1740.461 
341 1315 814 13957.666 1751.169 
277 1379 782 13913.869 1742.948 
336 1322 811 13937.803 1748.69 
331 1329 801 13943.155 1749.037 
352 1304 812 13941.07 1749.882 
361 1280 813 13900.766 1743.728 
313 1341 787 13893.366 1741.32 
309 1350 775 13895.862 1741.573 
322 1334 781 13915.239 1743.871 
301 1345 778 13891.48 1739.042 
373 1263 808 13903.405 1744.948 
353 1309 804 13942.17 1748.701 
268 1394 759 13916.348 1743.036 
320 1332 787 13956.224 1748.618 
364 1281 812 13927.158 1746.186 
351 1311 797 13939.464 1748.145 
327 1328 777 13949.022 1747.269 
302 1340 793 13887.805 1739.883 
283 1374 767 13922.008 1741.913 
311 1338 790 13909.285 1741.952 
354 1308 808 13949.24 1749.758 
303 1338 794 13887.897 1739.967 
352 1309 806 13946.638 1749.421 
274 1383 772 13925.949 1742.082 
340 1316 814 13957.693 1751.178 
312 1337 765 13906.583 1741.947 
285 1367 775 13904.983 1741.771 
299 1349 784 13901.77 1739.781 
309 1345 772 13896.927 1741.598 
317 1335 775 13918.215 1746.698 
307 1336 797 13907.626 1741.401 
341 1316 810 13934.74 1746.491 
285 1371 777 13911.493 1741.127 
350 1311 818 13939.326 1748.366 
370 1275 815 13919.553 1745.979 
272 1385 760 13918.238 1743.898 
288 1369 791 13909.842 1740.187 
318 1331 788 13905.666 1741.478 
267 1393 756 13922.405 1742.353 
271 1392 766 13939.18 1746.192 
317 1334 792 13911.383 1743.893 
350 1318 806 13958.622 1749.643 
268 1396 758 13918.536 1743.304 
319 1333 771 13909.81 1745.616 
277 1393 768 13920.652 1740.689 
310 1343 770 13887.834 1739.326 
307 1334 776 13916.091 1742.219 
310 1342 788 13901.314 1739.65 
311 1335 802 13907.875 1741.563 
271 1387 768 13915.196 1741.623 
348 1311 811 13947.776 1747.311 
323 1331 772 13895.03 1740.199 
283 1376 791 13921.175 1739.654 
300 1344 792 13892.355 1740.233 
306 1332 803 13884.629 1738.918 
363 1282 811 13925.778 1746.038 
306 1340 800 13901.673 1739.497 
284 1368 775 13904.562 1741.721 
324 1327 817 13918.3 1741.751 
284 1372 777 13911.478 1741.124 
281 1384 756 13919.933 1741.439 
301 1342 793 13890.138 1740.177 
281 1372 777 13904.244 1742.218 
311 1336 787 13913.635 1745.958 
