612 3330 1686 13694.948 1715.279 
648 3289 1725 13723.096 1719.001 
756 3073 1798 13638.981 1708.614 
632 3308 1698 13722.051 1720.55 
612 3323 1652 13687.986 1715.39 
698 3163 1836 13669.987 1711.261 
748 3077 1776 13621.108 1704.572 
610 3330 1657 13696.618 1715.25 
739 3089 1767 13626.26 1705.591 
610 3325 1676 13696.977 1716.064 
624 3304 1729 13712.432 1717.943 
721 3112 1811 13648.287 1706.989 
740 3082 1800 13643.146 1708.637 
705 3158 1805 13668.816 1712.599 
673 3234 1748 13685.705 1713.849 
731 3119 1789 13644.728 1707.174 
680 3235 1723 13685.53 1714.583 
651 3290 1721 13722.265 1719.598 
617 3293 1739 13691.496 1713.592 
689 3191 1784 13677.215 1712.557 
640 3296 1717 13720.415 1719.353 
676 3226 1728 13678.472 1709.949 
671 3242 1757 13698.217 1715.167 
677 3238 1702 13678.655 1712.946 
657 3273 1699 13700.399 1717.155 
712 3121 1827 13651.625 1707.57 
725 3098 1766 13633.365 1708.831 
616 3324 1680 13690.354 1713.382 
628 3300 1713 13714.251 1719.408 
616 3323 1693 13690.98 1713.593 
661 3246 1765 13692.892 1712.083 
657 3263 1744 13702.281 1713.688 
660 3287 1735 13716.228 1716.718 
727 3106 1802 13642.416 1706.435 
624 3321 1708 13713.918 1718.333 
695 3169 1796 13665.021 1711.152 
720 3117 1816 13640.335 1706.312 
693 3204 1766 13681.198 1711.431 
655 3277 1753 13715.704 1717.146 
733 3105 1813 13644.002 1707.811 
718 3125 1808 13660.089 1710.688 
648 3263 1761 13696.287 1716.178 
656 3267 1762 13704.179 1713.196 
714 3103 1819 13630.059 1707.558 
652 3272 1715 13708.072 1718.778 
703 3147 1818 13661.402 1709.258 
688 3205 1754 13673.829 1710.137 
671 3234 1734 13693.617 1715.839 
664 3258 1764 13707.41 1715.472 
702 3142 1829 13652.499 1706.489 
646 3296 1704 13708.338 1717.801 
715 3096 1828 13637.695 1704.683 
644 3294 1716 13711.467 1718.396 
712 3131 1820 13653.615 1707.325 
738 3097 1804 13640.572 1707.502 
708 3144 1817 13656.89 1710.288 
687 3182 1794 13661.488 1711.228 
704 3150 1814 13654.92 1709.64 
688 3172 1820 13671.46 1710.875 
739 3087 1766 13627.269 1705.365 
674 3243 1718 13679.877 1712.383 
701 3133 1831 13647.624 1707.638 
689 3167 1802 13658.575 1708.192 
626 3312 1705 13705.621 1718.308 
651 3279 1722 13700.382 1717.117 
672 3232 1734 13692.632 1715.626 
707 3148 1810 13652.018 1708.401 
710 3125 1809 13654.145 1708.931 
666 3264 1702 13696.492 1715.462 
720 3135 1807 13662.79 1708.784 
638 3307 1707 13711.028 1718.936 
645 3294 1737 13716.262 1718.178 
692 3180 1782 13664.392 1710.67 
659 3261 1769 13699.718 1712.718 
690 3170 1783 13655.986 1711.416 
709 3140 1807 13659.056 1709.989 
684 3215 1755 13682.231 1711.57 
720 3123 1779 13642.631 1709.664 
692 3173 1790 13670.71 1711.003 
612 3323 1653 13687.931 1715.383 
735 3102 1780 13638.242 1708.786 
640 3299 1722 13708.564 1718.231 
685 3176 1797 13658.001 1710.603 
700 3165 1815 13671.069 1711.824 
637 3307 1713 13711.276 1718.35 
685 3208 1754 13681.912 1711.809 
686 3187 1796 13671.085 1710.498 
682 3220 1729 13676.953 1712.13 
683 3213 1714 13677.033 1711.618 
664 3268 1703 13692.9 1714.59 
659 3269 1714 13705.259 1716.79 
627 3311 1706 13705.758 1718.311 
684 3174 1816 13672.007 1709.598 
611 3324 1677 13697.135 1716.095 
681 3185 1816 13670.183 1711.099 
739 3087 1765 13627.311 1705.372 
721 3102 1777 13632.626 1708.844 
