1147 5016 2841 13648.063 1710.594 
1041 5232 2843 13722.736 1721.75 
1031 5241 2851 13722.824 1719.67 
1093 5122 2927 13688.26 1716.024 
1004 5272 2812 13712.982 1717.913 
1006 5268 2811 13711.872 1717.849 
1147 5057 2830 13663.776 1712.466 
1132 5032 2863 13658.493 1711.539 
1102 5143 2922 13693.723 1716.406 
1096 5141 2923 13696.261 1716.522 
1142 5069 2848 13666.408 1713.399 
1107 5127 2911 13692.608 1717.523 
1015 5262 2819 13713.374 1718.241 
1084 5130 2924 13683.532 1714.929 
1118 5085 2866 13668.899 1715.179 
1130 5096 2843 13673.989 1713.356 
1111 5113 2894 13682.565 1715.711 
1053 5210 2858 13716.847 1720.787 
1129 5079 2861 13673.247 1714.273 
1116 5108 2872 13676.07 1713.667 
1012 5258 2850 13712.904 1719.013 
1144 5074 2841 13670.737 1714.095 
1022 5239 2857 13700.985 1716.808 
1018 5248 2861 13704.665 1717.21 
1057 5174 2901 13687.501 1715.485 
1113 5116 2873 13678.336 1715.725 
1071 5162 2897 13688.74 1716.268 
1123 5093 2868 13674.864 1714.891 
1134 5096 2847 13671.483 1714.489 
1052 5212 2833 13710.716 1719.261 
1069 5158 2888 13707.334 1719.799 
1043 5219 2847 13718.16 1721.229 
1048 5215 2846 13718.215 1721.668 
1042 5226 2819 13716.81 1721.097 
1028 5235 2846 13716.161 1720.413 
1055 5180 2890 13692.654 1718.093 
1007 5265 2813 13711.469 1717.752 
1029 5234 2845 13716.242 1720.424 
1067 5167 2912 13691.282 1717.467 
1146 5058 2830 13663.777 1712.459 
1043 5222 2830 13715.046 1720.015 
1050 5196 2864 13716.237 1720.781 
1087 5170 2834 13699.085 1716.867 
1050 5201 2877 13704.988 1718.293 
1124 5092 2869 13674.99 1714.801 
1005 5270 2815 13713.266 1717.912 
1145 5074 2856 13666.078 1713.665 
1016 5249 2856 13709.522 1717.834 
1108 5121 2917 13685.365 1716.75 
1132 5081 2858 13667.154 1714.218 
1080 5151 2919 13694.987 1718.097 
1112 5099 2870 13679.227 1715.009 
1089 5125 2924 13687.899 1716.035 
1037 5225 2853 13704.658 1717.789 
1035 5258 2854 13718.728 1718.857 
1031 5243 2838 13720.014 1719.812 
1117 5081 2896 13682.792 1713.524 
1047 5187 2884 13687.457 1716.501 
1110 5104 2919 13686.185 1715.01 
1064 5194 2835 13698.794 1715.509 
1106 5147 2914 13703.499 1719.159 
1035 5229 2866 13713.717 1718.202 
1136 5088 2854 13685.399 1716.936 
1065 5185 2873 13708.623 1719.414 
1109 5114 2875 13671.791 1715.407 
1042 5223 2859 13709.805 1718.604 
1077 5160 2859 13702.944 1718.473 
1127 5089 2831 13675.378 1716.24 
1127 5085 2861 13673.692 1714.007 
1080 5175 2836 13696.09 1717.606 
1022 5225 2855 13702.233 1718.344 
1109 5119 2873 13681.036 1715.34 
1060 5199 2849 13708.15 1719.697 
1033 5241 2840 13719.887 1719.796 
1077 5158 2863 13690.875 1715.305 
1066 5183 2852 13706.963 1719.613 
1083 5167 2850 13697.909 1716.14 
1011 5261 2838 13716.613 1718.56 
1082 5150 2917 13688.061 1716.665 
1044 5241 2837 13714.578 1717.873 
1133 5095 2838 13677.212 1714.923 
1048 5189 2871 13706.113 1719.509 
1063 5176 2882 13706.24 1718.499 
1116 5113 2876 13675.0 1715.953 
1056 5185 2881 13699.809 1716.12 
1046 5201 2880 13713.553 1720.325 
1007 5259 2839 13702.044 1717.656 
1059 5187 2871 13701.124 1717.411 
1061 5179 2870 13711.221 1720.357 
1051 5192 2876 13691.114 1717.336 
1074 5174 2858 13689.659 1716.632 
1111 5103 2920 13686.134 1715.006 
1031 5218 2880 13705.128 1717.499 
1060 5180 2880 13699.195 1718.486 
1063 5168 2884 13696.18 1717.237 
1073 5156 2899 13692.981 1716.12 
