575 2662 1521 13828.964 1733.924 
592 2578 1536 13761.001 1725.189 
502 2707 1402 13742.109 1724.089 
624 2515 1498 13732.335 1720.842 
630 2512 1508 13738.537 1722.28 
480 2747 1410 13761.372 1725.565 
590 2581 1465 13763.582 1729.097 
545 2676 1481 13803.149 1730.405 
496 2697 1434 13737.439 1723.556 
510 2692 1407 13747.352 1723.422 
576 2661 1522 13828.877 1733.919 
581 2651 1504 13809.45 1732.461 
561 2667 1488 13812.383 1733.11 
504 2691 1426 13737.064 1723.604 
551 2684 1476 13819.19 1731.934 
490 2726 1415 13754.291 1726.208 
622 2521 1507 13733.744 1722.379 
557 2673 1483 13805.867 1730.15 
550 2679 1479 13817.38 1731.442 
589 2623 1511 13798.289 1728.961 
623 2543 1485 13749.831 1724.449 
621 2528 1518 13744.352 1721.909 
483 2732 1413 13755.252 1725.935 
552 2677 1477 13812.092 1731.694 
483 2744 1407 13760.331 1726.2 
568 2665 1483 13810.429 1731.752 
616 2536 1507 13744.014 1723.18 
584 2641 1479 13789.288 1727.477 
562 2667 1479 13813.097 1731.363 
583 2632 1511 13802.756 1730.116 
510 2691 1408 13746.764 1723.449 
551 2675 1471 13808.332 1732.012 
612 2585 1513 13780.394 1725.826 
489 2720 1429 13765.257 1727.866 
607 2572 1488 13771.028 1727.278 
604 2555 1503 13762.853 1726.689 
586 2632 1514 13794.439 1730.513 
578 2655 1494 13816.739 1731.18 
591 2601 1506 13779.111 1728.136 
590 2613 1470 13772.671 1724.53 
500 2713 1420 13755.169 1726.392 
584 2620 1523 13795.438 1729.648 
625 2523 1485 13736.684 1722.308 
625 2522 1486 13735.69 1722.202 
587 2580 1521 13772.491 1728.483 
618 2527 1509 13737.086 1723.019 
587 2619 1491 13797.707 1729.629 
571 2604 1527 13781.908 1728.822 
501 2701 1424 13752.236 1725.422 
485 2729 1411 13752.389 1725.043 
584 2592 1525 13758.276 1725.756 
583 2613 1531 13782.846 1727.058 
591 2605 1493 13784.229 1727.374 
579 2618 1526 13787.364 1727.972 
499 2712 1430 13759.445 1726.487 
494 2715 1423 13751.88 1726.051 
600 2590 1500 13776.5 1725.959 
498 2717 1422 13764.52 1726.545 
595 2560 1528 13766.204 1727.357 
584 2631 1512 13803.357 1730.265 
597 2592 1477 13776.442 1726.676 
577 2657 1494 13817.813 1731.314 
565 2666 1485 13806.372 1731.22 
611 2548 1512 13764.637 1727.154 
591 2599 1501 13782.778 1727.774 
585 2640 1479 13788.911 1727.396 
578 2628 1518 13793.77 1728.957 
484 2730 1410 13751.882 1724.948 
580 2635 1506 13793.262 1729.049 
490 2715 1432 13756.282 1726.629 
583 2617 1487 13788.591 1731.013 
590 2611 1503 13788.438 1728.086 
590 2595 1493 13777.899 1728.567 
588 2629 1507 13796.507 1730.771 
591 2583 1495 13771.092 1728.522 
609 2552 1529 13773.562 1728.917 
500 2707 1423 13755.776 1725.443 
619 2541 1501 13753.271 1724.747 
582 2616 1488 13788.157 1730.779 
498 2708 1427 13753.631 1726.711 
615 2563 1516 13761.093 1726.778 
488 2728 1423 13759.561 1727.197 
495 2698 1432 13736.855 1723.511 
592 2585 1523 13767.308 1725.352 
500 2693 1427 13743.999 1724.461 
593 2589 1472 13760.209 1727.196 
609 2570 1493 13771.089 1727.527 
603 2567 1494 13768.864 1726.906 
595 2594 1489 13778.556 1726.787 
610 2551 1530 13773.944 1728.951 
608 2570 1495 13776.61 1726.768 
588 2584 1526 13774.584 1726.863 
594 2561 1527 13765.687 1727.239 
570 2605 1527 13781.948 1728.826 
604 2577 1473 13767.02 1727.105 
558 2674 1476 13806.459 1731.288 
615 2565 1527 13774.049 1725.172 
