834 3772 2127 13655.535 1710.372 
655 3943 1966 13584.0 1700.845 
856 3731 2144 13645.425 1710.623 
632 4013 1939 13633.871 1706.556 
627 4003 1954 13622.876 1704.821 
860 3730 2146 13644.916 1710.219 
663 3940 1956 13590.113 1699.17 
898 3702 2109 13638.294 1706.678 
666 3949 1915 13599.534 1703.49 
898 3672 2114 13619.538 1704.617 
850 3755 2137 13654.17 1710.169 
862 3741 2114 13649.713 1708.091 
810 3788 2057 13642.849 1709.31 
807 3777 2079 13635.195 1708.451 
743 3875 2065 13643.922 1708.708 
880 3713 2115 13639.211 1706.357 
645 3982 1939 13614.682 1707.41 
726 3878 2007 13622.796 1705.946 
790 3792 2041 13623.383 1704.234 
718 3878 2035 13629.761 1707.405 
849 3734 2135 13643.353 1710.483 
878 3692 2120 13622.701 1705.559 
752 3822 2033 13612.284 1704.965 
700 3897 2009 13599.929 1702.847 
769 3835 1956 13610.177 1703.019 
823 3786 2051 13630.517 1707.088 
695 3885 1994 13599.367 1703.823 
708 3893 1987 13597.405 1701.398 
640 3990 1946 13616.778 1705.097 
788 3808 2022 13621.984 1705.923 
782 3812 2013 13627.162 1705.574 
707 3892 1992 13603.211 1702.777 
764 3814 2003 13624.957 1706.295 
879 3720 2090 13632.488 1706.27 
794 3796 1996 13624.903 1705.852 
835 3738 2139 13634.199 1708.528 
893 3684 2113 13620.228 1704.946 
643 3992 1937 13608.782 1706.579 
707 3898 1998 13602.591 1701.93 
872 3705 2092 13625.203 1707.255 
652 3926 1977 13587.622 1700.488 
748 3868 2060 13641.281 1708.515 
759 3847 1947 13610.976 1703.002 
677 3908 1990 13589.233 1702.316 
749 3857 2063 13633.536 1708.352 
875 3698 2098 13626.104 1706.857 
631 4006 1926 13623.87 1707.069 
898 3673 2114 13620.144 1704.56 
805 3784 2058 13637.731 1710.241 
663 3937 1969 13592.636 1700.293 
853 3748 2098 13627.011 1707.094 
833 3758 2137 13643.848 1708.608 
866 3732 2094 13630.828 1706.423 
751 3863 2063 13641.246 1707.956 
826 3774 2067 13614.6 1705.766 
679 3933 1976 13594.94 1700.085 
670 3938 1955 13586.944 1699.578 
668 3948 1949 13612.66 1705.338 
657 3957 1962 13610.264 1705.595 
635 4002 1923 13614.135 1707.215 
750 3863 2065 13641.156 1708.246 
660 3941 1958 13604.305 1704.121 
675 3924 1985 13597.104 1701.776 
804 3810 2019 13630.605 1705.202 
863 3727 2105 13622.978 1706.737 
665 3939 1958 13590.793 1699.178 
783 3829 1975 13614.347 1703.201 
793 3805 2020 13628.278 1705.661 
694 3918 1959 13598.421 1700.937 
661 3921 1960 13586.809 1703.315 
658 3963 1952 13612.206 1706.11 
811 3780 2055 13622.748 1705.874 
685 3898 1968 13601.527 1703.82 
648 3989 1922 13614.37 1705.585 
673 3906 1966 13596.402 1703.354 
681 3922 1973 13593.894 1700.038 
643 3998 1931 13623.349 1706.908 
758 3848 1946 13610.506 1702.945 
831 3740 2142 13634.503 1709.004 
643 3986 1943 13609.73 1706.149 
694 3910 1942 13599.452 1703.464 
642 4000 1932 13623.997 1706.966 
683 3929 1968 13605.491 1702.251 
669 3940 1954 13587.514 1699.784 
681 3906 1977 13588.885 1702.052 
662 3937 1982 13589.46 1700.048 
660 3904 1958 13593.784 1705.042 
786 3813 1956 13605.739 1701.926 
680 3937 1945 13589.704 1700.781 
869 3718 2072 13622.134 1706.749 
689 3930 1952 13607.073 1703.095 
665 3938 1960 13601.8 1701.085 
690 3929 1952 13607.043 1703.093 
793 3806 2019 13628.238 1705.638 
651 3982 1957 13627.703 1706.839 
756 3832 1986 13613.26 1703.535 
816 3775 2059 13624.505 1704.671 
