589 3302 1758 13701.768 1714.246 
756 3169 1899 13749.825 1721.964 
715 3261 1886 13786.203 1727.15 
789 3111 1875 13716.946 1716.122 
719 3252 1873 13771.132 1725.572 
635 3297 1793 13723.771 1719.949 
759 3133 1849 13706.51 1715.178 
762 3136 1829 13688.159 1712.409 
647 3287 1808 13722.687 1717.252 
696 3262 1859 13761.596 1723.254 
687 3265 1854 13751.269 1722.369 
720 3226 1869 13759.323 1723.37 
777 3122 1847 13697.041 1713.127 
640 3295 1823 13742.342 1721.53 
663 3272 1797 13719.165 1719.169 
671 3268 1795 13729.086 1719.801 
766 3119 1859 13700.835 1715.155 
664 3276 1804 13728.847 1718.808 
760 3135 1833 13694.336 1713.93 
705 3206 1897 13736.597 1720.023 
777 3123 1846 13697.769 1713.183 
713 3220 1894 13750.317 1722.847 
656 3294 1806 13737.777 1721.098 
764 3121 1837 13688.482 1714.163 
769 3124 1827 13689.335 1714.004 
707 3205 1898 13737.201 1720.209 
722 3225 1877 13752.78 1723.811 
771 3117 1835 13690.14 1714.519 
732 3199 1888 13749.149 1722.306 
748 3185 1867 13748.628 1722.54 
770 3134 1826 13691.75 1713.272 
721 3217 1873 13753.71 1724.39 
720 3225 1872 13759.186 1725.083 
723 3214 1862 13752.451 1722.467 
711 3210 1895 13742.49 1723.169 
719 3215 1874 13751.423 1724.735 
730 3212 1880 13754.24 1723.542 
737 3187 1898 13740.073 1722.522 
749 3177 1888 13749.434 1722.334 
773 3115 1837 13689.792 1714.482 
739 3201 1874 13755.453 1721.785 
749 3177 1893 13750.838 1721.865 
769 3117 1849 13692.002 1714.213 
719 3211 1883 13738.633 1721.452 
724 3209 1882 13737.536 1719.333 
760 3120 1851 13691.951 1713.729 
734 3192 1893 13743.617 1722.412 
728 3201 1890 13744.619 1721.704 
669 3267 1827 13727.736 1719.272 
730 3192 1897 13744.899 1723.119 
746 3183 1872 13745.138 1721.161 
743 3186 1879 13742.851 1720.88 
732 3212 1872 13756.843 1722.657 
725 3204 1894 13745.621 1723.384 
742 3183 1877 13746.53 1722.103 
715 3216 1892 13742.478 1720.659 
670 3267 1813 13726.654 1718.853 
724 3219 1875 13747.038 1720.789 
636 3296 1794 13724.373 1720.04 
745 3178 1882 13744.78 1721.887 
731 3213 1870 13756.504 1722.647 
741 3192 1883 13745.787 1722.502 
741 3200 1886 13751.534 1722.497 
740 3185 1887 13738.875 1721.079 
747 3180 1871 13746.329 1720.896 
739 3203 1883 13754.104 1722.222 
737 3191 1898 13744.798 1722.495 
725 3210 1874 13751.003 1724.296 
772 3116 1836 13689.552 1714.456 
748 3180 1870 13746.27 1720.887 
667 3268 1826 13726.743 1719.044 
723 3214 1876 13745.863 1720.891 
720 3213 1878 13750.932 1723.331 
720 3210 1881 13746.806 1722.351 
780 3114 1869 13708.595 1714.925 
742 3187 1871 13748.925 1721.373 
763 3134 1829 13687.676 1712.404 
662 3286 1843 13746.985 1722.375 
