944 3627 2127 13616.796 1708.621 
820 3923 2194 13745.582 1722.538 
896 3711 2077 13628.5 1708.724 
785 3950 2135 13737.532 1724.756 
751 3987 2101 13731.69 1721.088 
928 3651 2089 13609.971 1706.174 
921 3638 2109 13605.296 1707.686 
834 3871 2213 13713.437 1718.502 
879 3735 2108 13642.164 1712.046 
823 3898 2187 13708.172 1717.812 
787 3930 2167 13718.617 1716.976 
874 3740 2105 13641.313 1711.219 
866 3827 2191 13719.592 1718.872 
883 3724 2112 13641.359 1712.725 
862 3836 2182 13717.017 1718.989 
854 3844 2205 13721.37 1718.815 
905 3669 2124 13621.108 1706.801 
807 3913 2149 13725.289 1723.167 
906 3705 2084 13626.231 1708.339 
761 3970 2133 13724.772 1722.418 
936 3639 2101 13611.327 1707.098 
911 3702 2088 13624.156 1709.609 
906 3683 2093 13614.386 1709.035 
781 3968 2136 13738.952 1724.354 
916 3664 2098 13620.609 1709.542 
819 3896 2195 13729.941 1720.427 
898 3677 2114 13618.718 1706.177 
888 3698 2120 13637.58 1712.07 
806 3906 2154 13725.097 1723.001 
920 3660 2134 13639.883 1710.432 
788 3955 2127 13741.467 1723.444 
831 3892 2212 13738.707 1721.274 
932 3637 2132 13615.567 1707.337 
926 3650 2111 13609.092 1707.335 
866 3828 2186 13721.575 1718.307 
800 3915 2150 13732.342 1723.261 
925 3645 2106 13617.039 1708.032 
898 3691 2094 13627.068 1709.903 
767 3979 2120 13738.946 1721.892 
908 3675 2110 13615.639 1708.136 
876 3737 2099 13635.245 1710.628 
769 3960 2161 13730.717 1723.839 
787 3935 2144 13726.28 1723.358 
914 3663 2113 13631.161 1709.792 
879 3732 2115 13641.194 1711.529 
775 3977 2131 13730.301 1721.834 
847 3880 2196 13729.74 1719.617 
892 3721 2109 13638.595 1712.481 
882 3729 2103 13639.489 1711.32 
779 3933 2161 13723.183 1720.166 
921 3640 2102 13614.705 1708.551 
791 3944 2143 13727.505 1721.035 
887 3708 2119 13621.35 1707.933 
826 3894 2209 13722.856 1719.879 
838 3868 2209 13714.744 1718.232 
896 3686 2106 13612.344 1707.576 
773 3949 2164 13730.372 1719.663 
822 3900 2188 13708.604 1717.87 
782 3926 2176 13722.179 1719.293 
795 3938 2138 13727.252 1722.51 
894 3685 2115 13621.791 1707.472 
913 3671 2118 13627.149 1709.832 
796 3927 2165 13734.755 1721.739 
793 3954 2142 13736.205 1722.831 
823 3898 2170 13715.472 1718.741 
848 3864 2203 13731.513 1720.783 
770 3958 2162 13730.177 1723.735 
846 3875 2192 13727.927 1720.066 
849 3853 2199 13723.929 1720.042 
797 3915 2163 13726.579 1722.669 
900 3690 2097 13628.172 1710.132 
841 3894 2198 13736.204 1721.597 
803 3920 2159 13730.742 1723.298 
821 3900 2193 13715.875 1717.743 
839 3858 2213 13709.093 1718.073 
794 3930 2156 13729.7 1720.754 
879 3735 2113 13640.541 1711.112 
784 3951 2134 13737.494 1724.754 
869 3831 2198 13719.381 1719.06 
802 3921 2158 13730.414 1723.245 
853 3862 2194 13730.739 1721.064 
765 3981 2119 13738.451 1721.851 
788 3952 2130 13739.278 1722.902 
888 3722 2099 13630.653 1711.415 
783 3928 2160 13732.646 1721.483 
838 3876 2202 13725.835 1720.079 
783 3942 2155 13725.026 1720.597 
826 3895 2195 13724.827 1719.536 
788 3959 2140 13739.675 1721.599 
789 3934 2132 13728.749 1723.75 
830 3893 2212 13738.587 1721.249 
766 3960 2155 13733.056 1721.199 
822 3898 2170 13715.48 1718.743 
