1005 5201 2768 13681.608 1715.074 
1187 4888 2786 13603.192 1703.374 
1002 5177 2780 13678.739 1714.133 
1028 5174 2792 13686.24 1715.799 
1035 5166 2784 13685.756 1716.272 
1155 4911 2768 13602.379 1700.21 
1065 5080 2859 13657.823 1711.709 
1177 4867 2795 13596.174 1703.475 
1111 5013 2814 13640.478 1708.46 
1086 5055 2839 13649.071 1711.126 
1144 4962 2830 13633.563 1707.841 
1136 5003 2782 13626.786 1705.068 
1099 5069 2813 13664.731 1714.283 
1183 4895 2790 13604.551 1703.344 
1086 5055 2838 13649.118 1711.137 
1124 4996 2739 13623.788 1706.641 
1095 5078 2817 13665.309 1713.929 
1159 4965 2764 13624.985 1707.394 
1166 4923 2761 13602.991 1701.824 
1158 4917 2771 13595.829 1701.098 
1173 4899 2762 13595.883 1702.876 
1132 4995 2777 13620.797 1705.311 
1007 5190 2774 13673.746 1714.649 
1158 4903 2765 13589.138 1701.298 
1183 4879 2801 13598.786 1703.268 
1024 5140 2810 13657.205 1711.258 
1167 4907 2759 13591.767 1700.522 
1071 5103 2829 13667.741 1714.437 
1087 5062 2837 13655.977 1712.797 
1078 5107 2820 13669.88 1714.07 
1181 4896 2789 13604.01 1703.242 
1150 4946 2772 13600.214 1701.85 
1119 5016 2825 13644.082 1707.879 
1081 5086 2844 13668.127 1714.387 
1114 5026 2820 13646.56 1707.974 
1064 5092 2855 13662.169 1712.111 
1026 5172 2769 13682.731 1715.877 
1018 5141 2814 13659.03 1711.729 
1010 5175 2773 13681.398 1715.062 
1055 5107 2852 13661.862 1711.592 
1042 5144 2804 13675.492 1715.936 
1117 5025 2824 13645.349 1707.837 
1059 5118 2825 13671.756 1714.843 
1026 5180 2773 13671.62 1713.382 
1061 5096 2858 13665.55 1712.646 
1084 5101 2843 13673.901 1715.132 
1125 4995 2778 13616.625 1706.112 
1067 5082 2850 13658.895 1711.856 
1038 5148 2791 13679.453 1715.872 
1041 5149 2795 13677.098 1715.279 
1033 5136 2819 13669.776 1712.13 
1118 5022 2827 13645.609 1707.851 
1151 4911 2766 13604.004 1701.243 
1018 5157 2807 13675.55 1713.581 
1150 4947 2771 13601.02 1701.973 
1171 4901 2786 13601.903 1700.327 
1035 5161 2792 13684.995 1715.347 
1055 5101 2846 13669.967 1713.12 
1015 5176 2772 13678.491 1714.639 
1062 5094 2858 13665.215 1712.679 
1061 5125 2814 13675.64 1716.131 
1070 5082 2846 13661.522 1712.254 
1053 5129 2853 13679.028 1714.628 
1044 5133 2825 13673.618 1714.201 
1061 5111 2828 13662.618 1713.53 
1031 5148 2801 13670.455 1714.08 
1155 4910 2768 13601.973 1700.225 
1066 5083 2850 13658.994 1711.876 
1035 5156 2798 13675.502 1715.166 
1044 5138 2795 13674.272 1713.078 
1034 5150 2794 13675.52 1715.296 
1035 5143 2809 13677.629 1714.239 
1060 5112 2837 13668.485 1714.293 
1166 4885 2772 13595.992 1703.434 
1031 5166 2785 13678.509 1714.85 
1049 5137 2813 13679.126 1714.56 
1138 4990 2839 13642.833 1708.087 
1114 5016 2827 13644.848 1708.268 
1050 5143 2805 13673.017 1715.47 
1110 5031 2815 13641.559 1708.332 
1036 5165 2785 13686.073 1716.248 
1156 4893 2770 13595.668 1703.833 
1185 4874 2791 13603.971 1704.725 
1086 5063 2837 13655.896 1712.808 
1122 5002 2797 13631.967 1706.033 
1162 4922 2740 13597.26 1702.301 
