832 5245 2562 13583.574 1699.521 
834 5204 2546 13574.255 1698.763 
1114 4825 2679 13519.374 1692.252 
1094 4831 2719 13518.181 1692.422 
1113 4825 2681 13518.593 1691.986 
987 5158 2712 13637.329 1709.95 
1046 5090 2770 13632.66 1707.09 
1026 5120 2706 13648.412 1705.465 
1113 4826 2677 13518.466 1691.543 
1083 4885 2704 13538.774 1694.2 
836 5212 2565 13580.202 1698.695 
969 5182 2659 13623.809 1706.16 
953 5181 2663 13630.236 1706.599 
1077 5024 2742 13608.385 1704.267 
833 5216 2559 13570.44 1697.661 
838 5215 2547 13574.943 1698.344 
1087 4878 2701 13534.227 1695.487 
1069 5035 2723 13612.645 1703.602 
1070 5032 2712 13606.557 1703.828 
837 5216 2547 13575.042 1698.352 
1063 5044 2745 13618.553 1704.637 
1105 4850 2680 13524.948 1692.826 
1057 5095 2735 13640.288 1708.415 
1097 4874 2706 13536.277 1695.158 
1035 5096 2717 13615.568 1705.131 
1067 5067 2741 13628.506 1706.022 
1103 4851 2679 13522.848 1692.404 
1067 5075 2738 13629.316 1707.108 
1028 5118 2668 13634.478 1706.378 
1113 4828 2675 13518.19 1691.962 
1052 5083 2749 13633.32 1707.561 
1074 5041 2724 13607.953 1703.684 
973 5130 2731 13614.02 1704.832 
1106 4843 2686 13524.011 1692.581 
1013 5110 2731 13629.626 1707.441 
1004 5145 2719 13632.532 1705.008 
986 5159 2705 13636.621 1709.448 
970 5185 2680 13628.228 1705.471 
1028 5103 2761 13634.761 1707.823 
1096 4875 2705 13536.32 1695.084 
993 5162 2725 13643.688 1708.027 
1011 5136 2727 13627.182 1705.721 
1048 5089 2751 13633.612 1707.128 
1101 4845 2681 13522.065 1691.99 
1069 5032 2732 13607.944 1704.227 
1013 5108 2747 13620.978 1705.535 
1001 5159 2697 13631.83 1706.718 
1023 5132 2716 13635.237 1707.789 
996 5173 2688 13633.146 1704.151 
972 5160 2694 13631.114 1709.585 
960 5179 2692 13624.743 1705.754 
983 5124 2734 13624.432 1704.664 
1008 5152 2688 13644.609 1705.276 
974 5175 2706 13633.499 1707.816 
1019 5153 2713 13641.459 1709.796 
977 5178 2694 13635.705 1707.453 
1031 5101 2725 13621.584 1705.7 
975 5164 2702 13626.127 1707.683 
992 5156 2690 13634.586 1708.189 
1110 4832 2681 13520.695 1692.473 
1055 5069 2755 13627.841 1705.918 
1047 5093 2745 13636.898 1708.349 
987 5168 2689 13625.607 1706.543 
1026 5112 2713 13622.432 1706.836 
997 5165 2682 13639.415 1707.705 
978 5171 2690 13634.444 1708.148 
981 5176 2678 13638.2 1705.773 
1006 5122 2716 13632.665 1708.276 
1009 5138 2725 13626.821 1705.689 
1004 5143 2723 13638.848 1708.414 
1032 5097 2703 13634.436 1706.964 
1028 5111 2715 13622.991 1706.929 
1010 5104 2757 13627.177 1707.567 
1002 5109 2747 13622.374 1706.181 
1028 5102 2761 13634.291 1707.869 
999 5155 2723 13642.382 1709.828 
985 5167 2664 13632.375 1706.45 
984 5167 2698 13633.054 1707.084 
1109 4835 2688 13523.422 1692.524 
1049 5088 2750 13633.029 1707.065 
980 5177 2677 13638.141 1705.769 
1108 4836 2687 13523.174 1692.507 
973 5123 2734 13627.75 1707.747 
1033 5116 2692 13629.81 1706.184 
985 5166 2683 13636.341 1708.075 
1009 5107 2758 13628.312 1707.78 
1112 4835 2683 13522.406 1692.079 
1009 5107 2759 13628.345 1707.733 
1112 4827 2681 13519.063 1692.106 
