215 629 447 14020.901 1764.359 
189 670 440 14058.555 1764.885 
190 657 449 14034.261 1765.204 
177 667 430 14023.697 1770.553 
115 718 360 13880.163 1736.572 
121 705 381 13854.736 1742.151 
100 748 358 13979.498 1756.359 
108 744 338 13959.645 1748.939 
212 639 445 14053.314 1769.182 
142 698 388 13995.751 1752.18 
208 633 449 14006.175 1766.028 
117 716 362 13882.263 1736.728 
165 681 420 13988.996 1759.297 
142 701 385 13994.137 1751.999 
124 720 347 13871.665 1740.134 
182 664 426 14038.48 1768.575 
102 743 357 13969.869 1755.22 
120 708 379 13863.728 1742.833 
133 702 369 13925.655 1749.621 
110 725 362 13894.662 1742.829 
119 726 355 13917.283 1744.078 
113 724 368 13906.121 1745.565 
108 735 351 13916.571 1753.972 
158 685 399 14000.502 1755.997 
151 691 406 13996.83 1754.746 
193 651 439 14026.686 1764.359 
195 648 441 13999.5 1763.171 
170 679 407 14012.201 1762.827 
155 681 422 14003.992 1762.039 
109 731 349 13932.62 1752.648 
111 733 345 13920.168 1750.43 
101 745 355 13966.788 1752.141 
150 697 419 14015.875 1760.484 
161 677 410 13998.097 1760.683 
156 689 417 14008.825 1757.15 
204 641 437 13984.892 1762.754 
171 677 409 13948.926 1755.407 
131 706 371 13953.338 1746.288 
110 737 341 13914.383 1750.2 
123 703 382 13859.58 1742.335 
178 666 430 14023.213 1770.476 
183 662 428 14035.87 1767.887 
181 667 428 14028.269 1766.969 
125 714 358 13933.159 1745.393 
187 660 443 14016.121 1760.262 
185 659 424 14017.062 1766.65 
103 743 346 13944.302 1749.38 
114 719 359 13884.846 1745.33 
173 671 421 13996.851 1762.697 
194 655 444 14023.919 1763.829 
104 729 365 13909.276 1751.55 
159 683 400 13998.53 1755.982 
110 712 378 13881.801 1744.607 
109 714 373 13876.985 1742.562 
151 693 414 13994.552 1756.521 
204 642 437 13985.098 1762.667 
213 632 440 14019.185 1766.483 
155 682 420 13990.505 1757.797 
127 711 366 13932.317 1745.488 
130 708 371 13957.82 1747.185 
155 687 413 13992.514 1757.451 
178 657 434 14000.016 1766.823 
180 658 432 14017.468 1765.177 
122 704 381 13857.87 1742.324 
112 732 346 13922.542 1750.903 
162 678 426 14008.216 1759.82 
195 654 437 14020.034 1764.261 
158 684 402 13999.724 1761.02 
100 747 360 13981.512 1756.984 
114 717 367 13890.012 1747.019 
108 743 339 13955.433 1748.014 
142 699 387 13996.597 1752.451 
179 672 419 14023.681 1767.243 
199 647 442 14017.559 1765.496 
131 702 375 13948.466 1748.635 
215 630 446 14019.868 1764.291 
202 645 437 14014.655 1767.043 
156 689 407 14017.553 1761.103 
113 722 361 13907.532 1747.971 
128 712 366 13928.845 1749.476 
114 736 342 13945.016 1748.164 
112 735 343 13929.785 1745.497 
182 663 427 14035.472 1768.291 
153 684 419 14002.121 1751.412 
190 651 427 14024.222 1766.646 
105 740 365 13959.369 1747.73 
120 721 354 13927.799 1750.114 
156 682 413 13995.288 1757.373 
120 715 370 13926.75 1751.705 
113 732 342 13946.907 1749.961 
151 692 414 13992.899 1756.901 
113 718 365 13888.542 1746.913 
133 707 373 13932.893 1748.748 
121 715 365 13908.887 1748.564 
161 679 426 14008.508 1759.715 
107 737 371 13958.376 1749.39 
