301 1360 757 13949.111 1752.603 
307 1363 763 13963.794 1751.104 
280 1392 734 13956.39 1750.923 
343 1249 813 13816.524 1732.82 
296 1312 839 13868.678 1736.673 
311 1344 728 13909.521 1750.006 
259 1359 789 13849.798 1733.387 
356 1237 805 13823.102 1733.326 
291 1318 799 13862.594 1728.739 
350 1257 803 13841.512 1738.881 
329 1282 787 13848.306 1735.244 
311 1291 809 13836.262 1731.237 
340 1270 798 13869.715 1736.622 
316 1320 775 13894.409 1740.338 
336 1263 795 13844.929 1738.017 
333 1308 759 13883.999 1743.306 
309 1327 773 13896.081 1741.574 
293 1373 748 13954.633 1752.104 
302 1303 826 13860.358 1734.263 
283 1390 737 13958.954 1750.125 
346 1246 813 13819.197 1733.593 
268 1347 783 13833.242 1731.77 
292 1380 743 13960.886 1751.735 
308 1303 808 13829.615 1730.656 
299 1369 752 13935.297 1745.041 
301 1310 833 13873.761 1737.295 
334 1276 787 13844.636 1735.959 
285 1383 740 13940.335 1748.646 
309 1338 758 13902.509 1742.14 
298 1372 734 13949.11 1752.516 
277 1385 739 13936.847 1747.411 
262 1355 786 13847.263 1732.109 
314 1351 750 13916.578 1744.01 
351 1240 810 13828.574 1734.978 
321 1342 741 13906.32 1744.624 
317 1322 761 13903.14 1744.116 
313 1351 751 13914.171 1744.052 
282 1337 785 13844.276 1729.837 
266 1349 796 13858.935 1734.375 
308 1357 743 13947.351 1750.969 
296 1375 736 13949.422 1751.241 
287 1377 745 13937.011 1748.984 
332 1272 798 13828.925 1731.106 
316 1348 728 13909.528 1744.743 
325 1279 789 13831.327 1734.749 
321 1296 763 13866.016 1737.708 
337 1315 756 13904.656 1742.679 
273 1341 803 13877.139 1734.502 
355 1238 805 13822.701 1733.227 
289 1321 809 13857.565 1738.085 
331 1277 793 13863.174 1736.773 
299 1366 747 13932.965 1746.492 
344 1258 791 13818.078 1734.665 
294 1317 822 13863.375 1731.477 
316 1356 745 13924.483 1742.563 
310 1299 797 13832.96 1732.711 
328 1312 758 13887.472 1745.715 
280 1385 738 13924.642 1746.156 
279 1384 740 13939.442 1747.918 
282 1336 779 13846.167 1728.981 
305 1302 815 13847.088 1733.842 
351 1243 813 13825.618 1733.027 
310 1356 737 13921.019 1746.909 
302 1309 819 13867.21 1734.642 
341 1251 811 13816.962 1732.879 
353 1243 806 13831.912 1734.47 
322 1333 752 13932.102 1748.477 
325 1329 747 13893.511 1747.608 
285 1375 745 13931.759 1749.765 
324 1329 752 13891.534 1744.707 
311 1341 767 13909.007 1741.773 
290 1328 782 13853.353 1732.04 
290 1321 836 13865.823 1736.85 
286 1388 734 13962.118 1749.813 
306 1298 826 13845.249 1731.901 
274 1340 803 13876.842 1734.343 
292 1359 767 13928.548 1744.889 
319 1317 771 13881.473 1736.782 
314 1348 753 13927.336 1749.252 
267 1350 775 13833.906 1730.198 
297 1371 756 13963.385 1750.843 
296 1316 833 13877.601 1736.775 
327 1331 747 13908.854 1742.66 
279 1345 791 13855.407 1732.997 
318 1337 747 13887.561 1741.279 
287 1325 817 13873.73 1736.324 
304 1332 769 13882.96 1736.828 
295 1313 838 13868.88 1736.686 
329 1311 759 13888.566 1745.746 
319 1323 769 13889.138 1737.825 
274 1334 816 13853.963 1732.755 
288 1324 818 13848.098 1731.905 
344 1248 814 13817.387 1733.462 
308 1354 753 13920.529 1742.847 
287 1373 750 13926.065 1746.501 
306 1346 750 13939.291 1752.576 
353 1246 811 13834.4 1733.344 
320 1321 770 13887.961 1737.836 
