194 666 441 14073.941 1760.469 
149 687 388 13990.992 1769.612 
114 730 382 13965.247 1748.362 
226 602 444 13956.849 1749.069 
133 703 402 13912.444 1738.132 
137 693 369 13955.921 1761.907 
114 730 378 13964.876 1749.734 
210 636 466 14035.861 1763.603 
180 675 424 14044.495 1756.352 
159 686 418 13967.889 1742.457 
176 679 413 13986.0 1751.879 
181 677 420 14033.591 1757.75 
218 618 450 14004.064 1762.528 
198 644 432 14029.025 1765.285 
139 692 395 13915.792 1740.084 
136 693 401 13924.274 1741.243 
218 614 458 13994.42 1760.322 
186 673 434 14067.077 1762.081 
222 606 440 13933.055 1747.974 
140 691 400 13936.761 1743.442 
148 689 398 14014.203 1768.09 
138 697 371 13964.774 1759.642 
171 685 400 14014.299 1753.626 
150 689 384 13982.779 1765.434 
156 685 411 13953.109 1744.665 
212 624 451 14021.194 1764.248 
155 686 410 13951.112 1744.616 
196 663 434 14072.421 1762.125 
124 710 397 13933.666 1745.509 
133 702 377 13974.321 1763.512 
188 668 441 14056.585 1760.703 
213 630 452 14010.748 1761.604 
201 659 435 14057.248 1758.865 
121 723 384 13992.869 1750.82 
127 709 391 13960.293 1753.574 
135 689 404 13932.343 1742.946 
119 727 381 13959.081 1747.529 
134 698 396 13966.829 1753.881 
153 681 396 13993.648 1768.978 
152 687 408 13936.459 1738.883 
221 621 455 14010.935 1760.313 
220 606 456 13958.221 1754.822 
122 717 388 13957.786 1752.535 
200 654 440 14048.678 1763.711 
204 643 450 14046.271 1755.45 
148 688 386 13978.902 1769.416 
209 640 447 14034.439 1764.776 
126 715 394 13979.122 1750.18 
116 728 383 13961.008 1747.73 
205 641 443 14054.175 1765.237 
202 645 447 14046.334 1763.117 
199 656 446 14043.136 1758.141 
138 689 407 13928.657 1742.397 
151 688 407 13936.281 1738.862 
196 653 445 14037.047 1759.155 
198 660 442 14073.382 1763.429 
201 659 436 14056.973 1758.829 
132 705 382 13944.313 1749.512 
117 724 382 13945.193 1745.888 
149 683 396 13988.509 1762.196 
129 712 394 13979.876 1750.013 
131 706 389 13980.283 1754.805 
140 695 380 13993.466 1759.428 
132 706 393 13964.658 1746.734 
144 690 384 13989.638 1768.365 
210 627 450 14022.476 1765.048 
122 721 390 13981.356 1749.833 
117 724 380 13970.49 1749.253 
196 655 444 14040.739 1758.775 
151 678 399 13965.378 1754.83 
207 637 452 14035.605 1760.703 
201 652 455 14067.613 1762.89 
119 723 389 13976.234 1749.203 
128 701 400 13932.589 1746.533 
213 636 441 14014.408 1758.861 
130 707 388 13975.107 1753.782 
137 704 395 13969.577 1748.251 
210 637 442 14024.896 1762.064 
123 720 394 13967.219 1749.525 
135 705 394 13930.759 1743.233 
132 705 386 13949.777 1748.27 
135 706 384 13948.676 1745.72 
187 669 441 14055.329 1760.272 
122 719 392 13977.702 1750.678 
201 646 446 14045.737 1763.075 
172 680 401 13977.324 1752.357 
128 702 399 13932.831 1746.197 
139 694 381 13984.021 1760.702 
204 650 444 14044.226 1765.003 
136 694 369 13956.156 1761.923 
206 649 440 14041.589 1764.383 
138 701 386 13961.51 1745.849 
202 654 441 14055.863 1758.223 
200 652 443 14056.993 1764.915 
