548 2628 1486 13806.48 1738.911 
629 2481 1530 13721.243 1723.835 
547 2640 1502 13816.072 1738.821 
639 2466 1528 13716.27 1725.081 
436 2693 1317 13637.341 1709.502 
446 2685 1319 13656.092 1711.673 
503 2672 1434 13766.973 1730.834 
590 2549 1501 13712.84 1723.094 
635 2494 1518 13737.73 1726.483 
602 2530 1518 13729.206 1726.11 
443 2686 1318 13642.58 1709.871 
508 2656 1468 13783.265 1733.764 
605 2503 1518 13711.278 1722.948 
603 2514 1505 13711.83 1724.932 
615 2488 1520 13710.517 1722.014 
447 2683 1315 13651.648 1710.855 
567 2595 1523 13796.244 1737.651 
559 2607 1506 13798.857 1738.392 
616 2511 1513 13729.404 1726.326 
626 2482 1522 13719.852 1726.486 
553 2612 1498 13796.452 1736.759 
613 2510 1515 13724.867 1726.132 
515 2668 1464 13785.437 1731.046 
616 2491 1519 13715.948 1723.458 
567 2609 1515 13800.887 1737.168 
631 2483 1521 13724.132 1724.31 
619 2506 1505 13726.432 1725.398 
556 2616 1495 13802.029 1736.563 
612 2496 1520 13716.395 1723.558 
623 2500 1516 13722.166 1725.672 
550 2624 1486 13799.643 1738.663 
550 2625 1486 13794.757 1735.818 
572 2587 1499 13783.886 1736.245 
628 2482 1529 13721.316 1723.843 
631 2484 1528 13723.332 1726.269 
564 2601 1519 13800.327 1737.657 
626 2486 1522 13716.155 1724.892 
557 2615 1496 13801.903 1736.535 
549 2627 1481 13793.986 1736.534 
570 2601 1477 13791.62 1736.551 
550 2626 1485 13795.863 1736.013 
567 2611 1493 13801.221 1738.497 
585 2589 1516 13793.811 1736.162 
526 2649 1462 13795.175 1735.78 
555 2623 1495 13803.898 1737.908 
523 2664 1476 13796.477 1732.964 
504 2666 1453 13782.255 1732.878 
550 2624 1485 13799.742 1738.682 
585 2584 1511 13802.503 1738.124 
639 2479 1526 13725.955 1726.509 
558 2609 1506 13799.991 1738.669 
561 2618 1494 13805.055 1738.503 
557 2623 1497 13801.899 1737.101 
598 2556 1499 13789.729 1735.132 
559 2623 1490 13799.076 1735.267 
614 2513 1512 13729.253 1726.305 
638 2471 1531 13716.813 1724.109 
546 2641 1502 13816.242 1738.841 
571 2592 1528 13804.45 1737.904 
525 2650 1462 13795.316 1735.812 
564 2607 1506 13799.541 1737.821 
638 2467 1528 13716.381 1725.122 
512 2646 1476 13779.328 1733.502 
630 2499 1518 13729.232 1727.67 
646 2453 1538 13708.377 1724.543 
557 2612 1515 13795.755 1735.293 
554 2612 1499 13797.331 1735.917 
592 2581 1490 13805.294 1736.302 
547 2639 1510 13817.567 1739.188 
502 2681 1454 13795.571 1733.993 
508 2663 1455 13779.463 1733.434 
546 2643 1501 13818.06 1739.168 
548 2639 1502 13816.825 1738.75 
571 2610 1506 13793.932 1735.34 
