1086 5048 2891 13643.349 1708.041 
1129 4766 2671 13517.704 1694.69 
988 5264 2763 13685.225 1714.651 
1071 5136 2824 13689.751 1715.951 
1000 5252 2762 13693.896 1715.452 
1135 4759 2679 13518.568 1694.915 
1129 4766 2672 13517.497 1694.645 
1093 5032 2883 13638.306 1708.046 
1131 4764 2680 13520.099 1695.137 
1132 4763 2680 13520.229 1695.043 
1008 5227 2754 13692.185 1715.245 
995 5254 2769 13690.026 1714.971 
1122 5065 2870 13684.308 1714.774 
1108 5072 2835 13667.88 1711.083 
989 5263 2764 13685.582 1714.674 
1068 5114 2841 13669.544 1712.799 
1005 5195 2785 13684.18 1715.745 
1082 5052 2883 13644.954 1708.93 
1100 5042 2872 13645.94 1709.1 
1107 5073 2832 13668.843 1711.643 
1040 5184 2756 13677.711 1713.301 
1042 5197 2761 13676.387 1714.302 
1060 5107 2851 13654.863 1711.276 
1056 5158 2812 13675.878 1713.026 
1100 5034 2875 13642.898 1708.361 
1070 5118 2835 13670.686 1712.147 
1000 5252 2772 13688.501 1715.535 
1095 5037 2879 13638.614 1708.159 
1091 5097 2846 13673.764 1713.345 
1053 5139 2828 13671.593 1711.752 
1027 5166 2820 13658.361 1709.816 
1009 5244 2774 13689.152 1715.465 
1040 5177 2791 13673.915 1713.627 
1082 5069 2862 13659.181 1711.435 
1072 5096 2851 13653.772 1711.196 
1023 5140 2816 13662.064 1711.929 
1028 5147 2825 13656.196 1710.399 
1046 5179 2782 13676.826 1714.668 
1123 5063 2869 13683.693 1714.729 
1087 5099 2830 13672.133 1712.954 
1086 5090 2859 13667.363 1712.68 
1035 5225 2796 13691.369 1714.827 
1050 5141 2819 13669.537 1711.71 
1073 5110 2830 13662.193 1710.698 
1132 4765 2674 13518.65 1694.809 
1060 5159 2790 13680.604 1714.477 
1057 5139 2795 13680.195 1713.033 
1074 5114 2801 13659.498 1710.22 
1065 5105 2848 13658.767 1712.634 
1064 5108 2847 13659.775 1712.78 
1016 5203 2815 13670.542 1710.979 
1028 5201 2807 13684.608 1713.637 
1010 5232 2763 13681.693 1714.548 
1031 5138 2802 13667.971 1713.163 
1035 5166 2799 13681.215 1715.002 
1007 5229 2775 13682.829 1715.229 
1018 5222 2784 13686.56 1715.137 
1008 5150 2800 13666.621 1713.88 
1039 5164 2807 13667.192 1711.237 
1080 5082 2872 13657.053 1709.758 
1081 5101 2833 13664.099 1713.078 
1085 5034 2877 13640.688 1709.397 
1101 5038 2872 13644.453 1708.746 
1047 5144 2795 13677.732 1713.425 
1021 5216 2781 13684.123 1715.032 
1027 5153 2830 13654.172 1710.37 
1126 5032 2881 13671.52 1714.966 
1022 5162 2818 13664.961 1712.271 
1010 5209 2803 13672.02 1711.878 
1083 5094 2859 13676.277 1712.598 
1125 5033 2880 13671.29 1714.927 
1013 5227 2780 13685.839 1715.199 
1070 5118 2834 13670.804 1712.07 
1014 5225 2777 13684.367 1715.486 
1037 5146 2795 13667.406 1713.87 
1017 5251 2784 13693.005 1714.484 
1011 5208 2803 13671.941 1711.872 
1076 5086 2860 13660.4 1712.08 
1079 5083 2873 13657.638 1709.801 
1093 5040 2873 13643.546 1708.058 
1021 5203 2785 13680.827 1715.052 
1070 5137 2823 13689.663 1715.941 
1020 5223 2779 13685.362 1714.957 
1036 5161 2776 13678.217 1714.235 
1031 5166 2818 13669.121 1711.397 
1017 5224 2771 13686.2 1715.13 
1078 5104 2835 13676.657 1714.361 
1074 5113 2825 13673.688 1712.312 
1077 5085 2861 13660.502 1712.082 
1019 5206 2813 13678.587 1713.518 
1021 5159 2814 13665.808 1712.283 
1097 5095 2851 13681.54 1714.825 
1097 5080 2860 13660.444 1711.303 
1132 4763 2680 13520.092 1695.137 
1098 5079 2861 13660.456 1711.308 
1036 5165 2795 13673.757 1712.358 
