746 3123 1802 13670.09 1710.573 
539 3385 1642 13667.7 1706.893 
715 3229 1837 13728.78 1719.633 
732 3195 1856 13706.643 1716.246 
707 3232 1825 13724.251 1719.707 
558 3319 1676 13626.118 1706.813 
545 3358 1612 13637.346 1704.742 
526 3354 1653 13641.6 1707.988 
757 3132 1785 13669.926 1712.67 
544 3354 1660 13646.405 1703.107 
747 3142 1782 13674.366 1712.103 
672 3248 1796 13702.898 1714.777 
739 3165 1823 13694.01 1715.553 
589 3310 1718 13663.118 1706.959 
612 3285 1695 13646.792 1705.376 
701 3242 1799 13718.79 1717.823 
736 3185 1821 13702.207 1714.199 
748 3124 1796 13668.754 1710.876 
744 3178 1813 13698.259 1715.42 
598 3305 1684 13663.521 1707.261 
527 3366 1648 13649.555 1708.379 
586 3286 1664 13645.101 1708.979 
723 3220 1845 13715.185 1716.996 
541 3364 1633 13658.785 1708.811 
755 3138 1785 13673.377 1711.996 
560 3325 1688 13633.972 1703.978 
544 3360 1612 13637.91 1704.794 
727 3187 1836 13708.717 1717.59 
733 3189 1841 13696.623 1714.316 
611 3286 1694 13646.807 1705.395 
729 3217 1848 13715.882 1716.519 
604 3261 1714 13649.22 1708.014 
558 3312 1685 13650.424 1707.478 
578 3268 1706 13634.098 1707.056 
702 3244 1830 13722.83 1716.496 
705 3240 1833 13726.814 1717.842 
735 3191 1833 13700.032 1714.949 
707 3236 1831 13728.348 1718.854 
708 3239 1821 13728.347 1719.156 
734 3195 1827 13712.504 1717.676 
605 3295 1708 13660.417 1706.648 
556 3341 1645 13654.21 1709.902 
594 3276 1695 13656.782 1709.82 
556 3346 1635 13662.041 1706.647 
532 3332 1668 13632.856 1707.294 
546 3330 1674 13628.879 1704.514 
719 3200 1830 13710.218 1718.271 
596 3270 1701 13640.626 1706.661 
729 3211 1848 13715.553 1716.859 
730 3207 1843 13709.926 1715.875 
711 3234 1827 13723.094 1716.318 
549 3329 1661 13638.902 1705.174 
597 3264 1713 13634.526 1706.143 
727 3221 1839 13717.226 1716.083 
590 3282 1668 13635.488 1708.223 
604 3296 1707 13659.97 1706.544 
572 3337 1650 13649.463 1705.39 
564 3314 1678 13639.336 1704.387 
577 3316 1675 13642.335 1706.324 
534 3360 1655 13640.503 1706.386 
732 3210 1833 13717.338 1715.052 
539 3352 1649 13646.42 1708.733 
551 3324 1666 13636.581 1704.81 
549 3342 1664 13632.219 1704.56 
564 3292 1651 13634.97 1707.573 
566 3334 1659 13654.936 1706.568 
732 3206 1844 13710.678 1715.979 
718 3201 1829 13710.375 1718.329 
709 3231 1825 13725.851 1719.642 
752 3135 1788 13671.99 1712.178 
727 3218 1840 13715.431 1715.589 
552 3350 1648 13656.636 1708.023 
548 3338 1663 13648.264 1705.353 
604 3264 1668 13643.697 1708.246 
560 3316 1656 13636.121 1707.154 
563 3314 1664 13626.368 1707.043 
600 3272 1698 13638.207 1706.804 
545 3332 1674 13629.735 1704.665 
544 3340 1666 13654.132 1707.028 
551 3335 1655 13642.988 1705.314 
549 3332 1662 13637.261 1705.537 
543 3353 1675 13655.085 1707.224 
751 3137 1787 13672.678 1712.248 
560 3339 1647 13637.913 1707.328 
594 3277 1662 13637.039 1708.375 
553 3348 1658 13646.289 1704.286 
546 3346 1667 13644.336 1704.144 
752 3136 1787 13673.251 1712.252 
545 3352 1666 13643.364 1704.473 
