137 742 432 14211.261 1790.078 
207 625 449 13923.391 1753.513 
208 624 456 13945.837 1757.311 
125 748 425 14142.283 1773.958 
169 687 404 14075.543 1772.939 
164 695 419 14086.982 1776.35 
158 698 404 14038.883 1768.902 
168 690 407 14085.84 1773.621 
131 743 421 14158.951 1782.25 
164 692 425 14102.619 1776.52 
144 730 432 14169.129 1780.064 
152 705 422 14091.167 1770.53 
188 654 439 13974.111 1757.697 
189 649 446 13943.231 1755.696 
172 677 435 14017.973 1771.016 
205 632 446 13953.096 1760.077 
193 646 449 13997.177 1765.96 
138 737 441 14199.222 1784.557 
147 720 439 14160.561 1777.824 
170 683 405 14070.18 1770.224 
139 742 437 14207.132 1787.93 
206 627 454 13947.887 1756.927 
204 637 453 13994.261 1763.665 
146 726 441 14171.089 1782.934 
178 673 436 14088.127 1778.23 
142 738 431 14197.638 1782.294 
149 722 429 14165.415 1778.09 
184 666 444 14078.243 1775.794 
192 656 437 13991.739 1763.317 
174 669 431 14048.783 1778.772 
168 689 423 14092.875 1774.689 
137 742 433 14209.632 1789.854 
126 747 425 14143.364 1773.734 
184 672 428 14066.101 1774.281 
200 645 448 14006.103 1762.28 
177 675 436 14091.976 1778.563 
201 645 447 14004.459 1762.892 
192 651 441 13963.769 1759.042 
142 736 445 14204.443 1789.512 
150 721 435 14174.006 1778.294 
172 671 438 14061.151 1773.309 
166 669 441 14031.185 1773.873 
167 681 429 14053.006 1770.972 
151 701 424 14080.023 1769.5 
143 737 435 14201.398 1783.766 
161 694 428 14087.584 1776.6 
166 681 428 14044.071 1772.439 
203 639 453 14007.92 1763.735 
196 644 449 13992.746 1761.352 
173 680 434 14076.771 1779.115 
193 649 443 13982.759 1762.54 
195 643 453 13997.358 1765.012 
191 650 445 13995.717 1762.868 
172 667 440 14049.433 1773.156 
194 648 444 13991.837 1764.966 
148 720 434 14157.899 1779.021 
173 669 442 14049.918 1772.944 
168 689 424 14091.185 1775.517 
203 638 454 13986.174 1765.059 
205 631 454 13964.172 1759.66 
139 738 438 14201.127 1788.255 
169 686 406 14042.79 1765.483 
195 648 453 13989.995 1763.917 
168 679 439 14061.343 1776.161 
195 644 448 13994.173 1765.383 
166 682 427 14062.573 1772.586 
141 737 438 14207.017 1789.845 
139 739 437 14204.769 1788.957 
190 652 444 13992.102 1763.415 
139 739 437 14203.157 1789.14 
202 639 453 13985.45 1765.035 
189 653 443 13989.877 1763.36 
195 647 453 13990.301 1762.395 
194 645 448 13994.463 1765.434 
