821 3952 2146 13748.021 1726.432 
881 3819 2228 13718.68 1721.704 
907 3772 2204 13708.723 1719.452 
866 3864 2156 13721.769 1718.969 
834 3936 2182 13761.437 1725.261 
792 3969 2125 13736.153 1721.099 
791 3959 2153 13751.715 1724.558 
890 3835 2210 13729.205 1721.133 
897 3810 2203 13717.928 1720.53 
904 3794 2209 13713.291 1719.319 
906 3774 2204 13709.641 1719.52 
813 3956 2140 13744.002 1725.952 
903 3795 2187 13711.588 1720.857 
852 3884 2196 13739.513 1722.847 
877 3827 2219 13722.969 1721.918 
824 3948 2127 13741.912 1723.856 
853 3881 2194 13733.774 1719.65 
857 3884 2160 13734.528 1719.772 
860 3880 2186 13742.578 1721.759 
890 3826 2222 13726.253 1721.288 
885 3830 2219 13727.664 1721.681 
838 3928 2176 13758.879 1725.486 
894 3817 2221 13724.126 1721.396 
892 3830 2193 13721.203 1720.432 
888 3823 2225 13723.053 1721.499 
865 3845 2158 13719.986 1720.76 
808 3962 2143 13748.046 1722.451 
872 3844 2173 13718.025 1720.06 
850 3890 2170 13735.033 1721.902 
822 3941 2154 13752.806 1726.019 
849 3883 2191 13741.172 1722.275 
901 3795 2189 13713.368 1719.778 
895 3819 2195 13718.72 1720.965 
887 3827 2224 13724.797 1721.566 
844 3914 2181 13749.187 1724.177 
844 3900 2182 13745.492 1722.938 
815 3961 2179 13756.726 1724.035 
835 3934 2183 13761.425 1725.286 
806 3954 2165 13751.692 1724.312 
869 3842 2179 13715.538 1720.723 
863 3860 2182 13724.128 1719.15 
886 3841 2203 13724.769 1722.099 
848 3898 2188 13750.217 1723.441 
797 3953 2148 13748.642 1724.857 
843 3890 2191 13742.811 1722.826 
864 3851 2167 13721.771 1720.667 
818 3940 2180 13747.928 1723.214 
882 3818 2227 13718.455 1721.722 
847 3908 2172 13743.545 1724.309 
896 3813 2225 13721.031 1720.759 
841 3928 2174 13754.275 1724.979 
861 3850 2160 13724.357 1722.117 
793 3964 2154 13748.737 1723.653 
851 3905 2169 13745.773 1723.287 
823 3942 2157 13746.298 1725.661 
846 3924 2176 13757.791 1725.003 
821 3943 2148 13747.613 1725.093 
822 3947 2144 13749.476 1725.104 
811 3951 2141 13748.983 1725.439 
847 3920 2172 13753.961 1724.262 
846 3906 2177 13746.828 1724.329 
851 3897 2167 13743.074 1723.575 
830 3937 2192 13755.357 1724.551 
865 3843 2184 13709.569 1719.601 
817 3947 2150 13746.392 1725.739 
838 3925 2177 13752.028 1723.885 
817 3946 2156 13750.478 1724.765 
807 3963 2142 13747.448 1722.35 
836 3935 2167 13753.02 1724.518 
826 3939 2183 13755.703 1724.794 
827 3941 2151 13744.384 1725.231 
798 3950 2149 13746.261 1724.63 
802 3968 2151 13742.349 1722.451 
828 3932 2190 13756.327 1725.451 
866 3849 2169 13721.805 1720.665 
805 3956 2165 13751.976 1724.31 
853 3881 2191 13741.756 1721.934 
831 3932 2190 13754.594 1724.415 
842 3929 2170 13758.22 1724.774 
801 3967 2150 13756.35 1723.656 
801 3968 2149 13756.982 1723.845 
835 3917 2188 13745.322 1723.569 
865 3850 2168 13721.84 1720.673 
799 3950 2148 13747.539 1724.71 
892 3830 2192 13721.22 1720.516 
843 3920 2185 13755.584 1724.801 
806 3964 2141 13747.455 1722.351 
816 3953 2151 13742.509 1723.741 
836 3916 2188 13745.347 1723.539 
803 3964 2143 13744.797 1723.158 
817 3943 2175 13754.151 1723.814 
824 3946 2169 13754.625 1724.3 
834 3930 2169 13754.552 1725.394 
