499 1830 1103 13674.412 1713.238 
324 2068 991 13729.89 1721.028 
321 2065 987 13726.089 1721.281 
312 2066 1005 13703.523 1722.339 
357 2035 1034 13756.913 1732.54 
342 2061 1021 13761.129 1729.331 
494 1835 1095 13670.288 1712.698 
460 1881 1150 13696.742 1709.508 
450 1908 1169 13725.444 1716.025 
418 1958 1125 13740.883 1723.507 
419 1942 1118 13717.793 1721.764 
325 2066 995 13731.025 1720.245 
432 1917 1139 13707.105 1715.269 
437 1932 1120 13726.575 1720.61 
457 1887 1153 13703.49 1710.265 
389 1950 1049 13692.189 1725.043 
455 1893 1156 13711.751 1714.238 
447 1908 1160 13723.063 1716.887 
354 2030 1043 13744.957 1728.786 
342 2055 1028 13747.574 1727.97 
364 2021 1032 13752.818 1729.384 
379 2003 1024 13733.463 1725.785 
400 1961 1074 13697.42 1716.97 
344 2051 1014 13737.776 1728.83 
453 1901 1166 13724.9 1716.12 
322 2063 1000 13721.033 1719.388 
384 1962 1103 13699.488 1715.181 
347 2044 1026 13734.985 1724.738 
464 1880 1150 13702.062 1711.233 
475 1867 1086 13688.688 1716.259 
454 1896 1147 13717.289 1716.327 
396 1962 1085 13708.573 1717.873 
359 2032 1032 13750.506 1730.979 
350 2037 1011 13727.189 1727.784 
373 1997 1058 13723.784 1727.163 
468 1874 1082 13691.655 1715.875 
464 1880 1152 13699.749 1711.178 
448 1912 1159 13731.133 1718.075 
467 1862 1144 13692.579 1709.635 
356 2036 1033 13755.2 1732.285 
488 1848 1095 13675.151 1713.564 
379 1975 1074 13719.268 1723.522 
427 1938 1134 13735.429 1721.603 
380 1968 1073 13698.03 1720.968 
493 1844 1092 13678.075 1714.333 
389 1960 1053 13698.422 1724.328 
355 2028 1041 13755.193 1730.725 
426 1940 1132 13736.245 1721.548 
371 1992 1039 13732.61 1726.744 
483 1854 1084 13673.921 1714.83 
456 1858 1119 13676.062 1712.51 
431 1928 1125 13721.676 1719.476 
368 2012 1036 13739.959 1728.071 
483 1861 1066 13678.471 1715.624 
374 1985 1062 13710.499 1724.491 
479 1861 1077 13685.052 1715.87 
487 1849 1094 13672.504 1714.297 
466 1873 1076 13683.949 1716.991 
487 1844 1093 13675.268 1713.369 
364 2025 1019 13730.891 1725.362 
477 1863 1075 13689.233 1714.966 
387 1979 1059 13707.861 1718.865 
397 1963 1071 13695.003 1716.89 
370 2014 1029 13746.871 1726.981 
345 2053 1034 13731.635 1723.866 
386 1955 1054 13683.596 1723.707 
492 1834 1097 13673.915 1712.891 
323 2066 992 13728.336 1720.866 
462 1872 1093 13709.702 1718.707 
430 1938 1131 13736.616 1720.76 
398 1963 1072 13696.221 1716.773 
481 1860 1072 13681.297 1716.796 
478 1868 1075 13686.705 1715.925 
451 1898 1145 13735.958 1716.587 
349 2040 1019 13735.571 1723.676 
386 1980 1059 13707.69 1718.861 
463 1870 1093 13708.582 1718.5 
481 1861 1069 13682.115 1715.192 
365 2013 1028 13738.621 1727.486 
361 2024 1035 13748.546 1731.393 
362 2011 1038 13747.912 1729.24 
485 1862 1092 13684.251 1714.458 
476 1858 1081 13674.943 1714.968 
376 2012 1036 13749.717 1726.989 
369 2006 1049 13736.681 1729.272 
382 1993 1029 13723.599 1726.991 
429 1915 1141 13702.234 1714.167 
389 1942 1055 13678.762 1723.522 
455 1895 1148 13719.11 1716.538 
361 2016 1042 13743.223 1729.323 
351 2037 1022 13736.173 1723.75 
346 2034 1041 13740.998 1730.28 
369 2017 1028 13736.897 1725.367 
363 2010 1040 13736.49 1727.933 
471 1868 1075 13683.956 1716.0 
