1157 4967 2908 13637.812 1707.229 
1147 4996 2915 13645.822 1708.289 
1165 4952 2869 13629.636 1706.875 
1109 5115 2924 13696.243 1715.073 
1114 5114 2905 13697.438 1714.737 
1102 5120 2912 13694.292 1715.041 
1116 5107 2917 13687.992 1713.081 
1106 5125 2922 13686.534 1713.437 
1104 5120 2917 13687.055 1713.51 
1116 5099 2921 13691.376 1714.886 
1107 5121 2921 13686.122 1712.938 
1108 5116 2922 13695.872 1715.038 
1117 5097 2922 13691.326 1714.842 
1031 5227 2849 13704.086 1715.445 
1112 5094 2926 13681.448 1713.963 
1162 4950 2904 13629.716 1706.38 
1071 5164 2890 13694.972 1714.799 
1129 5083 2929 13680.378 1712.646 
1155 4985 2917 13644.076 1708.591 
1095 5157 2916 13704.661 1715.551 
1023 5247 2844 13711.56 1716.392 
1035 5229 2842 13705.142 1714.937 
1031 5231 2842 13706.845 1715.69 
1058 5174 2885 13684.156 1712.854 
1031 5235 2841 13709.72 1715.756 
1171 4959 2903 13641.697 1706.69 
1032 5236 2853 13710.227 1715.374 
1112 5114 2915 13689.085 1713.582 
1104 5121 2916 13695.759 1714.374 
1176 4946 2880 13628.011 1705.103 
1143 5077 2931 13682.412 1712.396 
1132 5083 2927 13681.152 1712.652 
1111 5095 2925 13681.133 1713.954 
1100 5147 2920 13699.945 1715.072 
1111 5120 2911 13688.292 1714.064 
1116 5101 2941 13685.58 1712.737 
1030 5235 2842 13709.508 1715.701 
1116 5111 2913 13693.118 1713.354 
1174 4938 2881 13626.867 1705.953 
1158 4960 2906 13635.985 1707.556 
1084 5162 2901 13702.401 1715.101 
1027 5238 2845 13711.48 1716.093 
1030 5229 2854 13706.67 1715.439 
1106 5110 2935 13685.478 1712.936 
1136 5098 2924 13691.173 1713.304 
1060 5204 2875 13705.153 1715.923 
1126 5109 2924 13687.938 1712.28 
1048 5206 2850 13702.083 1714.95 
1114 5110 2927 13685.94 1713.533 
1161 4990 2901 13652.027 1708.817 
1146 5066 2937 13681.154 1712.519 
1163 4970 2863 13626.288 1705.454 
1089 5151 2912 13699.812 1715.763 
1104 5107 2939 13681.577 1712.406 
1101 5132 2923 13697.839 1714.94 
1061 5203 2876 13705.579 1715.979 
1103 5148 2902 13696.075 1714.321 
1110 5111 2909 13691.846 1713.843 
1117 5121 2915 13691.999 1712.91 
1173 4955 2897 13633.274 1705.81 
1156 5057 2914 13672.644 1710.68 
1034 5230 2838 13706.855 1715.611 
1040 5211 2841 13700.653 1714.929 
1033 5214 2847 13698.945 1714.793 
1089 5162 2905 13700.082 1715.429 
1122 5081 2928 13678.362 1713.661 
1085 5147 2923 13685.534 1713.494 
1028 5237 2847 13710.575 1716.144 
1177 4928 2860 13621.18 1704.963 
1136 5098 2923 13691.18 1713.306 
1164 4956 2895 13641.643 1707.974 
1103 5120 2928 13684.931 1714.301 
1125 5104 2923 13695.07 1714.741 
1125 5086 2941 13683.893 1712.793 
