402 2061 1104 13848.777 1736.942 
417 2038 1112 13857.34 1737.353 
374 2000 1134 13754.346 1726.041 
501 1910 1195 13811.568 1729.836 
373 2002 1134 13755.919 1726.218 
425 2025 1123 13859.091 1737.345 
494 1898 1193 13791.086 1730.102 
426 2013 1101 13836.952 1733.059 
486 1913 1217 13805.628 1730.244 
436 1960 1170 13778.125 1721.596 
400 2055 1105 13833.958 1735.784 
424 1970 1141 13810.839 1734.088 
404 2045 1121 13851.454 1734.354 
384 1998 1137 13778.051 1725.509 
413 2032 1130 13842.169 1733.694 
419 2009 1127 13825.522 1730.128 
435 1947 1115 13765.383 1732.576 
414 2036 1116 13838.317 1735.301 
428 1992 1118 13822.307 1728.824 
444 1957 1177 13789.585 1723.307 
379 2005 1135 13767.702 1724.347 
414 2041 1114 13853.801 1735.891 
449 1951 1179 13789.864 1724.72 
463 1930 1214 13786.0 1727.614 
417 2021 1128 13835.595 1730.493 
452 1953 1174 13796.712 1724.934 
419 2029 1115 13840.639 1736.801 
437 1967 1131 13806.118 1731.264 
420 1992 1126 13816.969 1730.09 
471 1922 1149 13780.608 1732.435 
454 1957 1167 13799.229 1727.259 
417 2040 1105 13846.261 1736.467 
483 1921 1206 13809.172 1731.747 
409 2048 1113 13859.021 1737.113 
462 1945 1175 13792.793 1730.838 
442 1960 1165 13786.033 1726.361 
497 1918 1182 13810.674 1730.936 
459 1946 1159 13777.461 1724.46 
492 1899 1192 13790.867 1730.136 
416 2035 1127 13847.01 1735.636 
427 1985 1118 13807.651 1731.68 
482 1919 1211 13810.115 1729.955 
444 1940 1112 13770.0 1731.148 
456 1949 1150 13774.394 1726.133 
422 2002 1125 13837.321 1732.477 
488 1908 1212 13803.055 1729.566 
442 1962 1152 13781.681 1727.582 
435 1980 1169 13807.665 1729.052 
442 1972 1109 13796.209 1726.945 
455 1953 1172 13788.534 1725.472 
468 1938 1186 13794.606 1727.063 
478 1926 1185 13809.353 1728.151 
444 1961 1154 13775.083 1725.256 
473 1927 1194 13788.628 1725.863 
470 1922 1150 13779.976 1732.313 
481 1919 1194 13813.162 1731.81 
500 1911 1194 13810.664 1729.7 
477 1933 1172 13795.375 1729.031 
489 1905 1198 13786.145 1730.366 
460 1931 1201 13778.929 1728.348 
491 1923 1189 13805.08 1729.146 
472 1942 1181 13802.769 1730.837 
426 1979 1114 13810.792 1729.272 
439 1963 1167 13779.275 1725.19 
479 1925 1186 13801.04 1728.587 
411 1988 1136 13811.905 1731.601 
442 1961 1163 13794.62 1727.872 
474 1925 1198 13802.194 1729.372 
405 2046 1118 13841.465 1736.269 
465 1939 1182 13789.962 1729.223 
481 1922 1207 13803.375 1730.741 
432 1980 1114 13815.647 1728.281 
401 2054 1105 13834.166 1735.806 
451 1948 1161 13771.262 1727.56 
411 2039 1132 13848.609 1734.346 
471 1927 1194 13783.833 1728.421 
408 2050 1115 13848.507 1736.265 
451 1959 1171 13801.933 1727.29 
475 1933 1191 13819.937 1730.486 
412 1987 1136 13810.665 1731.494 
472 1936 1190 13805.501 1729.042 
458 1947 1156 13778.036 1724.564 
460 1939 1187 13794.261 1728.532 
457 1948 1156 13777.527 1724.466 
416 2039 1112 13857.24 1737.348 
437 1963 1164 13803.558 1726.95 
495 1923 1183 13808.66 1730.88 
480 1923 1206 13802.309 1730.69 
406 2045 1118 13841.756 1736.283 
445 1956 1128 13780.138 1729.522 
