367 2055 1023 13804.228 1731.987 
341 2104 1045 13845.441 1738.31 
478 1855 1113 13689.069 1717.841 
343 2089 1055 13835.481 1738.49 
327 2110 1031 13822.188 1735.613 
502 1848 1150 13722.14 1721.032 
435 1921 1107 13714.168 1713.446 
422 1959 1095 13754.117 1723.1 
393 1996 1058 13747.713 1727.248 
398 1990 1082 13755.294 1730.874 
391 1999 1063 13761.437 1728.791 
378 2042 1043 13793.048 1734.183 
447 1902 1140 13717.368 1724.524 
375 2012 1078 13780.65 1730.293 
465 1889 1138 13720.914 1722.123 
403 1967 1079 13711.617 1716.738 
387 2019 1052 13763.526 1729.307 
487 1863 1127 13700.745 1714.661 
401 1985 1056 13741.653 1726.559 
470 1866 1144 13705.474 1718.362 
328 2108 1035 13823.787 1736.053 
425 1951 1090 13735.388 1719.825 
448 1908 1118 13721.314 1722.813 
376 2024 1069 13777.339 1730.367 
401 1980 1073 13732.373 1725.143 
436 1918 1113 13715.118 1720.199 
388 2010 1085 13779.319 1732.667 
369 2046 1055 13808.089 1733.711 
373 2039 1054 13787.278 1733.241 
367 2034 1059 13771.03 1729.069 
432 1941 1108 13733.7 1720.843 
443 1908 1120 13705.996 1720.64 
490 1867 1125 13712.013 1714.78 
390 2010 1048 13746.217 1728.182 
453 1905 1141 13727.115 1723.922 
357 2094 1031 13839.35 1735.502 
374 2027 1062 13789.894 1731.066 
427 1946 1111 13736.418 1719.128 
461 1902 1136 13712.947 1723.439 
365 2044 1060 13801.726 1732.795 
414 1931 1108 13730.328 1722.362 
441 1922 1102 13728.761 1721.443 
373 2017 1074 13766.748 1727.137 
332 2105 1027 13823.3 1735.206 
333 2102 1046 13827.612 1736.94 
410 1963 1050 13729.04 1725.421 
362 2058 1049 13813.52 1735.903 
353 2084 1038 13829.313 1734.748 
344 2099 1049 13844.13 1737.91 
386 2025 1064 13794.062 1732.597 
348 2074 1056 13816.99 1736.778 
495 1855 1119 13693.805 1713.565 
353 2092 1032 13835.058 1735.259 
454 1906 1129 13707.744 1721.332 
403 1968 1076 13756.255 1727.917 
352 2077 1047 13824.504 1737.258 
373 2052 1050 13796.41 1733.831 
332 2101 1047 13826.862 1736.73 
413 1956 1098 13727.444 1719.457 
342 2097 1041 13836.294 1738.076 
478 1870 1111 13696.546 1715.538 
480 1853 1132 13697.559 1715.558 
355 2046 1073 13797.39 1733.411 
406 1961 1087 13722.447 1718.966 
401 1974 1066 13739.249 1726.852 
476 1877 1127 13723.085 1719.94 
483 1854 1128 13700.69 1719.477 
353 2083 1039 13830.591 1735.813 
458 1902 1143 13724.507 1722.646 
406 1964 1075 13735.791 1724.582 
350 2066 1061 13813.119 1735.014 
347 2096 1053 13841.542 1738.146 
494 1856 1119 13693.891 1713.584 
468 1873 1141 13697.888 1719.984 
431 1915 1119 13733.136 1722.038 
402 1972 1068 13738.709 1726.689 
423 1943 1098 13729.267 1719.601 
363 2037 1065 13793.855 1732.321 
431 1942 1101 13737.929 1721.448 
442 1921 1104 13729.914 1721.543 
409 1960 1089 13726.107 1719.426 
367 2031 1064 13777.622 1730.528 
350 2077 1064 13811.971 1735.625 
346 2070 1056 13819.596 1736.744 
486 1856 1134 13694.585 1714.71 
407 1974 1059 13737.66 1726.616 
477 1867 1143 13705.401 1719.428 
480 1858 1119 13694.47 1715.177 
365 2052 1047 13804.662 1731.475 
360 2052 1055 13805.032 1732.365 
358 2066 1046 13817.954 1734.91 
354 2068 1044 13805.327 1732.629 
491 1852 1138 13721.303 1721.399 
454 1905 1135 13710.832 1721.712 
472 1876 1139 13714.597 1720.35 
354 2081 1039 13829.022 1735.614 
471 1877 1137 13713.584 1720.305 
