946 3642 2188 13635.811 1706.94 
936 3717 2224 13676.059 1712.179 
946 3640 2190 13636.549 1707.243 
814 3774 2138 13611.461 1702.91 
730 3977 2064 13700.372 1720.375 
759 3922 2053 13666.104 1716.331 
726 3982 2069 13704.066 1720.232 
875 3747 2158 13622.622 1705.96 
944 3690 2216 13659.748 1709.875 
847 3766 2157 13643.556 1708.528 
900 3741 2187 13654.461 1710.942 
945 3642 2190 13636.998 1707.275 
823 3793 2134 13640.962 1706.806 
943 3691 2217 13660.326 1709.906 
875 3744 2163 13649.56 1710.264 
801 3802 2128 13634.983 1706.951 
916 3726 2178 13659.01 1709.806 
810 3814 2093 13633.864 1711.655 
856 3756 2137 13636.461 1707.986 
732 3960 2085 13689.898 1717.671 
787 3851 2064 13648.969 1711.994 
798 3814 2140 13641.947 1706.701 
868 3749 2132 13643.891 1709.304 
751 3932 2080 13685.634 1718.847 
760 3920 2055 13673.32 1715.934 
907 3723 2172 13656.27 1711.047 
901 3737 2168 13657.865 1709.988 
788 3841 2097 13651.685 1714.8 
904 3732 2178 13648.408 1709.254 
776 3883 2107 13674.675 1714.88 
765 3916 2062 13674.843 1718.079 
852 3760 2152 13647.182 1708.862 
775 3895 2112 13680.543 1715.831 
728 3971 2073 13696.162 1720.007 
771 3898 2103 13685.869 1716.706 
771 3884 2113 13680.001 1716.777 
851 3759 2166 13643.21 1709.765 
787 3875 2078 13642.059 1710.364 
752 3921 2070 13668.953 1713.962 
753 3906 2090 13679.454 1716.89 
784 3879 2117 13675.997 1715.4 
811 3813 2094 13633.895 1711.656 
822 3794 2133 13640.617 1706.79 
783 3880 2116 13675.672 1715.367 
739 3975 2077 13701.115 1719.642 
860 3748 2147 13645.08 1709.813 
766 3903 2086 13667.78 1715.15 
853 3761 2151 13645.301 1709.462 
752 3941 2068 13688.575 1716.281 
764 3902 2077 13669.778 1714.904 
763 3915 2066 13669.382 1718.292 
797 3827 2097 13638.06 1712.914 
745 3941 2087 13685.897 1714.891 
903 3733 2177 13647.884 1709.151 
757 3904 2081 13656.526 1713.622 
746 3953 2073 13692.448 1716.757 
756 3905 2100 13674.31 1715.511 
741 3954 2066 13687.816 1718.848 
754 3910 2068 13662.758 1715.168 
732 3967 2077 13697.389 1720.174 
758 3907 2069 13657.18 1712.573 
764 3903 2066 13669.002 1714.7 
906 3724 2171 13656.243 1711.045 
792 3834 2096 13646.553 1713.29 
740 3949 2074 13691.81 1719.005 
749 3949 2084 13701.884 1718.696 
740 3953 2073 13683.509 1717.124 
753 3909 2069 13654.97 1711.414 
796 3843 2065 13650.387 1712.33 
862 3746 2148 13644.087 1709.804 
804 3826 2077 13642.114 1711.638 
799 3818 2097 13640.564 1713.139 
804 3822 2093 13639.874 1709.106 
741 3951 2077 13683.164 1717.246 
772 3883 2115 13680.44 1716.775 
855 3765 2164 13645.435 1709.126 
800 3832 2056 13635.49 1711.938 
756 3919 2065 13674.028 1717.068 
730 3969 2075 13696.793 1720.051 
806 3821 2089 13636.366 1711.525 
785 3878 2117 13676.278 1715.491 
795 3844 2064 13650.026 1712.291 
861 3747 2148 13644.773 1709.791 
791 3834 2095 13639.166 1713.461 
727 3972 2074 13696.747 1720.065 
807 3819 2089 13635.681 1709.256 
728 3978 2063 13698.981 1720.274 
795 3838 2064 13645.557 1713.36 
750 3907 2088 13656.74 1713.401 
745 3959 2070 13689.683 1718.144 
873 3748 2174 13636.467 1706.713 
