105 759 374 14054.442 1765.673 
201 663 453 14106.951 1778.412 
173 702 437 14125.175 1777.894 
221 620 474 14047.702 1764.407 
225 624 471 14100.201 1771.122 
134 718 395 13963.262 1754.086 
127 712 404 13967.633 1750.373 
105 749 366 14006.539 1765.839 
166 704 421 14078.539 1769.346 
135 710 410 13983.605 1753.963 
142 710 400 14017.686 1764.317 
108 748 370 14030.733 1765.472 
121 720 404 13976.526 1753.705 
179 691 431 14107.766 1774.561 
218 642 462 14111.528 1774.885 
187 680 443 14069.296 1765.078 
201 649 458 14062.237 1774.044 
138 710 405 14004.292 1759.159 
214 647 461 14112.722 1770.831 
130 724 386 14057.596 1768.919 
125 719 398 13977.77 1755.333 
208 659 456 14099.973 1771.578 
127 721 387 13972.66 1756.389 
183 685 449 14118.489 1774.286 
190 679 443 14080.82 1767.907 
197 667 461 14105.613 1773.16 
219 632 463 14083.831 1770.444 
206 655 466 14064.96 1768.587 
221 631 464 14094.53 1767.896 
172 701 438 14121.68 1776.744 
123 727 389 13980.772 1760.473 
141 711 400 14017.15 1764.316 
212 645 465 14104.679 1772.184 
184 676 454 14085.722 1772.374 
121 730 384 13998.56 1763.123 
194 673 436 14114.251 1777.595 
174 696 442 14109.774 1776.55 
112 744 383 13991.793 1761.73 
195 664 458 14095.951 1776.654 
138 712 388 13996.858 1761.238 
124 725 380 13973.052 1760.151 
133 716 402 13996.86 1762.868 
107 753 373 14056.209 1765.455 
113 746 379 14052.489 1766.37 
135 718 381 13988.378 1758.137 
207 654 468 14067.657 1768.595 
192 671 445 14104.307 1773.09 
125 723 396 13994.618 1754.792 
176 698 437 14092.506 1772.453 
186 686 443 14104.318 1773.589 
118 735 382 13982.191 1762.228 
218 643 472 14100.478 1770.701 
114 742 396 14014.715 1758.249 
129 714 394 13989.244 1766.398 
120 733 400 14018.574 1757.512 
108 756 376 14051.075 1764.737 
134 715 396 13992.946 1756.937 
188 675 434 14065.833 1772.068 
189 674 444 14102.925 1772.979 
203 652 448 14087.966 1775.718 
172 703 437 14122.338 1777.292 
122 727 393 14001.239 1762.06 
177 694 435 14117.102 1777.813 
107 748 369 14009.69 1766.886 
124 729 396 14022.494 1758.609 
202 654 447 14086.516 1775.96 
120 738 391 14012.629 1761.995 
175 694 440 14089.307 1772.41 
205 668 467 14096.233 1772.853 
179 690 441 14096.966 1771.775 
112 751 372 14013.337 1758.616 
133 715 403 13995.463 1762.513 
117 734 376 14027.939 1758.942 
204 652 449 14087.728 1775.963 
123 730 395 14021.068 1758.329 
116 741 384 13981.127 1761.355 
205 650 451 14087.859 1775.86 
120 738 392 14012.484 1761.965 
108 747 369 14008.608 1766.674 
178 692 435 14112.356 1777.519 
117 733 400 14013.371 1759.559 
222 629 465 14089.93 1766.87 
122 724 400 13964.127 1755.884 
188 671 456 14051.202 1766.57 
107 756 376 14051.35 1764.777 
118 733 375 14029.21 1758.963 
203 659 450 14097.49 1774.992 
115 741 396 14018.311 1758.498 
117 734 401 14007.36 1755.831 
180 691 434 14097.247 1772.659 
181 688 437 14109.484 1774.591 
128 726 378 13982.111 1758.387 
