155 654 445 13894.719 1745.031 
85 735 345 13803.056 1731.024 
150 692 396 14004.139 1777.535 
186 621 389 13781.904 1728.276 
84 737 346 13808.899 1731.361 
201 606 400 13824.699 1735.076 
201 605 402 13822.19 1735.379 
116 707 351 13876.023 1756.512 
131 704 368 13922.508 1759.976 
134 702 374 13940.34 1763.993 
147 694 384 13954.901 1763.43 
95 733 361 13839.752 1737.863 
131 685 411 13888.352 1749.031 
183 629 401 13840.405 1742.302 
104 717 365 13813.567 1735.188 
120 705 357 13862.25 1751.541 
132 702 378 13946.666 1766.93 
189 610 410 13793.937 1731.784 
170 640 426 13885.719 1744.536 
187 618 407 13799.26 1729.528 
112 712 357 13840.398 1733.837 
134 696 391 13964.257 1771.162 
108 714 360 13835.986 1739.95 
173 641 393 13846.937 1736.344 
158 651 437 13892.945 1743.533 
101 725 370 13864.383 1742.238 
158 646 439 13892.698 1747.655 
168 638 424 13877.16 1744.759 
150 681 403 13983.091 1772.608 
188 620 398 13852.555 1736.616 
143 701 387 13995.889 1775.787 
143 701 387 13996.999 1775.557 
149 693 395 14001.458 1777.169 
142 690 399 13976.507 1770.123 
153 668 419 13929.719 1747.606 
148 676 417 13942.859 1750.637 
178 632 397 13816.728 1736.389 
96 729 355 13833.147 1735.858 
195 612 404 13827.504 1736.161 
149 689 406 13999.717 1771.825 
159 634 436 13823.324 1736.616 
149 674 418 13934.177 1752.243 
197 607 397 13813.617 1733.13 
155 655 444 13900.206 1746.427 
163 639 432 13858.728 1740.123 
137 680 424 13903.488 1748.12 
98 727 356 13818.474 1730.704 
151 681 402 13960.714 1770.438 
158 660 430 13921.451 1753.306 
120 706 356 13865.853 1752.265 
167 650 421 13898.354 1749.753 
113 708 348 13825.294 1745.595 
152 666 429 13913.02 1752.804 
194 610 408 13832.589 1737.054 
135 683 410 13888.298 1749.215 
104 710 353 13816.005 1740.356 
104 715 363 13837.854 1738.98 
151 685 397 13989.792 1772.136 
156 662 425 13929.023 1754.3 
155 664 415 13914.512 1751.104 
175 618 404 13787.624 1732.23 
162 655 422 13871.257 1746.689 
137 700 389 13972.957 1768.909 
164 649 422 13908.635 1752.434 
106 708 372 13845.632 1740.99 
102 717 368 13832.288 1738.06 
168 646 423 13901.039 1751.77 
153 665 433 13910.98 1752.798 
144 672 427 13919.345 1745.503 
176 617 404 13790.241 1732.579 
189 615 408 13836.525 1740.572 
156 675 414 13921.501 1749.52 
114 707 363 13839.941 1733.41 
142 691 398 13981.502 1771.017 
161 656 419 13909.558 1747.604 
163 657 417 13916.568 1752.092 
103 709 368 13820.78 1739.3 
165 642 425 13861.107 1738.393 
153 678 401 13968.331 1768.407 
141 694 398 13987.464 1772.182 
143 695 397 13997.972 1769.114 
156 664 417 13891.715 1742.019 
185 630 402 13836.239 1735.769 
158 658 436 13912.466 1747.289 
150 663 422 13915.04 1745.663 
97 728 356 13835.444 1736.185 
137 700 390 13972.952 1768.909 
175 618 403 13790.244 1732.568 
199 606 402 13822.643 1737.544 
101 725 369 13864.51 1742.258 
159 661 426 13903.126 1752.041 
163 650 421 13907.351 1752.32 
162 654 433 13904.266 1749.078 
200 606 401 13819.233 1738.335 
