747 3114 1819 13679.369 1711.938 
710 3181 1819 13714.682 1717.313 
508 3312 1596 13582.948 1700.232 
712 3170 1834 13707.038 1713.616 
559 3222 1657 13551.63 1698.174 
536 3249 1577 13577.564 1708.438 
713 3183 1825 13715.374 1716.584 
559 3222 1656 13551.225 1698.303 
660 3197 1728 13650.4 1708.069 
539 3244 1675 13557.218 1699.177 
738 3124 1804 13672.488 1710.599 
574 3271 1625 13603.803 1704.502 
597 3226 1620 13576.038 1700.415 
542 3284 1596 13600.917 1705.535 
667 3190 1757 13652.111 1708.167 
729 3156 1797 13683.802 1712.306 
736 3141 1831 13696.791 1713.351 
666 3216 1744 13666.645 1707.894 
702 3188 1802 13706.952 1715.259 
524 3306 1600 13593.318 1703.757 
555 3263 1616 13599.274 1706.469 
667 3191 1751 13655.289 1706.891 
538 3258 1669 13565.43 1702.565 
678 3196 1745 13660.819 1707.898 
519 3305 1623 13592.721 1702.465 
721 3164 1813 13709.622 1716.956 
742 3115 1813 13680.226 1711.95 
588 3230 1654 13589.522 1701.912 
552 3239 1668 13571.585 1700.354 
534 3272 1646 13574.459 1703.201 
664 3200 1745 13652.961 1707.849 
676 3196 1730 13657.16 1708.628 
535 3251 1577 13578.128 1708.561 
560 3274 1607 13595.205 1702.224 
521 3296 1602 13574.141 1699.512 
718 3170 1814 13701.318 1715.611 
675 3195 1739 13661.811 1709.38 
704 3184 1801 13706.588 1716.292 
721 3151 1829 13692.062 1712.736 
540 3281 1597 13581.492 1700.44 
711 3180 1820 13714.549 1717.312 
677 3197 1744 13660.282 1707.797 
726 3158 1817 13696.519 1713.108 
720 3165 1821 13706.513 1715.06 
725 3152 1798 13695.355 1714.176 
666 3189 1751 13660.462 1709.576 
725 3148 1818 13681.303 1711.291 
551 3228 1659 13561.131 1701.102 
730 3142 1824 13690.532 1713.154 
717 3175 1809 13705.051 1715.306 
596 3232 1637 13598.696 1703.445 
577 3230 1641 13582.677 1703.129 
536 3270 1626 13576.836 1700.551 
571 3240 1650 13592.496 1704.034 
725 3143 1823 13683.633 1710.964 
580 3223 1633 13584.125 1706.57 
596 3235 1622 13574.886 1699.194 
546 3256 1657 13580.456 1699.967 
554 3224 1617 13575.557 1705.021 
727 3146 1814 13682.485 1711.031 
520 3296 1602 13574.174 1699.519 
585 3237 1625 13588.471 1699.789 
585 3247 1631 13585.4 1704.789 
539 3289 1617 13598.701 1704.239 
543 3247 1657 13576.415 1701.305 
594 3239 1611 13585.929 1702.84 
675 3196 1750 13660.736 1709.208 
591 3243 1605 13584.396 1702.512 
582 3250 1620 13589.932 1703.343 
717 3151 1832 13689.007 1712.027 
722 3148 1801 13682.924 1713.532 
552 3226 1660 13560.948 1701.091 
719 3166 1806 13699.687 1715.411 
571 3257 1630 13592.091 1704.221 
675 3189 1741 13652.933 1709.328 
714 3174 1826 13708.657 1715.33 
555 3248 1672 13576.65 1700.048 
579 3256 1611 13586.301 1704.037 
545 3266 1636 13587.188 1700.294 
543 3250 1659 13559.884 1700.176 
567 3254 1639 13583.297 1702.919 
575 3254 1624 13588.505 1703.938 
578 3243 1639 13588.914 1702.404 
552 3227 1659 13561.025 1701.083 
664 3200 1746 13652.931 1707.882 
718 3150 1832 13689.191 1712.061 
670 3199 1745 13663.914 1707.876 
719 3166 1807 13699.672 1715.41 
554 3269 1657 13576.374 1702.877 
545 3265 1637 13587.291 1700.31 
715 3175 1810 13708.347 1716.344 
660 3198 1729 13651.576 1708.042 
