755 3930 2139 13692.167 1713.084 
887 3666 2170 13591.131 1703.425 
720 3953 2087 13672.714 1711.158 
897 3628 2146 13561.839 1699.07 
724 3982 2080 13691.709 1715.103 
838 3771 2044 13612.293 1706.018 
911 3613 2119 13574.715 1698.29 
921 3596 2129 13581.37 1700.128 
888 3668 2156 13588.786 1701.951 
895 3632 2153 13564.927 1699.304 
773 3908 2127 13686.124 1714.185 
915 3606 2097 13572.768 1699.959 
803 3790 2104 13639.616 1706.656 
745 3937 2112 13680.011 1713.451 
728 3957 2066 13673.045 1710.31 
841 3751 2047 13603.129 1704.746 
872 3684 2077 13589.151 1700.554 
801 3810 2089 13660.885 1709.492 
842 3748 2046 13601.955 1704.532 
897 3662 2115 13587.889 1702.362 
733 3956 2073 13683.048 1711.983 
739 3933 2117 13671.421 1710.131 
890 3656 2118 13584.016 1698.563 
725 3964 2071 13681.302 1712.69 
755 3934 2095 13676.765 1713.231 
846 3734 2055 13609.575 1703.896 
881 3676 2137 13588.901 1702.603 
898 3627 2147 13561.849 1699.072 
809 3791 2073 13616.291 1705.516 
797 3785 2109 13635.985 1707.824 
779 3906 2131 13684.202 1712.857 
831 3774 2058 13623.946 1705.617 
902 3649 2097 13596.843 1702.36 
863 3707 2102 13603.459 1701.409 
741 3939 2100 13674.757 1712.383 
894 3618 2145 13572.846 1699.606 
738 3941 2105 13680.279 1711.556 
819 3785 2087 13631.018 1707.559 
896 3646 2134 13583.11 1701.121 
774 3904 2122 13682.236 1713.593 
848 3737 2069 13607.218 1704.169 
765 3918 2141 13688.693 1712.123 
805 3822 2089 13659.696 1707.77 
869 3692 2103 13591.816 1699.453 
837 3767 2057 13617.44 1704.88 
820 3784 2089 13631.567 1707.585 
866 3703 2126 13609.324 1703.739 
862 3726 2077 13606.368 1703.401 
855 3721 2078 13616.601 1704.99 
839 3746 2088 13621.542 1705.826 
722 3957 2081 13667.013 1709.151 
846 3713 2112 13603.78 1702.645 
900 3642 2130 13589.643 1703.047 
780 3899 2139 13681.288 1711.818 
804 3824 2088 13661.094 1707.869 
835 3758 2083 13611.638 1703.943 
867 3693 2140 13608.836 1702.954 
764 3915 2125 13688.89 1713.122 
880 3679 2129 13583.955 1700.024 
829 3773 2097 13632.564 1706.387 
727 3954 2085 13670.437 1708.933 
857 3733 2067 13610.943 1703.615 
909 3639 2141 13593.587 1700.416 
891 3653 2150 13575.93 1700.567 
825 3768 2072 13627.383 1708.157 
852 3731 2069 13604.434 1702.561 
761 3918 2134 13688.901 1712.843 
769 3910 2129 13690.128 1713.664 
913 3639 2107 13596.513 1701.893 
904 3644 2062 13574.153 1701.875 
847 3721 2093 13612.963 1705.186 
889 3656 2150 13576.772 1700.754 
759 3927 2128 13691.067 1713.512 
725 3954 2102 13668.561 1710.717 
845 3746 2092 13620.212 1707.43 
836 3754 2082 13614.655 1705.262 
738 3939 2121 13677.132 1710.989 
755 3922 2140 13686.446 1712.517 
759 3929 2129 13690.409 1713.698 
726 3957 2067 13677.998 1711.606 
870 3710 2090 13613.828 1704.858 
781 3900 2120 13676.824 1713.018 
850 3728 2091 13611.731 1705.641 
908 3641 2141 13595.007 1700.498 
904 3645 2120 13578.782 1700.436 
831 3773 2085 13629.408 1706.34 
844 3729 2097 13605.397 1704.334 
919 3604 2100 13574.818 1700.176 
788 3876 2145 13667.464 1710.996 
786 3887 2144 13677.945 1712.079 
795 3875 2146 13670.652 1711.304 
784 3882 2145 13674.068 1711.691 
739 3954 2054 13671.269 1713.033 
732 3955 2082 13665.213 1711.118 
