396 2007 1087 13814.047 1737.571 
401 2015 1097 13818.838 1735.706 
315 2066 952 13713.516 1714.572 
475 1871 1182 13744.436 1718.286 
303 2066 972 13721.1 1715.22 
493 1836 1142 13698.109 1709.482 
388 2025 1067 13790.965 1731.625 
324 2035 1000 13710.284 1716.459 
336 2039 973 13721.446 1718.017 
449 1919 1137 13762.477 1721.136 
490 1839 1168 13707.688 1711.241 
377 2031 1084 13806.348 1731.87 
400 1955 1129 13740.441 1720.364 
449 1903 1140 13729.527 1717.034 
317 2061 965 13711.343 1714.248 
478 1875 1162 13749.06 1718.63 
443 1926 1092 13744.916 1723.654 
308 2057 972 13718.014 1712.906 
475 1891 1158 13749.027 1719.313 
430 1970 1081 13779.137 1730.094 
417 1994 1076 13792.526 1734.859 
442 1932 1110 13767.415 1722.738 
378 2030 1084 13806.533 1731.912 
412 1948 1122 13744.928 1721.937 
419 1981 1110 13794.631 1733.748 
442 1936 1083 13760.206 1726.415 
472 1874 1173 13734.398 1714.841 
421 1985 1101 13800.171 1732.545 
315 2066 953 13713.509 1714.571 
330 2035 992 13701.439 1713.536 
482 1857 1175 13731.128 1715.089 
480 1883 1151 13728.484 1715.613 
459 1883 1170 13730.483 1712.974 
488 1868 1155 13723.705 1716.056 
429 1965 1095 13785.11 1730.621 
439 1949 1106 13756.862 1727.484 
424 1974 1092 13777.758 1728.658 
413 1931 1116 13736.359 1722.927 
309 2056 973 13718.861 1713.081 
476 1881 1156 13740.309 1717.85 
425 1958 1118 13757.048 1721.982 
404 2012 1095 13815.78 1734.68 
437 1961 1115 13779.688 1728.825 
389 2022 1071 13788.759 1733.277 
469 1900 1148 13741.241 1717.327 
433 1951 1100 13771.797 1731.213 
406 1999 1110 13816.636 1737.255 
330 2036 983 13704.998 1715.098 
434 1977 1103 13777.554 1729.866 
422 1976 1099 13784.41 1731.284 
318 2050 984 13723.133 1713.529 
461 1898 1156 13741.972 1716.814 
438 1954 1100 13763.533 1725.672 
478 1862 1172 13722.037 1715.978 
425 1962 1099 13772.745 1731.348 
441 1944 1090 13770.582 1727.605 
477 1858 1169 13724.081 1713.839 
318 2042 977 13705.613 1717.704 
441 1937 1091 13754.64 1724.189 
481 1867 1167 13747.634 1717.024 
407 1991 1095 13808.762 1737.279 
411 2000 1087 13802.458 1735.266 
325 2033 997 13705.01 1716.229 
322 2055 975 13726.068 1714.514 
466 1883 1165 13724.762 1717.952 
413 1986 1090 13785.74 1732.211 
442 1945 1090 13755.798 1726.53 
470 1892 1150 13741.209 1717.587 
319 2043 990 13710.281 1715.515 
409 2002 1088 13798.076 1733.989 
318 2058 969 13727.019 1714.366 
331 2044 981 13706.947 1714.881 
426 1978 1075 13785.248 1731.649 
400 2006 1108 13803.64 1735.967 
492 1864 1165 13727.594 1716.353 
388 2021 1070 13787.797 1733.304 
437 1962 1109 13788.06 1729.858 
392 2019 1092 13816.053 1735.406 
403 2006 1096 13805.558 1736.053 
461 1899 1157 13728.816 1716.944 
408 2003 1087 13797.935 1733.968 
317 2051 989 13725.947 1717.327 
429 1958 1103 13788.364 1732.472 
410 1993 1104 13811.758 1736.809 
326 2050 972 13718.493 1716.544 
411 1938 1120 13744.919 1726.493 
424 1979 1091 13788.018 1733.088 
482 1865 1150 13720.728 1716.694 
319 2052 981 13730.275 1715.293 
392 2020 1093 13816.973 1735.347 
