1055 5118 2806 13649.552 1710.446 
1173 4939 2876 13628.127 1706.974 
1093 5044 2804 13631.937 1711.634 
948 5187 2657 13604.236 1701.637 
949 5185 2658 13603.681 1701.624 
1109 5003 2898 13632.5 1707.022 
979 5184 2687 13618.456 1703.406 
1037 5130 2755 13637.729 1709.798 
985 5155 2699 13609.365 1702.28 
986 5166 2693 13614.276 1702.748 
1085 5047 2846 13630.078 1704.834 
995 5153 2674 13607.083 1702.115 
1090 5033 2854 13626.322 1705.715 
980 5172 2674 13606.821 1702.547 
1036 5134 2771 13640.876 1709.818 
1004 5150 2794 13635.621 1707.859 
1161 4959 2893 13632.464 1708.508 
1026 5090 2816 13629.655 1708.3 
983 5169 2690 13612.005 1702.597 
988 5160 2690 13608.667 1702.114 
981 5167 2687 13610.618 1703.065 
1097 5021 2852 13622.734 1705.021 
982 5165 2685 13609.53 1702.869 
1010 5109 2815 13625.09 1706.229 
1049 5086 2818 13639.978 1709.134 
1069 5067 2814 13644.007 1710.051 
1034 5139 2776 13640.991 1710.058 
1071 5062 2827 13646.329 1710.636 
1099 5051 2808 13624.569 1706.795 
1168 4942 2872 13628.346 1706.261 
988 5155 2679 13606.86 1702.44 
1105 5006 2887 13637.736 1707.482 
1057 5082 2854 13646.945 1710.112 
1117 5013 2870 13638.207 1709.658 
1121 4993 2868 13631.363 1708.944 
1022 5126 2782 13627.86 1707.639 
1064 5081 2845 13623.902 1705.342 
1108 5035 2830 13627.322 1708.18 
1135 4993 2865 13627.666 1708.323 
1072 5111 2807 13643.4 1709.251 
1086 5038 2834 13638.171 1710.272 
1075 5076 2783 13631.55 1709.997 
998 5144 2805 13634.47 1708.48 
1130 5004 2893 13639.942 1708.437 
1068 5073 2817 13642.255 1708.839 
1011 5108 2816 13625.397 1706.269 
1078 5047 2835 13638.571 1710.642 
1035 5142 2779 13641.057 1709.816 
1089 5040 2822 13630.883 1710.837 
1153 4967 2890 13632.852 1709.081 
1109 5019 2869 13637.042 1706.432 
1073 5049 2831 13640.241 1710.666 
1152 4971 2880 13632.15 1706.605 
1114 5022 2843 13631.586 1709.482 
988 5152 2688 13608.624 1702.367 
1071 5084 2787 13638.539 1710.57 
1084 5067 2798 13628.722 1708.144 
1156 4963 2870 13632.651 1707.571 
1017 5126 2803 13629.217 1707.937 
1102 5025 2849 13635.149 1707.924 
1059 5070 2830 13643.711 1709.467 
1072 5063 2810 13624.134 1709.549 
1126 4998 2852 13632.797 1709.185 
1149 4977 2877 13633.669 1709.671 
1137 4991 2859 13629.041 1708.569 
1155 4960 2888 13630.192 1708.687 
1018 5125 2790 13628.204 1708.551 
1133 4991 2856 13633.335 1708.773 
1146 4982 2882 13632.777 1709.175 
1099 5039 2839 13637.652 1708.583 
1079 5073 2804 13633.495 1710.908 
1024 5121 2814 13636.539 1708.823 
1091 5026 2870 13634.133 1707.235 
1112 5030 2827 13635.092 1707.275 
1073 5086 2774 13634.936 1711.365 
1128 4999 2898 13637.246 1707.893 
1150 4975 2893 13634.686 1709.324 
1140 4984 2880 13636.431 1709.606 
1086 5053 2797 13631.448 1711.157 
1065 5124 2795 13648.104 1710.468 
1145 4985 2884 13635.397 1709.569 
1080 5054 2825 13629.69 1708.336 
1094 5027 2819 13628.762 1709.693 
1080 5060 2844 13637.609 1708.256 
1142 4986 2880 13634.195 1708.715 
1104 5029 2820 13630.667 1707.611 
1066 5123 2796 13648.051 1710.461 
1172 4940 2875 13628.21 1706.984 
1085 5056 2803 13634.943 1710.508 
1148 4972 2895 13635.345 1708.723 
1072 5087 2774 13634.397 1711.288 
1127 4990 2873 13632.599 1709.627 
1084 5053 2858 13635.05 1706.549 
1082 5078 2806 13634.475 1709.418 
