848 5264 2565 13593.829 1703.713 
998 5071 2792 13618.374 1706.233 
967 5155 2746 13631.969 1708.54 
1090 4731 2668 13461.138 1685.75 
960 5176 2755 13637.263 1708.479 
853 5272 2579 13596.102 1703.087 
858 5264 2564 13599.413 1704.307 
1103 4722 2664 13465.554 1686.634 
1083 4850 2738 13522.227 1694.143 
1076 4855 2743 13523.128 1693.338 
1030 4978 2739 13559.496 1697.97 
888 5220 2636 13600.773 1702.423 
1018 5066 2772 13612.092 1704.688 
896 5229 2586 13583.09 1700.646 
985 5135 2703 13629.263 1706.938 
895 5236 2617 13601.693 1703.782 
937 5177 2709 13626.198 1706.652 
960 5146 2759 13622.532 1706.766 
1085 4853 2735 13526.53 1694.023 
1083 4877 2723 13533.609 1694.559 
1039 4949 2746 13558.03 1699.891 
902 5203 2608 13590.832 1701.096 
917 5196 2725 13626.209 1707.804 
885 5243 2581 13585.411 1702.074 
1089 4731 2668 13461.379 1685.801 
1033 4958 2753 13559.49 1698.691 
964 5139 2781 13619.603 1704.473 
860 5260 2571 13597.094 1703.792 
1075 4883 2752 13533.218 1696.703 
1081 4909 2741 13541.772 1696.901 
1082 4889 2721 13536.886 1695.473 
870 5251 2585 13594.429 1702.585 
874 5245 2592 13595.215 1702.667 
1042 4948 2740 13553.618 1697.916 
1056 4924 2766 13539.093 1696.434 
979 5105 2757 13616.875 1705.839 
900 5204 2606 13589.817 1701.178 
1060 4927 2762 13546.346 1697.581 
1001 5118 2714 13619.283 1705.4 
863 5266 2572 13594.835 1703.083 
924 5191 2724 13630.085 1708.501 
1071 4922 2731 13549.075 1697.052 
934 5185 2718 13634.165 1707.782 
857 5264 2578 13593.114 1703.036 
1027 5101 2769 13629.681 1706.67 
1070 4900 2744 13537.631 1695.586 
1066 4923 2722 13539.626 1695.606 
874 5256 2576 13594.957 1703.437 
858 5257 2601 13589.657 1703.264 
970 5134 2707 13626.803 1708.021 
1073 4932 2713 13548.447 1696.156 
990 5112 2735 13614.22 1704.95 
1037 4951 2728 13546.186 1695.69 
881 5236 2604 13602.836 1702.56 
977 5143 2735 13627.555 1705.38 
882 5240 2581 13589.006 1701.355 
1033 4959 2711 13548.63 1696.482 
877 5253 2606 13603.628 1702.432 
1047 4939 2712 13543.708 1695.834 
1047 4937 2734 13555.896 1698.35 
1050 4930 2753 13545.513 1697.74 
995 5125 2725 13634.765 1707.878 
1028 5100 2770 13629.95 1706.763 
1034 4954 2735 13549.492 1696.599 
986 5134 2704 13629.464 1706.99 
936 5192 2716 13631.442 1706.547 
1004 5106 2732 13628.982 1706.403 
928 5194 2720 13632.583 1708.148 
968 5146 2733 13616.41 1706.377 
1088 4880 2721 13535.227 1695.48 
1008 5102 2724 13628.404 1706.663 
1059 4928 2761 13546.504 1697.61 
1042 4935 2747 13545.38 1696.598 
1069 4907 2746 13544.888 1698.0 
961 5131 2765 13619.571 1706.186 
983 5138 2738 13621.027 1706.159 
978 5083 2778 13606.395 1704.301 
991 5077 2774 13608.13 1704.248 
879 5255 2581 13601.286 1702.512 
1075 4886 2736 13544.728 1696.051 
862 5244 2595 13589.673 1703.23 
1048 4936 2734 13555.926 1698.356 
1069 4919 2733 13542.961 1695.614 
883 5240 2581 13588.962 1701.33 
974 5117 2739 13610.971 1704.501 
992 5086 2737 13620.501 1707.285 
972 5105 2759 13610.358 1704.879 
934 5185 2725 13629.947 1707.443 
973 5137 2745 13628.211 1707.727 
1039 4952 2726 13545.585 1696.508 
983 5102 2740 13609.338 1704.603 
991 5111 2735 13614.202 1704.948 
