722 3076 1843 13636.431 1709.643 
681 3215 1763 13716.985 1719.85 
747 3041 1773 13594.595 1703.899 
747 3038 1780 13607.145 1705.318 
585 3273 1653 13628.648 1705.349 
681 3214 1768 13716.388 1720.862 
584 3276 1653 13631.14 1705.714 
614 3239 1677 13629.598 1706.036 
643 3204 1787 13650.675 1708.872 
694 3168 1713 13669.518 1713.593 
660 3225 1767 13704.836 1719.051 
598 3249 1683 13622.924 1705.357 
742 3102 1800 13649.884 1710.04 
665 3184 1805 13682.47 1717.202 
682 3195 1779 13692.942 1717.372 
735 3047 1814 13612.82 1705.947 
685 3181 1783 13696.965 1718.77 
691 3156 1786 13665.588 1716.127 
707 3145 1743 13659.374 1710.76 
730 3044 1817 13609.223 1704.594 
609 3229 1679 13633.568 1706.21 
678 3202 1777 13690.028 1716.765 
669 3226 1758 13710.362 1720.383 
645 3203 1787 13650.796 1708.87 
688 3173 1780 13673.269 1712.993 
719 3113 1755 13652.24 1712.244 
706 3107 1826 13630.917 1707.89 
704 3151 1720 13661.598 1712.603 
678 3181 1792 13683.172 1717.561 
691 3139 1797 13647.317 1712.974 
698 3109 1816 13617.201 1709.392 
694 3147 1780 13677.19 1713.516 
701 3145 1730 13658.209 1711.302 
671 3202 1792 13698.877 1719.065 
725 3082 1830 13631.706 1707.101 
699 3151 1750 13663.199 1713.277 
701 3090 1823 13622.372 1708.9 
720 3098 1748 13637.895 1711.777 
718 3119 1759 13640.475 1710.42 
744 3060 1800 13622.293 1708.326 
675 3198 1784 13689.314 1717.782 
673 3213 1776 13702.698 1717.153 
697 3161 1760 13664.642 1714.378 
732 3111 1785 13643.457 1711.3 
693 3164 1737 13653.882 1712.851 
585 3274 1654 13628.93 1705.343 
696 3166 1715 13670.037 1713.598 
588 3260 1669 13627.695 1706.579 
599 3244 1680 13623.93 1704.753 
721 3078 1842 13636.85 1709.616 
687 3149 1809 13645.183 1710.614 
589 3266 1666 13628.636 1705.934 
727 3068 1830 13622.468 1706.641 
696 3130 1819 13640.846 1710.938 
684 3171 1786 13687.251 1717.459 
714 3124 1813 13657.11 1711.871 
689 3203 1772 13707.571 1720.256 
695 3131 1811 13639.015 1709.864 
713 3123 1725 13654.362 1712.146 
721 3087 1835 13636.67 1710.132 
683 3182 1783 13688.662 1715.487 
727 3053 1821 13619.643 1707.533 
718 3100 1791 13638.077 1711.023 
597 3242 1681 13633.578 1705.864 
594 3263 1671 13632.072 1706.416 
728 3067 1832 13623.268 1706.874 
680 3159 1805 13655.021 1711.752 
595 3248 1673 13625.643 1707.195 
703 3159 1736 13651.528 1711.568 
606 3236 1680 13632.097 1705.33 
712 3135 1786 13660.937 1713.827 
597 3255 1671 13626.821 1705.631 
733 3060 1815 13621.557 1704.957 
667 3218 1769 13703.093 1718.942 
712 3142 1782 13667.45 1715.521 
682 3208 1765 13707.583 1719.0 
710 3134 1784 13664.045 1712.675 
744 3062 1784 13611.148 1706.892 
586 3272 1666 13630.935 1706.103 
717 3089 1808 13620.687 1706.158 
668 3172 1793 13660.986 1712.438 
596 3250 1677 13627.634 1704.985 
714 3089 1822 13630.193 1708.848 
729 3061 1812 13618.037 1704.773 
673 3209 1779 13703.215 1718.861 
693 3158 1770 13656.541 1711.396 
697 3107 1817 13619.766 1709.454 
691 3166 1724 13654.05 1714.254 
688 3166 1775 13661.45 1714.882 
727 3053 1820 13619.691 1707.544 
668 3227 1757 13710.015 1720.311 
693 3149 1781 13651.448 1713.174 
598 3246 1676 13625.251 1705.693 
592 3256 1675 13623.624 1705.108 
734 3047 1816 13610.931 1706.064 
720 3088 1834 13636.616 1710.133 
703 3147 1757 13654.022 1712.05 
592 3256 1674 13623.646 1705.112 
672 3201 1792 13698.85 1719.054 
