445 1902 1159 13737.468 1724.022 
362 2022 1015 13717.753 1720.724 
394 1982 1041 13713.467 1719.897 
437 1917 1148 13732.676 1725.027 
440 1933 1135 13750.707 1726.51 
382 1977 1082 13704.1 1719.613 
347 2019 1068 13723.545 1717.779 
375 2005 1058 13745.268 1722.23 
440 1908 1156 13734.792 1723.828 
351 2004 1059 13706.887 1717.967 
386 1996 1031 13716.188 1719.866 
377 1988 1073 13715.724 1723.158 
363 2025 1026 13726.457 1720.472 
383 1990 1043 13743.343 1719.97 
373 2007 1046 13733.374 1720.903 
376 1989 1071 13715.054 1723.013 
359 2028 1015 13722.701 1721.611 
368 2014 1044 13735.443 1721.788 
424 1963 1129 13788.754 1728.716 
444 1904 1156 13736.167 1722.467 
371 1994 1075 13726.834 1722.412 
449 1893 1155 13725.402 1722.223 
348 2017 1069 13723.339 1717.983 
381 1982 1062 13718.911 1720.086 
425 1961 1128 13785.526 1728.532 
380 2012 1035 13730.293 1720.256 
371 2015 1035 13733.208 1721.975 
436 1935 1124 13745.715 1728.189 
449 1921 1146 13751.968 1727.891 
377 2017 1039 13741.45 1721.669 
453 1892 1157 13733.371 1725.14 
448 1895 1155 13726.29 1722.247 
381 1981 1063 13718.211 1719.893 
461 1840 1110 13614.818 1705.019 
462 1839 1115 13616.634 1705.302 
447 1922 1137 13748.606 1728.152 
347 2011 1071 13717.573 1717.436 
305 2041 973 13659.319 1710.04 
378 1987 1074 13715.803 1723.177 
368 2003 1091 13749.779 1726.533 
355 2009 1079 13727.326 1717.663 
376 1986 1092 13730.364 1725.129 
433 1951 1125 13780.031 1730.031 
463 1836 1113 13614.268 1704.677 
372 2014 1036 13733.846 1722.035 
441 1906 1158 13735.031 1722.722 
445 1932 1139 13756.417 1728.53 
434 1940 1136 13777.361 1725.852 
307 2040 978 13660.759 1710.399 
327 2039 1023 13705.112 1717.5 
304 2044 974 13654.148 1709.423 
424 1954 1137 13792.107 1729.355 
375 1980 1108 13740.526 1724.088 
347 2033 1056 13740.113 1719.675 
431 1909 1157 13723.416 1721.476 
447 1924 1147 13760.924 1725.243 
385 1998 1029 13715.339 1719.817 
363 2021 1015 13717.646 1720.707 
443 1905 1156 13736.049 1722.438 
433 1937 1146 13772.864 1728.046 
464 1839 1112 13616.608 1705.684 
392 1994 1058 13729.715 1720.696 
455 1915 1152 13751.19 1728.39 
435 1939 1137 13778.028 1725.977 
420 1976 1125 13810.309 1733.402 
361 2037 1027 13741.744 1720.876 
363 2026 1025 13728.075 1720.567 
378 1977 1098 13723.612 1720.712 
418 1962 1144 13789.594 1730.992 
373 2012 1037 13733.11 1721.878 
427 1957 1133 13791.568 1729.188 
373 2006 1048 13733.481 1720.923 
369 2002 1091 13749.719 1726.529 
432 1955 1147 13790.675 1731.603 
448 1922 1145 13751.951 1727.887 
460 1869 1132 13703.276 1716.716 
457 1897 1144 13737.61 1724.887 
