305 1384 803 14012.867 1761.415 
208 1419 659 13780.725 1727.048 
319 1342 817 13943.145 1750.034 
331 1333 816 13947.13 1752.955 
339 1345 814 13973.515 1752.791 
208 1400 679 13724.772 1719.398 
216 1406 650 13747.482 1721.503 
303 1381 809 14004.558 1763.069 
206 1406 675 13747.69 1724.334 
303 1390 781 13987.701 1755.484 
321 1339 815 13937.507 1750.636 
208 1414 669 13777.111 1727.857 
220 1397 664 13746.13 1722.742 
327 1350 794 13953.669 1749.799 
286 1392 791 13984.74 1761.607 
212 1407 660 13758.527 1726.323 
332 1336 801 13952.666 1752.959 
208 1412 671 13770.421 1726.707 
206 1415 667 13775.665 1727.363 
310 1378 808 14009.007 1760.02 
211 1398 678 13726.955 1720.212 
216 1398 656 13737.093 1720.264 
316 1357 812 13976.656 1757.061 
315 1366 810 13999.849 1760.74 
211 1407 674 13758.089 1724.283 
324 1352 789 13943.349 1751.001 
214 1405 661 13773.724 1726.438 
327 1339 795 13960.945 1754.453 
312 1375 803 14001.451 1758.879 
317 1363 806 13984.934 1758.313 
301 1390 786 13991.21 1757.039 
300 1388 798 13989.3 1756.996 
318 1360 790 13956.245 1750.898 
301 1383 796 14006.692 1762.562 
306 1373 803 13997.375 1761.899 
327 1344 808 13960.488 1753.228 
217 1401 654 13743.29 1720.497 
324 1349 811 13963.32 1753.062 
314 1370 794 13991.198 1757.028 
210 1412 665 13777.093 1726.832 
325 1351 807 13975.497 1755.109 
322 1357 782 13959.908 1752.752 
207 1405 676 13753.977 1724.694 
322 1353 793 13949.387 1750.967 
326 1348 783 13939.433 1749.876 
298 1393 791 13995.764 1759.006 
291 1395 788 13987.815 1757.767 
305 1380 804 14002.379 1759.05 
288 1396 793 13997.186 1761.02 
308 1376 799 14010.915 1760.277 
315 1368 788 13984.793 1755.982 
297 1385 794 13986.518 1757.233 
326 1347 796 13962.585 1753.551 
320 1357 806 13971.745 1755.086 
292 1391 796 13997.1 1759.085 
296 1392 792 13999.243 1759.329 
317 1360 802 13980.118 1759.102 
209 1403 676 13739.48 1720.68 
217 1401 653 13743.364 1720.505 
295 1388 800 14008.656 1762.154 
208 1406 673 13758.363 1725.179 
290 1396 787 13987.45 1757.706 
299 1391 783 13979.214 1755.505 
313 1368 808 14000.645 1762.157 
308 1373 798 13996.915 1761.242 
208 1404 677 13754.323 1724.716 
330 1346 792 13960.484 1753.779 
307 1380 799 14007.011 1762.215 
298 1384 797 14008.272 1762.112 
316 1369 784 13967.14 1753.727 
212 1399 663 13754.631 1725.152 
215 1404 653 13744.762 1720.264 
321 1358 795 13974.001 1753.11 
216 1403 654 13745.591 1720.317 
320 1352 804 13961.883 1755.351 
316 1364 805 13984.092 1758.111 
295 1392 795 13996.651 1758.423 
209 1412 670 13777.159 1727.633 
320 1359 801 13979.26 1757.287 
315 1359 814 13976.475 1757.268 
300 1386 791 14007.033 1761.15 
290 1394 794 13998.516 1759.146 
318 1360 789 13956.689 1750.97 
327 1339 799 13949.417 1753.31 
299 1388 791 14009.089 1761.653 
296 1391 795 13997.249 1758.542 
296 1392 791 13998.337 1760.812 
