408 1947 1044 13715.558 1718.96 
409 1934 1062 13712.245 1723.527 
360 1984 1037 13693.563 1717.473 
525 1759 1150 13651.929 1711.694 
364 1997 1019 13702.405 1718.946 
514 1787 1167 13658.055 1710.563 
386 1960 1000 13676.825 1714.499 
496 1813 1132 13651.152 1708.494 
507 1788 1153 13646.085 1711.53 
427 1889 1114 13683.735 1714.908 
479 1846 1121 13670.518 1718.372 
401 1938 1053 13701.1 1722.251 
467 1833 1125 13667.097 1719.681 
402 1950 1010 13685.961 1715.52 
497 1810 1145 13649.496 1709.433 
493 1833 1144 13682.439 1713.489 
507 1805 1162 13663.363 1710.111 
472 1862 1112 13702.245 1721.01 
391 1962 1014 13675.656 1712.157 
417 1922 1059 13700.334 1717.217 
375 1976 1021 13694.983 1720.83 
506 1799 1155 13659.006 1712.025 
389 1958 1025 13691.951 1719.583 
464 1869 1129 13707.52 1721.955 
508 1792 1147 13660.521 1712.732 
478 1857 1123 13680.603 1714.148 
481 1830 1109 13681.729 1721.127 
521 1769 1142 13652.739 1711.316 
383 1970 1029 13686.444 1715.935 
380 1978 1035 13690.198 1715.058 
470 1841 1139 13649.037 1715.504 
517 1770 1144 13649.337 1710.909 
436 1897 1071 13674.669 1717.192 
488 1839 1127 13670.072 1715.27 
445 1896 1084 13674.763 1715.684 
461 1875 1103 13696.873 1717.142 
398 1946 1033 13704.419 1720.093 
460 1872 1132 13701.425 1718.71 
519 1763 1152 13658.314 1712.502 
367 1982 1026 13695.727 1717.663 
450 1895 1090 13688.113 1718.72 
454 1891 1089 13703.621 1720.229 
421 1920 1061 13688.329 1717.05 
397 1943 1069 13712.791 1722.14 
425 1910 1041 13684.863 1715.283 
460 1880 1092 13677.647 1714.637 
372 1988 1018 13688.712 1715.386 
509 1794 1156 13650.855 1708.924 
522 1780 1163 13662.24 1710.728 
467 1849 1138 13653.974 1714.594 
405 1932 1064 13701.537 1721.933 
387 1968 1016 13686.24 1712.261 
478 1834 1131 13681.595 1714.536 
441 1896 1078 13678.21 1715.412 
507 1804 1163 13663.816 1710.432 
407 1934 1064 13702.254 1721.267 
382 1974 1037 13698.661 1718.111 
411 1936 1012 13686.132 1716.111 
491 1810 1146 13654.738 1710.438 
415 1926 1045 13692.391 1715.968 
485 1839 1154 13679.409 1716.907 
414 1924 1064 13705.625 1717.552 
409 1945 1046 13714.056 1718.868 
464 1876 1094 13682.629 1715.152 
377 1986 1040 13702.755 1717.034 
437 1880 1130 13681.692 1714.085 
435 1898 1074 13679.355 1718.152 
412 1913 1043 13678.459 1719.165 
452 1873 1101 13688.701 1718.237 
465 1875 1138 13684.172 1716.426 
424 1911 1051 13677.784 1714.323 
395 1959 1033 13707.482 1718.261 
438 1903 1082 13679.822 1715.766 
400 1931 1066 13693.381 1716.901 
365 1995 1019 13702.173 1719.087 
501 1801 1138 13661.397 1710.785 
510 1790 1148 13656.475 1710.374 
511 1789 1151 13658.35 1711.297 
500 1802 1137 13660.658 1710.72 
366 1981 1034 13697.772 1718.049 
400 1939 1048 13698.136 1721.078 
518 1781 1155 13656.147 1710.87 
471 1844 1129 13655.395 1710.693 
398 1957 1044 13712.957 1718.931 
508 1787 1151 13657.091 1712.166 
412 1915 1066 13694.571 1717.853 
361 1982 1038 13689.651 1717.038 
443 1894 1097 13682.605 1716.696 
499 1800 1150 13663.316 1714.296 
373 1987 1020 13689.103 1715.43 
385 1969 1049 13695.577 1715.689 
417 1924 1059 13695.057 1718.303 
472 1840 1128 13661.93 1711.652 
