887 3653 2170 13607.389 1703.478 
798 3733 2034 13533.729 1694.089 
933 3574 2121 13573.886 1700.888 
668 3972 1929 13642.512 1713.447 
933 3561 2154 13569.466 1700.042 
762 3776 1908 13577.443 1701.971 
732 3930 1967 13660.401 1711.532 
664 3972 1930 13632.911 1711.026 
693 3954 1936 13643.604 1713.525 
804 3733 2017 13554.937 1692.25 
697 3811 2009 13578.612 1702.198 
889 3667 2137 13609.552 1707.651 
742 3879 1973 13637.786 1709.411 
812 3688 2107 13582.606 1703.086 
772 3753 2041 13545.279 1694.3 
909 3633 2096 13584.099 1704.078 
681 3959 1918 13629.431 1712.137 
866 3666 2139 13584.463 1701.376 
919 3588 2147 13571.706 1700.767 
886 3654 2169 13606.951 1703.345 
795 3744 2056 13554.735 1695.03 
780 3751 1998 13568.447 1698.068 
717 3901 1947 13632.757 1712.168 
786 3727 2048 13558.792 1695.897 
693 3936 1939 13633.74 1711.426 
673 3966 1925 13639.881 1712.68 
852 3697 2091 13600.72 1706.623 
835 3717 2064 13595.018 1706.758 
919 3584 2121 13572.334 1701.174 
840 3710 2064 13600.327 1705.624 
833 3710 2066 13592.538 1705.597 
897 3625 2170 13584.822 1701.064 
854 3680 2075 13587.105 1705.167 
704 3920 1943 13637.08 1712.402 
775 3755 1964 13572.341 1700.675 
756 3759 1935 13562.375 1698.857 
777 3752 2050 13547.001 1693.729 
903 3652 2164 13608.96 1708.107 
754 3766 1910 13561.773 1700.466 
913 3609 2158 13595.795 1703.489 
786 3758 2021 13565.06 1696.841 
742 3880 1980 13638.577 1708.847 
733 3883 1986 13631.854 1707.92 
728 3895 2007 13649.215 1710.855 
756 3783 1908 13572.337 1701.606 
801 3726 2036 13551.237 1692.55 
725 3902 1975 13651.773 1710.1 
697 3938 1926 13643.842 1709.685 
838 3722 2088 13589.95 1703.568 
734 3890 1979 13648.254 1710.592 
755 3778 1937 13552.981 1695.346 
845 3695 2083 13595.966 1706.644 
740 3917 1974 13660.045 1711.433 
713 3914 1946 13640.173 1713.178 
762 3775 1909 13577.06 1702.017 
839 3702 2077 13585.388 1701.682 
752 3884 1972 13651.743 1710.909 
865 3677 2101 13596.876 1707.84 
931 3575 2118 13572.583 1700.811 
802 3747 2024 13585.695 1701.654 
741 3901 1978 13655.423 1710.515 
805 3725 2049 13553.466 1694.747 
847 3699 2098 13596.291 1705.407 
864 3677 2113 13590.584 1703.289 
784 3750 2041 13548.558 1693.093 
804 3727 2001 13546.42 1694.819 
913 3613 2119 13584.213 1701.321 
729 3888 1981 13637.178 1709.63 
694 3928 1929 13633.702 1712.204 
784 3729 2039 13580.819 1702.789 
707 3904 1975 13637.257 1710.319 
790 3756 2037 13553.685 1696.547 
852 3680 2093 13580.809 1704.966 
804 3733 2023 13549.175 1693.102 
784 3729 2039 13580.668 1702.851 
765 3764 2017 13555.826 1696.575 
859 3686 2062 13586.555 1705.279 
710 3930 1930 13648.772 1712.041 
787 3756 2022 13564.404 1696.825 
746 3893 1966 13654.462 1712.398 
834 3709 2067 13592.62 1705.613 
712 3915 1945 13640.075 1713.165 
747 3892 1968 13654.913 1712.409 
924 3586 2115 13573.495 1700.966 
757 3758 1936 13562.33 1698.849 
859 3686 2063 13586.508 1705.272 
764 3765 2018 13556.358 1696.615 
764 3765 2019 13555.857 1696.506 
925 3585 2116 13573.738 1701.003 
680 3957 1914 13631.213 1711.661 
748 3889 1967 13653.694 1712.155 
863 3678 2113 13590.644 1703.3 
851 3678 2105 13574.392 1703.816 
