564 2608 1487 13785.242 1730.433 
506 2613 1491 13702.442 1713.053 
523 2688 1437 13776.763 1728.187 
514 2700 1449 13794.381 1728.259 
526 2685 1450 13800.233 1728.792 
586 2562 1571 13739.916 1722.01 
535 2635 1478 13756.633 1725.918 
584 2564 1517 13765.596 1724.168 
588 2579 1553 13747.108 1722.283 
594 2555 1547 13743.332 1723.053 
623 2491 1496 13682.024 1717.802 
544 2596 1506 13751.579 1721.249 
619 2485 1519 13679.239 1714.252 
618 2500 1499 13691.817 1716.802 
528 2630 1487 13722.019 1718.186 
613 2521 1510 13707.669 1718.852 
550 2647 1468 13779.874 1725.276 
581 2624 1489 13789.513 1726.498 
566 2593 1502 13773.394 1723.502 
562 2615 1482 13795.888 1730.137 
559 2638 1451 13772.756 1724.051 
619 2496 1489 13683.068 1713.32 
507 2612 1490 13702.809 1713.108 
577 2602 1525 13746.769 1721.692 
554 2656 1464 13790.391 1727.143 
516 2697 1440 13782.301 1726.361 
533 2681 1457 13793.899 1729.361 
603 2546 1532 13717.375 1715.351 
605 2540 1533 13710.723 1715.879 
598 2550 1535 13720.623 1719.521 
562 2635 1484 13773.823 1723.766 
536 2679 1469 13796.722 1728.155 
576 2583 1560 13737.089 1719.927 
583 2597 1501 13775.639 1725.509 
522 2692 1462 13799.386 1728.533 
620 2500 1503 13676.048 1718.879 
583 2568 1485 13768.105 1729.181 
548 2656 1457 13792.242 1728.325 
604 2526 1511 13716.546 1720.289 
569 2588 1552 13734.083 1719.229 
547 2660 1472 13791.596 1728.945 
579 2585 1554 13741.509 1720.524 
614 2545 1530 13728.846 1718.687 
538 2674 1467 13789.556 1727.742 
596 2550 1521 13732.667 1721.771 
591 2571 1561 13740.257 1721.089 
542 2670 1463 13793.178 1728.432 
516 2695 1442 13785.627 1727.564 
517 2695 1443 13787.99 1726.976 
574 2629 1471 13788.35 1725.43 
584 2581 1557 13739.307 1721.045 
597 2543 1547 13728.946 1719.126 
593 2573 1567 13739.101 1721.305 
596 2564 1564 13741.535 1721.312 
528 2683 1453 13780.011 1728.271 
568 2595 1488 13776.653 1729.822 
589 2573 1559 13740.092 1720.671 
534 2677 1479 13800.083 1729.371 
606 2547 1524 13724.554 1718.477 
575 2588 1537 13744.637 1719.517 
525 2686 1447 13800.052 1728.747 
599 2553 1542 13725.958 1718.568 
519 2695 1447 13784.643 1726.108 
605 2538 1537 13723.796 1716.937 
575 2585 1545 13743.178 1721.333 
599 2543 1540 13724.919 1718.981 
603 2534 1533 13709.652 1717.396 
539 2672 1461 13790.422 1729.61 
602 2536 1533 13710.709 1717.416 
610 2530 1527 13715.046 1718.698 
546 2670 1466 13787.975 1726.118 
556 2646 1467 13772.939 1726.719 
546 2665 1468 13779.319 1725.284 
569 2588 1502 13768.68 1721.826 
595 2570 1506 13772.076 1728.637 
608 2537 1533 13709.567 1715.669 
549 2648 1468 13780.058 1725.297 
540 2671 1470 13794.542 1730.035 
617 2499 1523 13690.821 1715.789 
558 2605 1497 13780.571 1728.832 
558 2606 1496 13781.038 1728.96 
598 2545 1540 13727.027 1719.31 
594 2572 1567 13739.007 1721.282 
611 2527 1541 13725.806 1719.236 
612 2522 1510 13707.723 1718.851 
582 2582 1523 13794.549 1729.632 
578 2596 1523 13743.309 1721.482 
628 2466 1507 13661.473 1714.672 
617 2512 1482 13689.196 1716.566 
572 2587 1489 13766.527 1727.475 
572 2597 1474 13779.589 1729.849 
630 2473 1503 13671.328 1716.43 
555 2641 1454 13773.486 1724.034 
570 2637 1461 13795.776 1724.525 
626 2491 1501 13680.739 1717.963 
627 2479 1507 13676.072 1716.832 
