838 3851 2178 13701.469 1717.416 
919 3700 2145 13652.571 1711.662 
744 3908 2070 13651.157 1708.137 
739 3914 2053 13650.284 1708.206 
834 3863 2176 13703.436 1717.183 
886 3746 2190 13675.682 1714.453 
915 3695 2159 13651.261 1712.903 
757 3890 2086 13654.569 1708.66 
895 3766 2132 13670.144 1714.316 
811 3884 2158 13696.79 1716.863 
769 3890 2078 13662.007 1710.326 
746 3912 2066 13654.444 1708.85 
749 3907 2064 13655.111 1709.612 
765 3889 2078 13662.525 1710.515 
816 3882 2177 13703.353 1717.164 
917 3712 2147 13666.297 1713.645 
863 3789 2174 13675.436 1712.608 
852 3818 2136 13671.367 1712.961 
753 3903 2080 13663.273 1710.441 
868 3798 2139 13678.516 1715.804 
889 3776 2166 13691.014 1715.201 
914 3699 2151 13654.127 1712.139 
829 3868 2172 13701.308 1716.797 
846 3841 2171 13694.348 1716.348 
847 3836 2141 13688.412 1715.794 
882 3742 2187 13670.034 1714.844 
840 3849 2156 13693.991 1715.572 
822 3866 2173 13698.454 1715.831 
850 3827 2146 13682.099 1714.111 
743 3910 2069 13651.89 1708.257 
835 3857 2175 13700.464 1716.635 
900 3723 2186 13667.723 1714.443 
760 3895 2081 13659.836 1710.079 
848 3828 2170 13692.313 1715.255 
756 3903 2075 13660.84 1710.391 
856 3812 2134 13671.908 1713.155 
888 3738 2185 13674.442 1714.991 
744 3907 2071 13653.071 1708.654 
843 3850 2143 13696.304 1716.912 
762 3896 2067 13656.924 1709.759 
887 3783 2150 13687.48 1716.92 
822 3876 2168 13701.314 1717.226 
827 3863 2184 13699.938 1716.192 
874 3776 2182 13684.557 1715.817 
903 3709 2184 13658.607 1712.729 
761 3885 2080 13656.98 1709.488 
838 3859 2161 13702.398 1716.387 
761 3892 2069 13658.901 1709.804 
751 3905 2074 13657.571 1709.571 
918 3709 2138 13656.276 1712.741 
901 3722 2184 13667.163 1714.395 
843 3846 2180 13699.02 1716.453 
767 3890 2083 13655.826 1710.254 
850 3815 2173 13689.407 1714.719 
854 3809 2134 13675.362 1713.368 
892 3737 2188 13675.344 1715.098 
913 3702 2154 13651.89 1712.368 
879 3770 2177 13684.9 1716.529 
879 3792 2151 13692.172 1717.322 
855 3805 2151 13670.489 1711.057 
911 3727 2161 13666.387 1713.955 
898 3731 2183 13671.995 1713.993 
910 3702 2169 13655.474 1711.389 
881 3782 2168 13687.891 1715.441 
881 3750 2187 13672.624 1715.272 
893 3755 2170 13686.718 1715.338 
824 3861 2178 13699.013 1716.327 
894 3767 2146 13681.972 1716.283 
879 3795 2145 13685.842 1716.605 
858 3809 2148 13674.696 1713.442 
913 3713 2140 13657.253 1712.35 
885 3758 2174 13679.108 1714.774 
896 3756 2173 13683.035 1715.711 
905 3749 2176 13676.949 1715.803 
911 3702 2168 13655.444 1711.386 
894 3762 2166 13683.187 1715.616 
895 3752 2159 13677.531 1716.037 
833 3850 2180 13694.313 1715.941 
767 3891 2078 13660.144 1710.332 
880 3771 2173 13684.02 1714.61 
884 3773 2165 13689.295 1715.595 
915 3701 2150 13653.453 1712.488 
908 3715 2164 13661.959 1712.36 
882 3754 2179 13679.876 1715.122 
837 3852 2178 13701.374 1717.415 
896 3734 2181 13671.509 1714.005 
885 3762 2173 13680.262 1713.818 
893 3747 2182 13680.759 1715.736 
858 3801 2176 13680.7 1715.06 
759 3900 2080 13657.604 1710.118 
880 3774 2160 13674.741 1715.9 
914 3701 2155 13652.167 1712.424 
907 3730 2172 13670.161 1714.439 
857 3805 2140 13671.373 1713.758 
858 3804 2140 13671.273 1713.768 
895 3748 2180 13679.148 1715.502 
902 3728 2181 13674.702 1714.04 
