661 3315 1819 13786.283 1728.579 
678 3306 1821 13785.999 1729.876 
641 3343 1784 13776.051 1726.899 
750 3097 1883 13670.971 1714.626 
781 3066 1877 13663.574 1711.635 
774 3056 1856 13657.361 1711.832 
671 3310 1776 13760.271 1724.345 
766 3100 1879 13688.748 1715.549 
751 3118 1871 13689.293 1714.758 
729 3189 1868 13725.905 1721.105 
739 3125 1846 13669.394 1712.735 
730 3188 1868 13726.026 1721.121 
701 3236 1824 13733.943 1720.378 
756 3107 1877 13686.254 1715.411 
771 3084 1873 13677.284 1713.719 
684 3293 1799 13767.478 1726.459 
757 3107 1865 13671.654 1713.126 
701 3240 1813 13732.47 1721.271 
651 3327 1792 13770.639 1725.84 
773 3073 1859 13665.828 1712.024 
670 3311 1778 13758.917 1723.596 
752 3089 1881 13663.826 1714.342 
677 3292 1828 13782.699 1729.695 
700 3253 1808 13749.462 1726.158 
767 3079 1879 13672.867 1715.116 
734 3121 1836 13659.428 1714.163 
660 3319 1823 13786.066 1728.761 
726 3198 1850 13746.273 1723.028 
663 3313 1786 13766.258 1727.002 
702 3273 1804 13763.916 1726.028 
770 3076 1876 13674.372 1714.078 
650 3334 1793 13772.446 1725.911 
712 3213 1882 13748.627 1726.374 
732 3202 1853 13742.635 1722.518 
722 3198 1862 13732.187 1721.888 
718 3204 1858 13734.048 1722.098 
718 3199 1867 13740.287 1725.289 
720 3210 1855 13731.555 1722.578 
723 3193 1868 13739.502 1724.88 
705 3223 1851 13760.155 1723.845 
707 3217 1869 13745.819 1725.497 
645 3335 1818 13776.496 1727.391 
656 3304 1830 13763.319 1725.739 
700 3235 1839 13757.411 1722.962 
668 3277 1843 13752.425 1724.389 
664 3310 1825 13773.842 1727.015 
733 3207 1846 13749.557 1723.417 
710 3230 1854 13755.158 1723.988 
680 3294 1825 13779.254 1728.633 
692 3271 1822 13764.554 1725.779 
715 3221 1818 13729.751 1724.269 
698 3251 1844 13772.226 1727.538 
770 3080 1863 13668.865 1714.331 
717 3208 1865 13737.663 1723.816 
682 3287 1832 13777.403 1726.815 
708 3218 1861 13744.201 1726.083 
697 3268 1816 13763.037 1726.525 
675 3308 1822 13782.92 1726.881 
663 3315 1804 13770.251 1726.435 
738 3120 1840 13666.922 1713.251 
669 3288 1836 13762.131 1724.83 
661 3323 1820 13776.999 1727.779 
702 3228 1854 13756.108 1723.177 
687 3259 1850 13749.658 1723.892 
671 3295 1827 13770.818 1726.556 
662 3320 1827 13778.804 1728.163 
668 3292 1829 13757.856 1725.732 
737 3120 1832 13670.025 1713.128 
693 3260 1829 13771.653 1727.557 
694 3254 1824 13750.76 1725.003 
693 3276 1817 13775.011 1727.996 
655 3302 1842 13765.609 1726.121 
697 3233 1845 13753.412 1723.552 
648 3331 1823 13777.52 1728.573 
688 3285 1842 13785.069 1727.973 
707 3222 1859 13733.917 1721.187 
647 3332 1822 13777.419 1728.524 
700 3254 1815 13747.575 1724.337 
699 3239 1845 13749.618 1724.814 
695 3280 1821 13773.93 1727.55 
772 3082 1864 13676.602 1713.289 
683 3283 1829 13773.523 1728.306 
716 3204 1882 13743.126 1725.66 
699 3252 1828 13761.79 1725.168 
643 3340 1785 13775.651 1726.841 
720 3202 1868 13736.671 1725.186 
697 3282 1814 13773.033 1727.694 
708 3232 1852 13754.786 1723.898 
660 3294 1835 13760.232 1725.25 
716 3220 1818 13729.815 1724.282 
770 3087 1871 13669.874 1713.202 
698 3281 1815 13772.494 1727.43 
722 3205 1859 13732.381 1723.16 
