1113 5070 2844 13659.332 1710.953 
1071 5138 2822 13678.252 1714.632 
904 5260 2601 13630.986 1708.409 
890 5274 2635 13633.788 1708.108 
938 5201 2681 13632.392 1707.521 
1084 5125 2832 13685.184 1714.398 
1112 5058 2821 13655.508 1711.423 
886 5274 2642 13632.357 1708.109 
902 5262 2611 13629.837 1709.266 
1047 5161 2773 13669.511 1711.442 
971 5167 2689 13629.894 1707.732 
956 5185 2708 13642.906 1710.432 
1104 5094 2835 13673.22 1712.162 
1057 5149 2807 13674.085 1713.35 
1102 5080 2803 13664.455 1712.753 
1090 5109 2839 13682.779 1713.735 
939 5235 2653 13649.729 1709.93 
1096 5097 2815 13671.362 1713.196 
1085 5089 2841 13667.045 1713.106 
1108 5092 2836 13671.854 1712.744 
1063 5146 2782 13669.024 1711.581 
1112 5058 2823 13656.201 1711.146 
1111 5063 2818 13654.89 1711.437 
907 5265 2606 13634.81 1708.322 
1055 5154 2783 13668.353 1711.548 
1060 5141 2784 13668.29 1711.626 
966 5176 2689 13632.085 1708.755 
1075 5131 2821 13679.096 1714.601 
1096 5103 2824 13678.24 1713.174 
934 5219 2643 13640.592 1710.51 
932 5196 2679 13636.817 1710.824 
1086 5115 2816 13683.948 1714.57 
945 5215 2655 13637.831 1708.885 
1056 5152 2784 13668.185 1711.49 
1106 5073 2839 13665.981 1711.57 
967 5165 2682 13630.329 1708.53 
938 5232 2657 13646.638 1709.942 
1086 5116 2826 13681.679 1714.13 
913 5251 2664 13643.431 1709.223 
925 5229 2652 13644.421 1710.11 
1075 5132 2823 13677.852 1714.267 
915 5247 2663 13637.089 1708.424 
1109 5080 2841 13666.068 1711.327 
911 5262 2615 13638.864 1708.384 
1084 5113 2840 13681.699 1713.899 
962 5179 2698 13640.554 1709.896 
955 5189 2702 13639.086 1709.866 
940 5217 2672 13645.474 1709.394 
1071 5140 2825 13680.88 1713.845 
891 5271 2623 13632.368 1709.045 
947 5193 2694 13636.929 1709.729 
1087 5113 2828 13681.748 1713.895 
952 5207 2675 13644.838 1709.876 
938 5202 2680 13632.274 1707.537 
901 5255 2626 13633.896 1709.168 
959 5180 2689 13640.941 1710.359 
957 5184 2707 13642.636 1710.379 
1079 5118 2838 13677.942 1713.808 
917 5244 2621 13636.47 1709.114 
959 5186 2687 13636.192 1710.02 
902 5262 2634 13633.338 1708.531 
923 5222 2660 13642.306 1709.839 
898 5262 2644 13634.123 1707.928 
951 5208 2676 13646.195 1710.28 
890 5260 2650 13633.078 1708.64 
929 5221 2671 13643.088 1709.586 
897 5258 2653 13632.863 1707.895 
920 5240 2653 13642.143 1709.858 
913 5244 2646 13638.73 1709.493 
943 5198 2692 13637.519 1709.587 
958 5190 2691 13640.165 1709.634 
1108 5080 2842 13666.109 1711.329 
946 5209 2668 13639.373 1710.329 
965 5177 2689 13639.877 1709.773 
913 5243 2640 13635.498 1709.891 
941 5213 2668 13642.589 1709.287 
931 5224 2676 13641.909 1710.417 
959 5197 2690 13645.935 1709.665 
913 5256 2649 13640.006 1709.118 
932 5225 2644 13639.673 1710.126 
899 5255 2638 13637.65 1709.901 
951 5194 2685 13642.206 1710.007 
942 5200 2691 13638.393 1709.746 
900 5270 2634 13637.311 1708.261 
892 5265 2640 13633.929 1708.174 
920 5234 2669 13639.402 1709.848 
894 5263 2639 13632.5 1707.645 
918 5244 2664 13636.89 1708.35 
939 5212 2659 13633.828 1709.444 
896 5263 2638 13633.272 1707.78 
895 5257 2653 13632.717 1708.058 
930 5219 2674 13642.625 1709.992 
920 5231 2676 13643.367 1710.181 
