606 2536 1554 13747.394 1726.565 
549 2635 1499 13770.533 1732.36 
473 2723 1434 13780.86 1730.415 
509 2641 1498 13723.938 1724.322 
474 2722 1435 13781.46 1730.427 
483 2702 1398 13759.097 1726.003 
508 2659 1430 13749.564 1723.584 
605 2541 1559 13752.609 1726.94 
508 2651 1489 13731.826 1725.738 
490 2679 1444 13758.902 1727.905 
532 2641 1484 13765.0 1731.16 
598 2548 1542 13744.448 1726.678 
508 2642 1497 13724.016 1724.335 
526 2652 1484 13764.97 1730.617 
482 2696 1418 13762.842 1725.324 
600 2552 1537 13749.64 1728.871 
555 2620 1497 13768.7 1731.251 
544 2635 1513 13763.672 1730.445 
572 2604 1506 13779.414 1731.77 
496 2692 1400 13758.242 1727.506 
493 2700 1408 13767.287 1727.985 
497 2694 1412 13760.169 1725.999 
485 2688 1439 13752.57 1728.044 
534 2638 1485 13765.578 1731.205 
603 2544 1553 13751.623 1726.742 
551 2625 1503 13759.025 1729.705 
587 2575 1513 13753.319 1729.584 
559 2615 1499 13768.35 1731.619 
545 2631 1505 13765.862 1730.353 
488 2694 1427 13760.012 1726.366 
570 2573 1551 13745.14 1726.534 
482 2708 1411 13758.334 1726.098 
590 2563 1557 13763.682 1726.779 
575 2602 1518 13768.044 1729.207 
571 2585 1538 13751.219 1729.062 
479 2713 1416 13764.46 1728.058 
572 2591 1532 13756.19 1729.021 
584 2598 1520 13771.689 1730.986 
559 2607 1515 13761.753 1731.344 
596 2557 1542 13758.172 1727.61 
475 2716 1430 13772.684 1728.659 
481 2710 1423 13768.386 1728.632 
588 2586 1537 13774.953 1729.43 
594 2549 1524 13752.083 1728.579 
590 2555 1522 13748.824 1728.807 
577 2577 1549 13761.788 1727.071 
569 2609 1518 13776.572 1729.948 
533 2639 1485 13764.529 1731.105 
585 2561 1547 13752.697 1728.2 
581 2603 1517 13773.544 1729.859 
546 2626 1521 13762.306 1728.986 
569 2622 1507 13768.062 1729.628 
483 2703 1411 13753.26 1725.435 
480 2709 1437 13772.039 1728.354 
487 2697 1427 13761.78 1726.444 
478 2720 1404 13766.755 1727.819 
556 2621 1515 13769.505 1728.958 
485 2690 1435 13759.981 1728.132 
573 2595 1523 13762.645 1730.691 
589 2557 1532 13747.806 1728.595 
578 2578 1543 13766.56 1730.629 
558 2614 1519 13772.776 1730.388 
582 2594 1525 13777.895 1729.81 
487 2695 1419 13766.127 1727.93 
475 2712 1437 13777.436 1729.446 
570 2590 1529 13760.335 1729.737 
582 2595 1524 13779.19 1730.061 
476 2721 1412 13768.243 1728.689 
581 2580 1526 13754.472 1729.843 
561 2611 1521 13764.946 1728.738 
563 2614 1513 13769.036 1730.254 
475 2713 1436 13777.182 1729.414 
589 2562 1528 13759.379 1728.341 
550 2611 1527 13762.35 1730.127 
477 2721 1404 13766.844 1727.821 
587 2572 1540 13763.309 1727.189 
579 2579 1538 13761.107 1727.697 
594 2559 1543 13754.797 1726.548 
592 2571 1541 13766.149 1727.968 
572 2608 1518 13776.282 1730.276 
566 2603 1513 13760.933 1730.361 
580 2599 1524 13769.483 1729.047 
478 2711 1437 13778.712 1729.779 
550 2621 1507 13765.1 1730.868 
576 2586 1539 13764.836 1727.74 
582 2582 1541 13760.313 1729.83 
576 2589 1532 13761.409 1731.219 
565 2604 1524 13762.201 1728.79 
586 2591 1519 13766.612 1730.364 
550 2622 1506 13765.165 1730.977 
585 2570 1548 13762.881 1726.838 
572 2591 1528 13755.322 1730.088 
593 2573 1528 13768.333 1727.844 
562 2608 1524 13771.765 1730.401 
574 2603 1526 13767.155 1729.754 
587 2567 1542 13760.23 1727.622 
