1038 5162 2730 13665.778 1711.349 
1013 5207 2757 13677.656 1710.821 
970 5227 2702 13657.772 1709.156 
1139 4996 2832 13625.221 1704.118 
1135 4969 2833 13605.747 1702.914 
1130 4999 2840 13619.394 1704.206 
998 5216 2708 13675.709 1710.869 
1057 5094 2718 13634.146 1705.17 
1134 4980 2839 13614.134 1703.731 
985 5226 2732 13673.487 1710.629 
1111 5013 2805 13608.596 1703.38 
1064 5083 2762 13629.266 1708.542 
1124 4990 2831 13621.57 1705.574 
1056 5106 2771 13660.193 1708.505 
1080 5041 2800 13620.368 1704.554 
972 5228 2701 13654.836 1708.018 
1074 5072 2777 13625.652 1707.112 
1120 5010 2784 13614.594 1703.915 
1050 5126 2744 13662.335 1708.311 
992 5219 2723 13669.226 1709.988 
1091 5046 2792 13621.812 1704.831 
1069 5050 2796 13609.717 1705.116 
1093 5033 2818 13627.658 1705.838 
1105 5029 2800 13623.417 1705.209 
1098 5039 2759 13617.333 1703.473 
1024 5175 2733 13663.831 1710.344 
1075 5041 2809 13615.733 1703.77 
1047 5115 2746 13646.287 1707.9 
1107 5024 2823 13627.085 1705.858 
1056 5112 2761 13652.141 1707.668 
1110 5014 2825 13616.239 1704.2 
1083 5073 2795 13634.405 1706.757 
1012 5196 2760 13670.084 1709.948 
1053 5089 2777 13628.322 1707.838 
1084 5058 2782 13628.353 1707.074 
1060 5090 2742 13641.414 1706.81 
1031 5141 2739 13640.273 1705.51 
1132 5005 2836 13626.326 1705.203 
1123 5007 2791 13615.287 1704.203 
1033 5165 2720 13661.228 1710.128 
1046 5124 2753 13649.918 1708.87 
1086 5063 2770 13617.131 1705.54 
1011 5188 2736 13667.011 1711.027 
1002 5209 2740 13669.497 1710.436 
1039 5114 2754 13644.373 1708.247 
1027 5170 2731 13667.082 1710.873 
1016 5191 2741 13673.84 1708.673 
1000 5205 2718 13666.947 1710.989 
1117 5011 2797 13617.214 1704.674 
1108 5027 2783 13614.932 1704.071 
1037 5148 2738 13657.867 1709.313 
1110 5022 2796 13620.1 1704.171 
1026 5142 2757 13660.916 1708.77 
1100 5038 2799 13624.552 1706.09 
1096 5050 2764 13621.291 1705.631 
1026 5177 2721 13660.351 1710.531 
1068 5080 2745 13627.548 1706.381 
1060 5090 2763 13639.092 1706.209 
1041 5118 2754 13645.091 1707.461 
1089 5046 2768 13620.449 1705.611 
1000 5193 2718 13664.1 1711.124 
1040 5139 2748 13658.828 1708.264 
1082 5055 2768 13621.419 1707.273 
1087 5049 2769 13625.877 1707.364 
1101 5037 2799 13624.667 1706.113 
1017 5193 2748 13672.452 1709.845 
1047 5131 2739 13656.675 1709.48 
1059 5093 2769 13656.466 1708.812 
1040 5130 2738 13655.791 1709.611 
1036 5133 2742 13650.418 1708.806 
1103 5024 2766 13620.926 1706.523 
1036 5131 2765 13654.922 1707.895 
1041 5119 2761 13650.436 1707.404 
1082 5059 2782 13628.2 1707.085 
1026 5190 2722 13672.338 1709.411 
1092 5052 2764 13626.276 1707.449 
1032 5162 2732 13659.49 1709.163 
1044 5139 2732 13660.429 1710.483 
1062 5086 2729 13635.2 1706.249 
1072 5079 2754 13630.429 1707.892 
1029 5156 2750 13661.84 1710.525 
1131 5006 2836 13626.266 1705.199 
1050 5133 2753 13650.889 1706.485 
1101 5047 2801 13616.303 1705.337 
1012 5192 2749 13673.496 1710.858 
1022 5190 2763 13675.585 1710.78 
1027 5154 2754 13656.208 1707.569 
993 5229 2699 13666.806 1709.884 
1001 5223 2714 13667.644 1709.768 
