499 1895 1213 13827.381 1732.834 
349 2080 1095 13826.675 1731.01 
351 2087 1078 13822.191 1729.013 
477 1920 1228 13841.628 1734.905 
388 2029 1115 13810.14 1727.369 
479 1942 1217 13879.481 1740.82 
381 2032 1112 13805.666 1728.596 
496 1892 1211 13821.272 1734.514 
379 2039 1121 13815.093 1727.817 
422 2002 1146 13850.148 1740.613 
374 2065 1094 13841.319 1733.287 
401 2020 1116 13817.079 1732.761 
494 1907 1194 13830.587 1731.462 
471 1948 1222 13865.39 1738.643 
441 1984 1190 13847.17 1732.204 
490 1920 1226 13854.182 1737.819 
494 1903 1202 13825.061 1734.029 
355 2083 1094 13837.016 1732.914 
482 1934 1212 13852.81 1734.68 
423 2006 1159 13855.628 1739.07 
481 1927 1207 13849.315 1737.589 
453 1968 1199 13870.008 1736.914 
413 2018 1149 13859.686 1740.248 
432 2000 1181 13876.153 1738.149 
389 2032 1110 13810.104 1728.104 
371 2061 1112 13833.467 1730.625 
359 2063 1103 13811.858 1729.968 
496 1896 1204 13825.369 1734.893 
473 1951 1218 13871.556 1740.397 
373 2070 1098 13847.971 1733.975 
376 2060 1099 13826.731 1730.141 
442 1987 1175 13861.176 1736.318 
467 1932 1225 13840.408 1734.779 
418 2011 1154 13858.929 1739.851 
443 1994 1187 13858.529 1735.445 
368 2054 1109 13820.049 1731.175 
369 2063 1118 13829.103 1729.738 
475 1938 1222 13877.94 1737.935 
419 2013 1151 13855.746 1739.672 
463 1954 1216 13864.345 1738.318 
363 2077 1097 13838.209 1732.294 
446 1971 1201 13866.442 1735.053 
383 2035 1113 13818.612 1728.578 
457 1967 1172 13848.719 1734.262 
477 1925 1224 13845.614 1736.11 
455 1963 1200 13851.627 1735.662 
431 2008 1175 13874.166 1738.349 
465 1957 1212 13862.769 1732.751 
384 2051 1105 13831.526 1732.308 
360 2072 1102 13839.946 1733.419 
375 2047 1119 13808.083 1728.744 
358 2075 1106 13843.955 1734.435 
477 1945 1215 13879.092 1740.776 
432 1999 1182 13874.767 1738.068 
384 2054 1104 13834.989 1732.429 
381 2057 1097 13838.562 1732.669 
382 2050 1100 13828.071 1733.112 
416 2007 1163 13853.947 1738.92 
438 1974 1197 13853.501 1737.84 
466 1960 1196 13871.369 1739.826 
449 1980 1183 13845.784 1734.196 
456 1979 1177 13872.157 1737.246 
370 2046 1115 13810.526 1727.701 
439 1992 1179 13867.607 1734.741 
370 2049 1117 13807.764 1728.054 
445 1992 1187 13857.66 1735.284 
457 1985 1165 13843.248 1735.762 
476 1927 1223 13847.182 1736.334 
428 2002 1166 13859.147 1740.084 
419 2012 1153 13859.023 1739.238 
416 2014 1150 13858.581 1740.176 
451 1964 1205 13867.932 1735.663 
375 2039 1114 13809.445 1728.989 
476 1936 1222 13862.084 1737.377 
457 1967 1171 13849.831 1734.356 
358 2076 1101 13837.487 1733.777 
386 2032 1111 13815.181 1728.387 
381 2045 1110 13827.124 1731.311 
421 2002 1147 13850.004 1740.523 
438 1986 1193 13861.991 1733.534 
479 1924 1223 13845.822 1736.186 
474 1922 1227 13843.251 1735.34 
427 2003 1165 13859.203 1740.295 
428 2004 1182 13862.456 1735.214 
449 1984 1162 13857.556 1737.205 
450 1972 1191 13855.026 1733.701 
448 1980 1191 13872.321 1737.442 
370 2062 1103 13834.728 1730.626 
360 2074 1101 13836.03 1733.392 
452 1970 1176 13857.306 1737.458 
440 1973 1200 13856.617 1738.179 
350 2079 1096 13827.633 1731.029 
376 2042 1111 13809.637 1728.214 
456 1966 1195 13864.433 1735.551 
462 1964 1196 13869.775 1738.347 
467 1966 1194 13870.319 1738.389 
437 1980 1179 13859.04 1739.157 
