485 2018 1237 13958.551 1754.077 
451 2052 1204 13977.962 1754.285 
490 1970 1220 13903.45 1745.941 
459 2046 1200 13972.662 1754.925 
514 1957 1204 13906.265 1745.626 
432 2070 1182 13958.324 1750.929 
496 1970 1214 13919.711 1745.289 
483 2027 1162 13964.089 1751.295 
486 2017 1237 13958.7 1754.094 
474 2029 1225 13964.043 1751.861 
507 1962 1203 13915.18 1747.724 
492 2010 1172 13938.36 1748.77 
508 1968 1201 13921.515 1747.762 
451 2037 1216 13955.335 1752.697 
510 1982 1196 13928.067 1746.805 
458 2048 1167 13952.264 1749.415 
491 2005 1196 13954.558 1751.903 
437 2061 1176 13948.07 1749.898 
446 2057 1186 13961.138 1750.969 
503 1985 1190 13917.882 1746.639 
491 1979 1210 13911.992 1747.092 
504 1984 1185 13935.643 1748.126 
444 2059 1178 13953.492 1753.01 
465 2041 1184 13957.79 1752.129 
487 2012 1177 13939.697 1747.156 
464 2043 1168 13969.241 1753.628 
500 1982 1207 13930.517 1747.373 
504 1970 1203 13928.191 1750.284 
461 2034 1219 13955.955 1753.574 
469 2026 1192 13950.41 1753.927 
493 2000 1208 13941.387 1749.811 
503 1975 1212 13928.808 1749.235 
464 2032 1223 13959.529 1752.415 
433 2065 1179 13952.577 1751.146 
494 1991 1194 13933.441 1751.685 
458 2047 1180 13953.178 1750.605 
502 1978 1213 13924.652 1748.252 
481 2033 1165 13952.797 1750.812 
462 2046 1199 13977.939 1752.857 
456 2056 1202 13973.401 1754.595 
441 2059 1182 13943.643 1750.724 
499 1983 1196 13923.164 1750.845 
456 2036 1207 13963.464 1752.371 
478 2024 1179 13939.326 1748.896 
457 2054 1182 13950.756 1751.632 
495 1990 1191 13933.104 1751.588 
506 1963 1217 13926.426 1749.07 
470 2045 1179 13974.835 1753.276 
474 2038 1163 13955.596 1749.911 
507 1967 1202 13919.783 1748.541 
467 2043 1188 13961.659 1751.941 
460 2044 1199 13970.519 1754.698 
496 1989 1189 13925.068 1747.388 
497 1987 1202 13943.748 1751.521 
473 2030 1176 13958.808 1751.193 
507 1982 1204 13937.928 1747.666 
467 2033 1190 13964.987 1751.774 
494 1996 1192 13946.814 1751.368 
480 2035 1178 13960.082 1750.708 
453 2038 1207 13958.081 1752.005 
487 1993 1221 13929.948 1750.899 
488 1999 1202 13943.921 1748.776 
463 2043 1203 13975.392 1754.599 
487 2010 1191 13941.178 1748.235 
494 1999 1209 13941.257 1749.639 
470 2035 1181 13967.786 1753.529 
475 2020 1190 13953.854 1750.87 
468 2022 1209 13960.739 1752.274 
457 2050 1200 13969.314 1754.092 
491 1988 1198 13942.021 1752.176 
496 1994 1205 13941.364 1746.877 
464 2040 1191 13967.731 1753.512 
502 1982 1205 13933.502 1748.444 
463 2046 1174 13955.684 1749.167 
466 2023 1215 13946.798 1752.21 
504 1973 1202 13929.873 1748.541 
482 2028 1163 13950.382 1748.959 
477 2024 1200 13944.882 1749.805 
446 2043 1207 13958.259 1751.539 
464 2028 1200 13945.185 1752.522 
482 2020 1189 13958.929 1752.037 
439 2060 1174 13947.697 1752.108 
489 1985 1221 13927.231 1748.953 
473 2032 1202 13947.222 1750.931 
467 2033 1187 13960.317 1753.437 
438 2060 1177 13947.951 1749.895 
469 2027 1199 13969.969 1751.847 
464 2039 1198 13974.151 1753.21 
505 1978 1200 13929.911 1749.033 
496 1980 1206 13935.3 1751.113 
466 2022 1214 13946.867 1752.214 
490 1988 1215 13929.853 1748.915 
500 1984 1204 13934.759 1748.967 
489 1999 1220 13939.937 1751.997 
437 2058 1179 13947.773 1749.778 
