129 729 376 13969.036 1762.527 
161 675 448 13972.898 1747.758 
195 662 469 14153.981 1775.766 
190 656 475 14111.953 1770.702 
123 705 417 13955.906 1757.567 
187 664 469 14128.368 1772.109 
199 652 464 14112.969 1773.038 
182 668 433 14037.156 1761.615 
181 672 459 14105.971 1767.881 
125 706 425 13961.95 1757.483 
203 647 461 14099.805 1768.298 
166 685 443 14055.088 1761.875 
190 664 466 14115.461 1773.997 
158 689 420 14047.196 1771.442 
128 716 414 14027.934 1765.979 
146 711 411 14010.088 1768.548 
142 722 385 13991.521 1768.444 
153 697 424 14057.76 1771.159 
150 721 402 14024.995 1772.019 
125 723 409 14030.864 1765.095 
137 728 381 14011.614 1768.736 
162 699 434 14077.711 1766.91 
169 692 431 14091.251 1765.582 
176 680 438 14060.097 1763.851 
143 722 392 14023.997 1766.41 
163 684 427 14039.405 1768.696 
170 691 431 14092.563 1765.465 
140 726 383 14021.802 1769.76 
176 680 436 14068.723 1764.11 
165 680 442 14058.986 1770.12 
165 690 433 14075.162 1763.169 
177 683 432 14067.036 1764.358 
170 691 432 14091.033 1765.408 
139 727 382 14021.233 1770.397 
156 715 399 14028.435 1772.031 
137 728 380 14011.926 1768.762 
181 676 437 14066.888 1763.298 
189 659 472 14110.224 1769.006 
188 659 472 14110.256 1769.008 
153 719 404 14037.676 1773.019 
163 704 408 14024.436 1769.937 
168 676 441 14025.357 1763.208 
152 699 425 14063.879 1772.489 
154 718 404 14036.329 1772.667 
173 685 435 14091.21 1767.508 
179 674 460 14112.36 1770.595 
158 714 400 14036.956 1772.38 
157 714 401 14037.907 1772.846 
138 722 396 14012.391 1768.579 
145 713 411 14011.457 1768.814 
168 687 437 14066.135 1764.115 
138 726 395 14019.503 1770.335 
138 723 395 14022.128 1770.116 
160 705 408 14004.093 1766.866 
158 705 407 14016.692 1768.186 
137 728 384 14014.294 1767.598 
155 709 408 14019.241 1770.353 
156 712 404 14037.433 1772.705 
144 714 411 14010.594 1768.803 
164 690 435 14078.778 1763.27 
202 649 460 14101.975 1768.956 
154 715 405 14019.982 1768.038 
161 710 406 14033.38 1772.829 
206 643 471 14121.768 1768.006 
209 640 468 14122.481 1769.459 
176 676 433 14051.958 1766.547 
154 718 399 14047.312 1768.718 
142 723 381 13994.846 1769.452 
145 717 409 14013.56 1768.062 
180 675 444 14096.698 1771.43 
149 709 409 14005.28 1767.802 
125 707 424 13961.956 1757.483 
175 689 436 14091.033 1767.454 
151 708 413 14007.811 1767.734 
204 644 469 14111.777 1767.84 
166 683 438 14057.355 1764.228 
