994 5135 2679 13635.414 1712.825 
1082 4940 2819 13583.173 1700.494 
1130 4814 2768 13542.529 1694.033 
921 5188 2649 13603.628 1705.101 
995 5154 2701 13642.299 1712.266 
932 5191 2612 13599.364 1706.269 
1126 4822 2798 13554.795 1695.84 
1129 4816 2776 13545.349 1694.192 
1108 4892 2726 13572.646 1697.826 
1038 5045 2756 13598.942 1704.067 
1128 4849 2769 13565.467 1695.859 
960 5161 2660 13613.643 1705.292 
933 5178 2635 13600.619 1704.649 
1069 4961 2807 13588.505 1701.09 
1101 4862 2811 13559.759 1698.183 
1113 4898 2770 13569.132 1699.561 
1057 4999 2772 13600.255 1701.741 
1050 5033 2738 13604.877 1705.392 
966 5155 2685 13611.949 1708.278 
996 5147 2718 13624.272 1707.423 
1019 5120 2724 13637.331 1711.613 
942 5175 2668 13608.06 1707.031 
1118 4875 2751 13556.637 1695.715 
1114 4868 2786 13566.277 1698.812 
981 5152 2703 13626.075 1708.15 
1009 5114 2734 13629.781 1709.392 
1011 5128 2728 13634.318 1711.032 
1013 5137 2710 13638.639 1712.088 
1007 5134 2712 13634.058 1711.363 
1029 5099 2712 13623.109 1709.467 
974 5157 2698 13615.479 1706.007 
1056 4987 2746 13598.359 1702.926 
1076 4954 2817 13590.728 1701.327 
1104 4895 2783 13574.967 1698.317 
985 5139 2728 13617.472 1707.34 
1060 4984 2796 13601.246 1702.512 
1011 5093 2748 13621.356 1707.905 
1078 4970 2802 13600.246 1702.316 
1015 5074 2767 13622.852 1707.088 
1017 5106 2729 13626.089 1708.823 
1120 4860 2797 13564.741 1698.431 
1053 5010 2793 13606.983 1702.831 
947 5170 2673 13619.309 1708.066 
961 5150 2721 13615.141 1706.024 
1102 4914 2802 13591.633 1700.344 
1095 4919 2763 13573.329 1699.474 
1043 5039 2758 13602.969 1704.321 
952 5154 2708 13616.193 1706.33 
1024 5097 2734 13628.373 1709.275 
1112 4885 2787 13578.079 1699.618 
1003 5099 2764 13618.153 1708.442 
1113 4854 2816 13558.92 1696.487 
1073 4974 2778 13590.166 1699.039 
1092 4939 2790 13593.646 1701.178 
1054 5007 2709 13596.091 1704.882 
1094 4928 2799 13584.954 1698.509 
1032 5067 2773 13610.943 1706.431 
1075 4956 2811 13593.424 1700.595 
1113 4855 2815 13558.788 1696.482 
1045 5084 2699 13623.282 1708.273 
1023 5110 2714 13629.08 1710.339 
1043 5058 2744 13610.132 1705.637 
1074 4965 2809 13596.066 1701.081 
1041 5054 2723 13610.417 1705.371 
971 5157 2678 13610.939 1707.645 
1083 4921 2791 13580.835 1699.922 
929 5180 2641 13600.139 1705.032 
936 5160 2682 13601.144 1704.752 
928 5176 2647 13595.253 1703.236 
1049 5016 2726 13606.344 1706.918 
1005 5143 2710 13636.254 1711.478 
1123 4853 2742 13556.398 1694.693 
956 5168 2640 13605.346 1706.813 
947 5163 2680 13608.426 1706.592 
1085 4927 2797 13583.609 1698.991 
1106 4892 2788 13579.922 1698.99 
1122 4854 2742 13556.422 1694.699 
1112 4886 2789 13576.33 1700.313 
974 5155 2683 13617.701 1708.721 
1064 4974 2747 13584.933 1699.822 
1083 4918 2801 13578.638 1699.407 
1080 4955 2759 13592.335 1699.07 
1122 4866 2741 13557.834 1695.792 
1119 4874 2753 13556.958 1695.74 
1090 4918 2797 13575.95 1699.076 
959 5158 2674 13609.49 1707.752 
954 5165 2675 13611.975 1708.328 
1063 4977 2747 13586.184 1700.001 
956 5164 2644 13604.2 1704.216 
1018 5081 2750 13607.897 1705.069 
1062 4978 2745 13585.92 1699.878 
1018 5108 2747 13627.535 1708.601 
955 5167 2670 13618.86 1707.369 
933 5177 2636 13600.669 1704.624 
1031 5068 2772 13611.181 1706.486 
1044 5018 2733 13599.278 1705.636 
