807 3048 1792 13636.369 1708.43 
704 3171 1716 13655.683 1715.822 
621 3310 1758 13701.593 1717.241 
671 3233 1864 13708.897 1718.225 
780 3027 1808 13622.561 1708.051 
781 3026 1809 13623.051 1708.11 
672 3226 1842 13707.464 1720.709 
689 3228 1844 13718.236 1719.48 
652 3261 1819 13700.414 1716.515 
684 3201 1841 13697.685 1719.997 
633 3298 1764 13703.272 1718.15 
682 3234 1839 13708.913 1719.582 
755 3124 1782 13679.406 1713.928 
670 3242 1852 13710.992 1718.453 
732 3142 1737 13645.608 1712.29 
684 3214 1861 13697.853 1718.097 
779 3038 1806 13634.54 1709.505 
714 3155 1744 13666.619 1716.646 
705 3189 1727 13668.792 1715.356 
690 3206 1840 13692.274 1718.788 
703 3169 1747 13664.672 1716.456 
762 3118 1799 13676.352 1715.455 
750 3110 1804 13672.095 1718.057 
801 3064 1793 13647.747 1709.042 
640 3285 1771 13693.266 1718.198 
733 3143 1736 13646.696 1712.414 
723 3159 1790 13688.208 1715.128 
735 3156 1732 13657.443 1713.015 
636 3286 1768 13691.587 1715.623 
683 3233 1849 13712.636 1719.227 
806 3060 1800 13652.263 1710.603 
797 3071 1801 13652.447 1711.249 
658 3248 1814 13701.336 1719.767 
714 3160 1740 13667.734 1714.112 
779 3102 1788 13662.432 1711.697 
703 3174 1738 13654.626 1714.373 
748 3129 1802 13685.29 1715.172 
780 3029 1807 13623.941 1708.199 
645 3270 1805 13704.4 1717.949 
790 3084 1781 13655.106 1708.881 
696 3185 1716 13660.176 1715.763 
647 3268 1805 13702.306 1718.388 
781 3092 1777 13658.286 1710.027 
758 3108 1794 13671.742 1716.004 
730 3150 1784 13677.274 1714.848 
654 3254 1814 13702.852 1717.746 
635 3279 1778 13683.852 1714.395 
694 3207 1844 13702.846 1718.552 
766 3105 1813 13677.873 1714.548 
679 3235 1848 13709.603 1718.115 
676 3243 1846 13716.371 1719.729 
757 3134 1786 13671.87 1712.953 
706 3169 1735 13655.821 1714.146 
720 3161 1760 13665.314 1714.643 
785 3089 1767 13647.096 1709.889 
764 3114 1774 13652.012 1709.639 
767 3106 1786 13656.822 1711.525 
740 3150 1770 13666.246 1711.018 
766 3106 1795 13651.483 1710.729 
795 3073 1778 13649.401 1709.832 
744 3136 1771 13660.907 1711.867 
776 3079 1819 13662.667 1713.331 
781 3040 1806 13629.197 1708.944 
642 3273 1785 13688.887 1717.741 
795 3047 1804 13650.599 1712.169 
716 3168 1724 13664.787 1715.571 
738 3139 1775 13659.297 1711.716 
666 3253 1846 13713.733 1719.67 
776 3080 1818 13663.561 1713.487 
793 3050 1805 13650.388 1710.651 
724 3136 1791 13669.216 1714.791 
732 3164 1735 13667.096 1716.051 
800 3044 1800 13650.311 1711.798 
704 3171 1717 13655.457 1715.79 
741 3131 1780 13676.912 1714.734 
747 3123 1771 13666.106 1715.352 
641 3275 1785 13689.758 1717.925 
787 3088 1769 13648.34 1709.928 
781 3093 1761 13648.317 1709.334 
684 3219 1849 13701.195 1717.846 
701 3181 1732 13658.191 1715.211 
733 3132 1772 13668.589 1713.334 
672 3225 1861 13699.72 1717.365 
731 3140 1782 13677.184 1716.181 
676 3225 1842 13701.028 1719.769 
806 3060 1799 13652.27 1710.603 
726 3168 1735 13661.446 1714.055 
681 3241 1843 13716.712 1719.569 
634 3286 1759 13688.989 1716.282 
780 3029 1807 13623.417 1708.216 
636 3278 1778 13683.93 1714.414 
792 3085 1770 13652.539 1709.245 
770 3115 1769 13655.256 1709.977 
