514 1845 1160 13703.623 1716.295 
496 1877 1143 13708.056 1714.543 
405 2034 1062 13817.882 1735.312 
379 2050 1079 13802.311 1733.888 
390 2038 1050 13808.457 1737.268 
510 1858 1189 13742.119 1720.217 
399 2026 1067 13805.284 1738.656 
363 2047 1059 13793.784 1735.965 
435 1977 1103 13769.047 1728.492 
444 1961 1092 13758.36 1726.935 
460 1925 1152 13762.422 1725.815 
440 1992 1100 13806.713 1737.401 
443 1940 1123 13743.901 1719.671 
445 1945 1110 13749.291 1725.131 
425 1991 1105 13791.714 1732.218 
473 1895 1178 13741.105 1720.555 
512 1850 1161 13704.903 1716.68 
412 2000 1090 13774.265 1731.765 
432 1983 1112 13782.78 1731.525 
494 1899 1167 13760.165 1724.025 
448 1942 1117 13747.893 1723.191 
489 1904 1142 13729.678 1717.809 
443 1972 1097 13765.873 1728.677 
418 2004 1070 13778.803 1730.514 
413 2019 1072 13795.335 1732.345 
443 1958 1096 13756.352 1729.13 
383 2043 1052 13797.519 1736.451 
428 1998 1096 13795.898 1735.437 
480 1876 1173 13721.616 1719.482 
392 2010 1082 13780.859 1729.111 
462 1925 1134 13756.019 1724.431 
447 1952 1087 13748.103 1724.793 
456 1928 1135 13751.814 1723.78 
418 2008 1067 13790.888 1730.941 
496 1884 1141 13712.728 1715.642 
470 1897 1173 13739.67 1720.5 
434 1993 1097 13785.234 1732.344 
420 1999 1090 13776.867 1732.177 
433 1984 1111 13783.631 1731.472 
497 1876 1143 13708.169 1714.559 
476 1909 1172 13746.005 1721.658 
446 1941 1118 13741.727 1720.987 
463 1917 1159 13743.562 1720.921 
467 1920 1141 13754.466 1724.392 
399 2022 1083 13776.989 1730.222 
505 1872 1175 13728.901 1717.313 
486 1903 1138 13735.354 1718.302 
497 1875 1135 13713.721 1715.109 
502 1865 1148 13722.711 1718.221 
455 1935 1143 13755.565 1722.162 
488 1869 1183 13728.302 1719.889 
386 2047 1059 13798.37 1735.318 
485 1905 1161 13753.019 1722.777 
503 1864 1155 13707.301 1717.643 
397 2040 1063 13810.061 1735.263 
401 2032 1075 13816.589 1736.652 
459 1914 1163 13753.764 1723.345 
468 1925 1157 13753.411 1722.637 
411 2009 1056 13781.971 1733.538 
398 2030 1076 13806.829 1734.26 
399 2016 1081 13799.564 1733.676 
489 1864 1177 13715.288 1716.713 
445 1968 1086 13766.459 1727.425 
403 2028 1061 13802.403 1736.919 
487 1870 1182 13727.372 1719.85 
474 1909 1172 13756.843 1723.931 
409 2023 1080 13809.806 1735.093 
475 1904 1167 13746.199 1723.595 
417 2009 1088 13805.447 1733.365 
381 2045 1086 13791.932 1734.616 
479 1913 1153 13759.715 1723.324 
407 2023 1065 13802.136 1735.859 
455 1930 1150 13754.935 1723.603 
506 1866 1162 13727.429 1717.422 
478 1907 1152 13755.273 1724.116 
402 2034 1068 13812.71 1736.197 
505 1867 1161 13726.368 1717.412 
382 2041 1084 13788.669 1734.636 
399 2036 1065 13815.883 1737.315 
455 1936 1140 13757.815 1724.558 
411 2027 1064 13807.965 1732.986 
411 2013 1068 13793.987 1733.107 
472 1915 1172 13753.31 1722.179 
404 2031 1065 13811.746 1734.969 
406 2028 1073 13805.713 1733.845 
403 2029 1065 13814.464 1733.958 
510 1859 1188 13742.953 1720.472 
382 2042 1083 13788.778 1734.7 
453 1938 1139 13758.55 1724.94 
452 1939 1139 13758.624 1724.95 
412 2012 1069 13793.82 1733.073 
452 1939 1138 13758.61 1724.952 
