761 3069 1793 13625.431 1705.201 
734 3120 1782 13653.378 1708.496 
745 3090 1786 13623.502 1705.726 
688 3116 1805 13638.499 1704.94 
714 3166 1761 13674.73 1711.146 
693 3103 1805 13622.028 1700.918 
744 3092 1785 13624.677 1706.173 
686 3232 1803 13712.331 1717.865 
687 3118 1805 13639.265 1705.179 
627 3305 1758 13724.359 1720.531 
713 3168 1761 13675.523 1711.184 
713 3169 1761 13675.761 1711.15 
713 3168 1760 13675.161 1711.246 
638 3289 1764 13717.395 1719.992 
660 3257 1802 13711.106 1719.098 
654 3274 1806 13718.786 1721.352 
716 3160 1757 13668.828 1710.561 
713 3153 1763 13660.282 1710.537 
660 3256 1803 13711.142 1719.102 
713 3162 1762 13671.244 1711.332 
724 3133 1776 13653.589 1710.089 
616 3303 1772 13705.201 1720.329 
658 3270 1818 13733.754 1721.619 
734 3109 1785 13629.209 1705.771 
644 3281 1775 13724.792 1721.083 
684 3228 1822 13713.107 1719.065 
694 3060 1816 13579.609 1699.867 
722 3147 1762 13666.84 1710.375 
692 3069 1814 13586.641 1700.324 
679 3247 1829 13721.39 1720.415 
643 3283 1793 13711.01 1720.727 
713 3167 1762 13675.16 1711.049 
667 3282 1800 13733.723 1720.77 
729 3145 1765 13672.234 1711.033 
635 3296 1782 13724.326 1721.324 
708 3161 1756 13665.898 1711.62 
646 3288 1785 13718.092 1719.935 
672 3254 1796 13712.193 1718.909 
672 3255 1796 13712.143 1718.916 
663 3267 1798 13713.898 1721.104 
671 3248 1812 13714.1 1720.192 
713 3169 1759 13676.279 1711.154 
760 3070 1793 13625.551 1705.23 
734 3109 1786 13629.198 1705.771 
635 3298 1779 13725.771 1721.097 
669 3236 1839 13715.993 1718.666 
653 3278 1803 13722.424 1719.999 
648 3286 1787 13714.22 1717.604 
718 3149 1754 13663.367 1710.022 
719 3045 1819 13586.832 1700.662 
662 3256 1812 13714.033 1718.693 
641 3285 1768 13720.64 1720.297 
707 3162 1756 13666.015 1711.637 
649 3285 1788 13714.534 1717.672 
764 3061 1790 13624.926 1705.101 
