1161 4919 2811 13595.073 1700.466 
956 5206 2693 13633.874 1710.972 
1060 5132 2823 13669.495 1715.376 
1071 5065 2832 13638.898 1711.274 
949 5205 2710 13629.061 1710.425 
1048 5142 2802 13669.257 1716.219 
977 5163 2742 13620.113 1707.316 
1080 5069 2801 13652.285 1712.804 
1103 5026 2754 13606.773 1703.04 
1132 4974 2791 13607.839 1704.693 
1009 5167 2735 13646.737 1712.885 
1013 5159 2749 13646.071 1712.655 
999 5181 2729 13649.916 1713.327 
1075 5061 2831 13638.068 1711.088 
961 5179 2735 13632.808 1711.371 
1000 5179 2720 13649.672 1713.366 
981 5181 2736 13635.465 1710.871 
1108 5008 2769 13605.819 1702.401 
970 5176 2740 13621.585 1709.637 
967 5166 2742 13620.291 1708.203 
972 5165 2748 13622.987 1708.049 
1032 5150 2782 13662.642 1714.586 
1151 4939 2823 13611.629 1702.678 
1069 5109 2825 13657.7 1713.518 
1079 5091 2815 13658.765 1714.503 
1118 4991 2777 13604.208 1703.735 
1146 4958 2826 13609.659 1703.15 
1095 5000 2804 13599.935 1701.934 
957 5186 2721 13623.227 1709.852 
1093 5021 2751 13607.65 1701.743 
1060 5128 2794 13665.784 1715.934 
1012 5159 2750 13646.06 1712.663 
961 5189 2727 13625.588 1709.76 
1122 4980 2784 13598.516 1701.081 
952 5196 2724 13624.329 1708.889 
1105 5014 2762 13601.639 1702.506 
1099 4993 2805 13596.765 1701.191 
1094 4994 2810 13598.063 1701.469 
1127 4977 2826 13616.13 1702.605 
1114 4994 2786 13603.001 1702.67 
1152 4927 2813 13607.09 1702.748 
1043 5150 2790 13663.792 1714.111 
1139 4964 2799 13610.774 1704.312 
1038 5147 2796 13662.993 1714.988 
1052 5134 2789 13664.75 1715.797 
1157 4922 2817 13603.861 1701.913 
1058 5112 2828 13660.37 1713.945 
1120 4989 2823 13614.966 1702.682 
1071 5107 2819 13661.381 1714.477 
1123 4986 2781 13606.006 1704.506 
1070 5101 2803 13661.958 1714.079 
1150 4948 2801 13602.088 1701.927 
1063 5120 2818 13667.244 1715.107 
1140 4972 2812 13615.201 1703.648 
1047 5149 2797 13668.006 1714.926 
979 5184 2735 13635.483 1710.902 
1107 5010 2751 13602.729 1702.251 
1078 5093 2805 13663.158 1714.761 
1072 5069 2823 13641.33 1711.025 
1069 5066 2829 13637.398 1711.117 
956 5189 2728 13626.204 1709.356 
953 5201 2720 13628.322 1710.723 
1149 4976 2806 13615.777 1703.986 
1152 4945 2791 13602.626 1702.924 
1127 4985 2762 13598.399 1701.257 
971 5164 2742 13624.294 1710.27 
1054 5140 2802 13666.849 1714.658 
1129 4980 2779 13607.216 1703.409 
1130 4982 2779 13608.004 1703.01 
1066 5117 2786 13662.983 1715.171 
1128 4960 2803 13601.574 1704.08 
1050 5157 2805 13666.515 1713.975 
1129 4979 2793 13608.879 1704.575 
1040 5113 2824 13651.777 1712.831 
1117 4985 2805 13600.939 1702.687 
1062 5120 2795 13664.312 1715.586 
1073 5113 2805 13659.074 1714.182 
1105 5003 2783 13606.697 1701.929 
1040 5138 2806 13660.333 1714.096 
1094 5020 2752 13607.601 1701.786 
1109 5008 2759 13607.942 1702.556 
1135 4968 2814 13609.183 1702.384 
1155 4925 2812 13607.08 1703.016 
1072 5069 2824 13641.329 1711.025 
1104 5017 2777 13609.398 1702.709 
1062 5116 2788 13658.844 1715.642 
1069 5107 2811 13661.843 1714.795 
1050 5137 2817 13667.403 1715.221 
1134 4972 2798 13610.367 1704.056 
1068 5108 2786 13659.596 1715.298 
1058 5139 2788 13666.354 1715.641 
1072 5065 2830 13638.767 1711.224 
1137 4967 2801 13609.291 1704.364 
