191 711 446 14271.951 1797.096 
219 652 496 14196.184 1786.542 
224 640 494 14165.624 1781.719 
90 757 379 13971.181 1760.363 
99 744 396 13989.086 1755.236 
227 642 492 14195.071 1783.045 
138 741 424 14150.958 1782.635 
172 691 470 14141.277 1784.369 
93 753 382 13973.867 1762.283 
100 747 391 13978.985 1760.949 
156 734 432 14185.333 1790.108 
192 706 452 14265.395 1796.435 
194 704 445 14244.998 1791.789 
159 738 431 14209.6 1792.826 
184 717 455 14263.575 1794.618 
169 723 438 14205.148 1793.177 
186 674 477 14145.904 1784.027 
173 690 471 14141.792 1784.4 
198 679 469 14179.402 1786.622 
96 754 392 13973.143 1757.18 
188 714 449 14254.662 1793.765 
224 646 486 14192.195 1783.847 
164 727 427 14161.674 1784.778 
215 657 492 14202.145 1786.79 
176 722 449 14248.346 1794.174 
178 685 474 14154.914 1784.265 
163 729 429 14184.009 1789.332 
178 714 457 14228.569 1793.443 
179 719 450 14234.474 1787.533 
204 668 483 14191.701 1786.249 
224 644 491 14182.668 1786.49 
159 728 435 14169.331 1790.637 
186 692 464 14215.135 1790.433 
205 682 459 14191.334 1787.461 
203 671 465 14159.09 1788.178 
207 672 481 14175.882 1785.745 
199 676 468 14180.386 1789.655 
190 708 448 14249.223 1795.249 
167 720 453 14224.889 1791.117 
175 718 455 14234.168 1791.942 
157 731 434 14171.392 1791.61 
220 653 480 14185.391 1788.151 
208 674 461 14161.948 1783.129 
183 698 460 14203.011 1791.477 
185 702 454 14178.071 1785.993 
158 731 436 14177.464 1789.351 
183 695 466 14185.97 1787.723 
179 703 457 14224.663 1796.868 
211 666 462 14166.565 1783.726 
195 700 455 14248.644 1796.877 
197 688 459 14200.734 1792.618 
96 750 393 13978.145 1757.819 
180 709 463 14219.084 1791.936 
96 744 386 13960.666 1761.939 
210 660 487 14195.852 1789.238 
92 753 388 13970.002 1758.388 
202 673 475 14207.707 1787.986 
214 662 485 14212.652 1789.502 
190 709 448 14249.694 1795.235 
189 707 453 14232.614 1791.884 
218 655 494 14207.193 1787.548 
187 712 450 14247.379 1792.283 
188 676 467 14182.726 1788.839 
158 730 442 14173.538 1790.257 
201 673 463 14157.648 1788.077 
170 713 460 14212.448 1791.866 
197 683 462 14169.396 1787.243 
191 696 459 14210.974 1787.117 
211 669 470 14166.029 1785.733 
199 694 459 14220.267 1790.323 
205 668 474 14176.212 1784.854 
203 684 466 14188.491 1786.41 
195 689 461 14194.077 1791.072 
95 745 385 13960.633 1761.938 
222 652 486 14191.023 1787.59 
164 726 428 14165.552 1785.039 
185 712 452 14253.207 1793.112 
218 661 488 14208.74 1788.646 
163 724 432 14184.232 1790.308 
94 754 383 13976.565 1760.38 
209 661 486 14195.511 1789.18 
217 654 488 14194.87 1790.554 
93 754 382 13975.629 1762.122 
94 754 386 13972.853 1758.891 
159 730 435 14175.096 1789.769 
218 653 488 14194.543 1790.547 
164 703 464 14176.171 1784.203 
225 640 493 14179.666 1785.292 
180 723 445 14255.538 1792.325 
189 707 449 14250.07 1793.369 
214 658 490 14199.995 1789.105 
219 659 491 14205.449 1787.191 
99 752 391 13994.28 1760.937 
