247 1405 730 13893.692 1741.707 
361 1213 747 13684.391 1707.249 
295 1347 787 13907.005 1745.091 
294 1356 768 13910.11 1746.815 
364 1210 748 13690.297 1711.021 
245 1398 736 13842.848 1734.47 
266 1381 709 13846.695 1738.84 
268 1379 722 13836.997 1736.957 
356 1233 762 13749.657 1723.949 
323 1273 742 13734.496 1725.001 
313 1320 767 13867.182 1739.947 
252 1386 747 13868.2 1732.014 
358 1215 747 13691.989 1712.257 
357 1232 763 13749.576 1723.928 
334 1253 743 13730.809 1726.287 
350 1234 761 13713.522 1714.668 
307 1333 756 13850.158 1734.777 
331 1255 751 13714.647 1713.936 
361 1213 744 13684.914 1710.127 
335 1242 720 13700.452 1722.662 
329 1267 755 13746.793 1723.93 
255 1388 727 13874.938 1739.953 
282 1364 781 13899.236 1742.596 
271 1375 729 13847.927 1736.988 
360 1213 749 13692.114 1711.967 
251 1396 736 13866.071 1739.269 
336 1241 721 13700.36 1722.644 
326 1267 734 13727.449 1726.257 
270 1374 731 13854.851 1740.537 
245 1398 735 13842.853 1734.47 
256 1383 750 13858.331 1735.714 
347 1245 732 13718.899 1716.992 
345 1235 748 13711.97 1719.292 
363 1211 747 13689.834 1710.96 
259 1386 738 13863.844 1736.334 
301 1336 774 13885.364 1743.517 
274 1372 722 13851.537 1740.194 
283 1363 780 13900.079 1742.736 
256 1392 733 13864.38 1736.835 
277 1371 712 13838.822 1738.571 
277 1370 783 13902.087 1743.235 
336 1250 716 13714.436 1721.431 
348 1236 758 13714.79 1714.11 
294 1348 786 13905.777 1744.971 
288 1352 771 13890.922 1745.984 
339 1252 744 13728.338 1715.259 
333 1258 740 13734.142 1725.001 
338 1253 710 13704.056 1719.704 
344 1245 744 13714.869 1718.331 
312 1330 777 13888.31 1741.397 
285 1369 768 13906.858 1746.101 
265 1384 740 13872.094 1738.434 
253 1397 745 13887.954 1739.125 
328 1256 741 13729.846 1725.205 
302 1324 778 13872.022 1741.531 
334 1263 738 13729.805 1720.616 
339 1254 722 13705.18 1716.933 
300 1342 778 13902.728 1745.782 
330 1266 747 13744.108 1724.002 
257 1390 743 13873.434 1740.278 
285 1361 779 13902.683 1744.49 
297 1353 769 13903.928 1745.77 
265 1383 749 13879.919 1739.124 
301 1339 772 13885.56 1743.754 
333 1262 742 13724.578 1725.135 
341 1239 746 13722.712 1719.843 
269 1374 763 13889.122 1742.014 
346 1236 759 13718.757 1715.209 
303 1333 763 13878.136 1742.08 
306 1329 775 13871.116 1741.662 
258 1381 728 13862.995 1739.98 
334 1256 741 13731.92 1724.873 
337 1253 746 13725.152 1720.597 
298 1347 776 13903.12 1744.202 
278 1370 743 13873.104 1740.111 
264 1385 729 13860.044 1736.113 
343 1247 743 13716.872 1718.792 
288 1361 769 13902.337 1743.868 
295 1346 770 13889.787 1745.378 
291 1356 781 13905.328 1744.936 
302 1330 768 13870.516 1742.288 
306 1331 773 13871.713 1741.557 
305 1331 765 13875.597 1741.918 
295 1349 775 13894.039 1743.908 
298 1337 779 13892.758 1743.291 
299 1345 770 13896.983 1746.121 
263 1386 728 13860.069 1736.117 
268 1378 747 13890.2 1741.88 
301 1338 769 13885.745 1744.554 
346 1241 758 13714.166 1715.153 
338 1255 730 13701.3 1716.471 
290 1349 784 13901.123 1742.605 
