224 632 451 14068.307 1768.911 
220 610 457 14006.673 1758.665 
156 698 376 13941.617 1749.265 
205 644 479 14097.345 1775.217 
150 694 377 13917.839 1749.483 
199 672 465 14168.296 1786.549 
129 730 394 14037.698 1771.712 
155 692 382 13925.73 1746.929 
194 673 458 14154.43 1784.582 
218 615 463 14014.042 1762.158 
206 653 476 14129.144 1776.254 
136 699 418 13983.709 1765.243 
157 690 387 13931.391 1748.353 
217 626 455 14021.486 1759.451 
167 686 441 14075.73 1766.959 
202 657 452 14099.297 1771.611 
130 723 396 14027.618 1768.682 
131 715 389 13998.617 1766.424 
175 685 451 14110.799 1772.001 
166 687 440 14074.825 1766.838 
147 696 380 13933.632 1751.686 
182 681 459 14123.325 1774.662 
179 675 449 14133.686 1781.122 
188 668 466 14144.276 1777.197 
143 695 403 13948.314 1755.879 
175 687 428 14109.062 1771.483 
175 687 427 14109.125 1771.491 
132 712 403 13997.14 1761.027 
133 710 407 14000.408 1762.734 
139 689 413 13955.557 1758.636 
200 667 455 14120.167 1778.878 
190 674 446 14153.256 1780.752 
197 657 469 14143.814 1779.862 
204 655 450 14083.148 1771.749 
154 691 385 13954.73 1754.349 
176 674 460 14080.099 1769.291 
217 622 466 14023.327 1758.63 
188 679 455 14135.777 1777.608 
140 700 386 13972.22 1763.763 
146 694 408 13962.578 1760.166 
208 646 433 14041.298 1766.833 
198 656 470 14143.913 1779.883 
138 700 403 13946.025 1753.741 
141 700 396 13977.03 1757.232 
153 693 379 13927.476 1749.422 
177 683 443 14118.804 1779.807 
143 690 394 13960.443 1761.819 
130 727 392 14031.23 1770.53 
214 638 457 14079.936 1777.956 
177 685 450 14099.281 1773.053 
209 645 440 14058.017 1767.938 
186 678 450 14111.571 1778.809 
144 697 398 13973.703 1759.218 
154 694 382 13930.62 1747.429 
189 675 453 14114.864 1778.54 
209 646 438 14046.28 1766.341 
205 656 442 14056.477 1765.088 
151 688 389 13935.561 1751.122 
140 702 396 13979.502 1757.786 
132 713 397 14003.709 1766.535 
213 644 444 14065.292 1768.198 
216 640 448 14065.683 1769.116 
135 709 399 13989.498 1762.731 
223 633 450 14069.195 1768.981 
210 634 467 14082.402 1777.208 
203 651 457 14125.23 1779.441 
212 649 446 14065.951 1766.07 
224 632 452 14068.276 1768.907 
136 706 392 13982.675 1763.574 
218 619 454 14001.671 1755.036 
156 698 377 13941.234 1749.171 
138 704 401 13989.736 1760.346 
139 706 395 14010.033 1762.33 
187 677 451 14114.094 1778.945 
130 725 394 14023.127 1770.291 
135 705 402 13982.731 1761.437 
219 634 446 14053.927 1768.136 
201 657 451 14109.64 1773.784 
136 704 400 13978.994 1760.524 
181 674 454 14121.923 1780.419 
156 691 386 13929.303 1748.237 
219 635 446 14067.844 1767.161 
217 640 449 14071.15 1769.009 
218 637 445 14055.068 1767.771 
137 706 398 13986.31 1760.135 
200 657 456 14110.708 1776.215 
203 652 459 14123.759 1778.33 
137 701 403 13975.855 1758.744 
148 694 395 13978.508 1760.317 
211 650 446 14066.377 1766.152 
217 642 444 14054.55 1769.127 
141 696 415 13947.002 1754.014 
