454 1859 1152 13696.748 1713.558 
471 1824 1142 13634.714 1704.964 
522 1780 1146 13668.309 1708.009 
377 2027 1062 13767.608 1728.275 
365 2047 1064 13800.69 1731.133 
391 2022 1106 13826.401 1736.64 
430 1925 1099 13726.102 1719.755 
398 2006 1091 13815.004 1733.581 
463 1842 1144 13651.931 1708.055 
436 1924 1125 13735.244 1721.454 
520 1793 1137 13668.188 1708.086 
423 1943 1127 13758.287 1723.423 
454 1896 1087 13718.298 1717.758 
390 2024 1105 13825.678 1736.436 
410 1962 1118 13753.698 1724.653 
462 1860 1149 13662.625 1709.867 
366 2045 1069 13808.264 1731.528 
521 1781 1146 13669.116 1707.887 
393 1963 1130 13746.369 1721.779 
400 2001 1114 13815.08 1732.973 
406 1988 1089 13788.388 1731.013 
378 2028 1073 13798.001 1727.706 
373 2036 1065 13803.447 1728.691 
439 1916 1114 13718.645 1720.248 
422 1955 1132 13778.488 1726.127 
518 1807 1152 13702.363 1710.545 
375 2026 1080 13791.971 1727.835 
408 1970 1109 13764.779 1725.06 
375 2030 1070 13797.224 1726.858 
406 1986 1094 13793.886 1732.546 
440 1913 1095 13712.92 1718.373 
417 1957 1129 13761.31 1721.362 
382 2002 1112 13777.603 1725.088 
416 1966 1119 13767.395 1723.32 
516 1808 1150 13701.334 1710.36 
417 1951 1137 13757.918 1724.352 
453 1873 1112 13694.975 1716.263 
374 2028 1079 13797.556 1728.345 
368 2034 1066 13791.441 1725.234 
458 1857 1138 13689.495 1712.811 
512 1815 1121 13678.037 1710.887 
445 1904 1096 13729.385 1719.034 
403 2000 1101 13810.128 1734.952 
482 1861 1135 13715.094 1714.996 
477 1869 1127 13718.53 1716.065 
485 1840 1133 13689.492 1709.145 
493 1847 1123 13699.614 1711.667 
413 1960 1107 13757.862 1724.549 
462 1842 1146 13669.038 1706.402 
447 1909 1110 13723.589 1719.23 
507 1816 1127 13691.36 1712.275 
403 1979 1108 13767.377 1723.802 
497 1827 1136 13683.704 1709.842 
391 2022 1107 13825.416 1736.529 
405 1994 1102 13807.025 1734.888 
503 1819 1128 13684.921 1711.424 
450 1881 1092 13675.095 1717.181 
445 1889 1123 13705.564 1714.305 
366 2001 1118 13776.364 1725.315 
456 1853 1145 13687.991 1713.533 
467 1847 1142 13677.286 1711.857 
407 1989 1096 13781.763 1727.891 
512 1809 1110 13680.724 1712.237 
446 1902 1097 13726.586 1719.224 
491 1865 1123 13720.977 1713.951 
461 1877 1134 13684.508 1713.059 
466 1862 1141 13681.768 1712.853 
494 1836 1137 13695.613 1711.256 
501 1815 1136 13675.908 1709.168 
379 2028 1062 13785.429 1724.648 
402 1999 1125 13814.715 1732.749 
442 1910 1113 13719.358 1719.425 
373 2033 1072 13789.589 1726.011 
461 1843 1145 13668.604 1706.377 
376 2029 1064 13791.351 1725.753 
484 1871 1126 13727.023 1717.358 
404 1997 1102 13805.671 1733.123 
496 1826 1138 13687.221 1712.227 
466 1853 1131 13694.198 1715.912 
508 1821 1119 13683.919 1710.674 
489 1844 1109 13710.241 1715.645 
501 1846 1125 13714.41 1713.839 
403 1966 1114 13768.167 1724.594 
454 1891 1089 13719.826 1717.24 
406 1981 1107 13783.408 1723.436 
449 1890 1101 13714.098 1717.715 
404 1995 1103 13803.432 1732.63 
498 1821 1128 13690.339 1711.357 
466 1878 1110 13708.725 1715.417 
449 1885 1102 13696.652 1717.842 
483 1871 1135 13718.394 1714.484 
443 1903 1112 13707.12 1719.662 
488 1845 1108 13709.377 1715.57 
464 1863 1103 13703.744 1717.861 
487 1837 1138 13684.919 1713.033 
