342 1282 812 13873.049 1738.693 
223 1410 730 13815.732 1729.571 
332 1318 788 13921.779 1749.895 
355 1275 799 13881.414 1740.408 
296 1341 741 13840.099 1735.877 
237 1409 751 13856.373 1734.915 
314 1327 792 13889.048 1746.544 
343 1290 787 13884.938 1746.615 
282 1363 733 13878.037 1741.787 
274 1365 789 13861.455 1733.314 
291 1348 745 13865.479 1742.584 
315 1337 781 13896.653 1744.188 
341 1295 806 13902.512 1741.741 
279 1339 757 13804.412 1727.224 
255 1375 775 13846.013 1731.17 
237 1409 750 13857.129 1734.998 
243 1390 757 13825.865 1728.212 
350 1278 807 13877.605 1737.774 
282 1363 732 13878.261 1741.833 
247 1393 746 13826.86 1733.485 
320 1314 801 13893.646 1745.178 
319 1325 798 13898.03 1744.948 
247 1377 770 13831.656 1729.247 
335 1300 807 13883.824 1741.783 
265 1369 754 13815.723 1728.293 
352 1278 801 13885.871 1740.227 
342 1296 805 13900.768 1743.62 
350 1279 806 13885.905 1738.859 
351 1291 803 13902.475 1743.061 
322 1314 799 13871.71 1738.853 
247 1386 754 13832.688 1733.355 
348 1292 798 13893.657 1742.9 
349 1281 806 13887.815 1739.28 
337 1303 799 13894.384 1742.422 
247 1386 755 13831.361 1733.113 
342 1298 804 13895.698 1741.644 
341 1299 800 13896.399 1743.2 
323 1317 797 13878.369 1742.821 
329 1315 797 13886.585 1742.952 
276 1356 765 13820.376 1730.128 
281 1364 734 13878.826 1741.776 
293 1343 749 13854.197 1739.921 
352 1275 812 13871.776 1738.6 
279 1339 758 13804.392 1727.22 
327 1324 783 13894.073 1743.283 
337 1319 794 13905.37 1745.037 
348 1291 807 13905.038 1742.573 
342 1304 796 13913.428 1744.59 
333 1298 783 13883.622 1745.635 
245 1394 756 13839.746 1733.515 
256 1374 777 13855.309 1733.94 
352 1275 806 13876.136 1737.367 
349 1280 810 13874.654 1738.996 
300 1340 748 13866.339 1739.288 
348 1286 811 13891.385 1740.93 
336 1297 798 13889.85 1743.683 
321 1332 780 13898.949 1745.212 
318 1335 782 13887.074 1744.745 
354 1273 812 13872.191 1738.681 
269 1368 792 13860.801 1733.089 
327 1324 783 13894.653 1743.22 
262 1373 768 13840.862 1730.45 
246 1379 769 13833.318 1729.674 
255 1377 742 13806.976 1727.539 
254 1388 768 13858.277 1732.865 
346 1293 803 13900.66 1742.756 
272 1367 790 13862.951 1733.528 
290 1348 746 13865.206 1742.445 
349 1276 807 13876.035 1738.284 
333 1306 814 13902.341 1745.361 
256 1376 748 13800.631 1725.887 
335 1310 802 13894.191 1743.113 
