635 2364 1396 13571.266 1697.931 
511 2657 1419 13738.579 1721.986 
649 2357 1435 13580.018 1699.082 
634 2363 1417 13568.582 1698.427 
468 2691 1357 13705.39 1716.113 
643 2347 1434 13577.168 1701.318 
622 2373 1452 13592.002 1702.696 
479 2677 1365 13701.998 1715.762 
592 2446 1423 13619.969 1707.12 
579 2516 1422 13675.387 1710.926 
472 2684 1360 13712.649 1718.162 
540 2623 1417 13730.405 1721.014 
499 2660 1385 13731.481 1718.838 
566 2554 1359 13644.106 1707.256 
544 2572 1434 13685.478 1712.674 
561 2551 1406 13682.185 1708.946 
520 2638 1397 13721.456 1720.059 
561 2557 1393 13688.786 1710.171 
572 2526 1405 13662.799 1711.518 
557 2586 1408 13701.689 1715.777 
494 2669 1400 13735.957 1719.884 
553 2547 1428 13680.536 1712.915 
477 2683 1364 13706.495 1716.645 
559 2561 1390 13690.888 1710.815 
569 2529 1401 13669.965 1712.264 
477 2684 1363 13706.547 1716.538 
497 2664 1395 13729.714 1721.135 
567 2538 1424 13678.738 1713.483 
601 2424 1417 13612.679 1707.598 
559 2555 1421 13695.438 1713.903 
519 2645 1390 13719.98 1718.904 
531 2635 1415 13734.852 1721.448 
626 2361 1439 13577.991 1702.745 
633 2362 1417 13574.668 1699.488 
623 2369 1450 13587.185 1704.93 
582 2525 1417 13679.121 1711.22 
567 2547 1411 13687.669 1710.336 
497 2664 1386 13732.12 1718.81 
560 2542 1391 13670.885 1711.297 
517 2648 1402 13732.694 1720.424 
611 2375 1449 13590.035 1704.501 
612 2386 1447 13596.115 1705.364 
594 2438 1422 13610.588 1706.316 
617 2389 1445 13602.928 1704.034 
642 2356 1450 13588.388 1700.055 
612 2383 1448 13595.015 1705.273 
549 2560 1418 13678.521 1711.047 
621 2372 1445 13600.344 1704.274 
573 2518 1423 13674.041 1711.879 
615 2400 1443 13605.043 1702.83 
597 2431 1430 13607.613 1706.365 
641 2361 1437 13584.356 1701.178 
572 2519 1422 13672.582 1711.734 
518 2654 1399 13730.37 1721.371 
611 2409 1408 13597.834 1703.392 
615 2406 1432 13608.607 1706.712 
638 2363 1416 13582.807 1701.624 
577 2523 1423 13682.118 1711.432 
557 2557 1420 13694.803 1713.811 
632 2372 1409 13588.932 1700.07 
612 2397 1441 13593.87 1706.63 
557 2558 1421 13695.931 1713.643 
605 2418 1436 13616.045 1706.901 
602 2420 1415 13600.92 1703.384 
631 2365 1436 13583.398 1698.594 
621 2402 1418 13599.695 1701.957 
608 2412 1430 13606.263 1706.482 
566 2523 1411 13677.364 1713.598 
621 2372 1446 13584.762 1703.014 
631 2394 1433 13612.374 1703.711 
643 2356 1435 13587.412 1700.516 
607 2406 1448 13601.269 1707.021 
553 2559 1415 13687.321 1712.712 
634 2374 1406 13587.344 1700.928 
517 2656 1399 13731.436 1721.645 
601 2426 1434 13615.883 1707.067 
512 2642 1417 13720.14 1719.98 
602 2413 1440 13607.931 1706.921 
610 2402 1435 13589.029 1701.697 
570 2527 1433 13680.045 1711.477 
609 2411 1406 13596.541 1703.219 
616 2399 1423 13591.102 1702.278 
622 2385 1443 13587.655 1703.612 
637 2361 1437 13582.932 1701.351 
516 2649 1401 13731.785 1720.414 
616 2399 1424 13590.943 1702.235 
595 2422 1436 13603.034 1705.204 
593 2443 1424 13617.78 1706.794 
632 2370 1433 13584.725 1701.611 
594 2423 1436 13602.906 1705.198 
593 2419 1442 13605.861 1706.784 
