484 1905 1230 13813.538 1728.477 
492 1883 1222 13791.573 1722.937 
376 2051 1108 13837.767 1737.901 
440 1957 1130 13783.949 1730.595 
425 2000 1145 13845.939 1735.164 
386 2053 1102 13831.674 1735.649 
372 2044 1118 13824.431 1736.14 
387 2047 1085 13823.534 1734.36 
502 1893 1215 13798.952 1726.328 
427 1980 1155 13785.073 1723.747 
431 1971 1152 13791.181 1725.415 
448 1960 1168 13810.027 1729.248 
489 1892 1224 13794.353 1724.795 
411 2011 1146 13829.993 1736.271 
442 1970 1164 13807.332 1728.034 
423 1995 1154 13831.774 1733.983 
429 1975 1141 13786.412 1726.665 
413 2006 1155 13836.997 1736.221 
461 1944 1176 13811.706 1730.404 
471 1930 1194 13794.322 1725.522 
464 1935 1187 13809.205 1729.086 
490 1887 1221 13789.065 1724.304 
396 2028 1095 13814.25 1731.73 
441 1950 1174 13804.43 1732.027 
422 1997 1151 13828.429 1734.558 
478 1921 1204 13805.009 1727.245 
478 1917 1217 13811.682 1727.063 
392 2036 1100 13800.544 1730.837 
444 1954 1186 13785.589 1726.014 
471 1929 1209 13810.894 1729.27 
458 1952 1191 13802.32 1726.335 
479 1915 1208 13812.883 1729.883 
419 2002 1152 13834.135 1733.022 
485 1911 1186 13796.61 1727.794 
380 2036 1108 13822.276 1735.828 
405 2017 1147 13826.118 1734.951 
390 2035 1098 13821.001 1732.241 
480 1927 1175 13792.388 1726.48 
454 1938 1192 13801.858 1728.633 
411 2012 1123 13825.304 1734.178 
400 2031 1090 13824.145 1736.092 
468 1933 1200 13797.041 1727.182 
383 2028 1112 13798.331 1730.598 
448 1955 1180 13805.632 1730.766 
446 1955 1185 13799.778 1729.537 
498 1901 1214 13804.35 1727.602 
457 1950 1198 13791.506 1728.074 
411 2015 1135 13822.99 1733.062 
467 1941 1184 13813.002 1730.574 
405 2023 1117 13831.896 1735.871 
400 2018 1131 13815.056 1733.503 
391 2035 1086 13806.634 1731.653 
389 2038 1094 13810.334 1731.982 
373 2041 1125 13803.578 1730.146 
487 1910 1217 13817.245 1729.432 
467 1933 1204 13807.362 1728.325 
467 1934 1194 13785.451 1724.208 
406 2017 1116 13821.054 1734.426 
465 1945 1166 13802.045 1728.672 
387 2038 1092 13824.398 1732.867 
418 2003 1159 13831.326 1734.861 
414 2009 1153 13832.184 1734.731 
411 2008 1139 13830.446 1735.609 
417 2008 1159 13833.616 1735.266 
475 1925 1208 13809.242 1728.967 
384 2027 1107 13808.266 1734.365 
456 1953 1168 13798.865 1728.025 
410 2014 1132 13818.225 1733.367 
445 1957 1166 13804.749 1730.003 
416 2012 1146 13820.105 1734.273 
484 1912 1224 13818.37 1728.956 
409 2011 1137 13830.223 1735.354 
483 1913 1223 13818.113 1728.926 
421 2000 1152 13831.598 1733.522 
412 2013 1115 13816.327 1733.877 
395 2030 1091 13809.362 1731.545 
469 1933 1177 13802.151 1728.426 
375 2033 1117 13792.021 1728.744 
402 2025 1129 13817.971 1733.385 
393 2027 1099 13813.273 1731.217 
495 1903 1220 13810.427 1727.469 
382 2030 1115 13799.126 1732.914 
409 2019 1137 13817.245 1733.061 
384 2033 1109 13816.145 1734.219 
481 1915 1218 13815.833 1728.73 
475 1927 1214 13807.45 1727.483 
391 2034 1092 13807.855 1731.438 
402 2010 1148 13819.248 1736.1 
411 2014 1114 13816.643 1733.952 
497 1902 1214 13804.169 1727.565 
487 1905 1229 13810.953 1727.419 
424 2003 1149 13828.181 1733.006 
448 1956 1184 13808.467 1728.445 
