229 1402 693 13788.764 1727.458 
278 1287 811 13784.995 1732.11 
259 1378 731 13828.014 1729.51 
302 1217 781 13639.872 1709.357 
227 1385 701 13761.905 1725.918 
301 1222 782 13647.736 1710.4 
312 1257 775 13730.919 1717.341 
326 1245 749 13693.057 1716.572 
247 1368 728 13803.092 1731.895 
255 1374 733 13800.815 1725.994 
269 1305 787 13767.614 1726.749 
239 1384 711 13778.634 1723.361 
289 1281 797 13782.889 1728.71 
280 1328 727 13777.758 1722.795 
313 1265 773 13750.66 1720.804 
285 1290 747 13730.735 1721.138 
263 1366 736 13819.033 1730.169 
301 1273 713 13713.541 1718.425 
284 1322 717 13792.45 1721.97 
260 1369 732 13809.663 1728.368 
265 1360 746 13824.466 1731.975 
289 1279 816 13781.355 1731.196 
277 1288 809 13783.414 1731.792 
319 1256 758 13724.625 1720.385 
268 1354 739 13810.524 1728.796 
259 1379 731 13827.51 1729.7 
294 1267 806 13758.538 1727.094 
291 1263 811 13746.13 1724.488 
285 1309 751 13741.792 1720.625 
316 1255 768 13736.749 1719.821 
295 1276 762 13726.162 1718.523 
231 1395 681 13781.291 1724.494 
231 1394 678 13783.037 1723.187 
233 1381 706 13784.189 1725.357 
232 1397 695 13778.389 1727.094 
234 1390 695 13782.917 1726.398 
280 1276 820 13767.124 1728.35 
323 1247 772 13721.712 1717.509 
238 1383 689 13775.486 1723.983 
252 1364 738 13806.734 1729.241 
300 1275 732 13722.252 1716.969 
268 1351 743 13819.893 1730.411 
328 1233 760 13722.573 1718.128 
291 1272 801 13779.832 1730.938 
267 1302 785 13761.58 1727.134 
296 1283 730 13732.714 1720.243 
282 1287 804 13777.694 1728.044 
265 1313 780 13768.391 1727.924 
268 1349 744 13804.798 1727.368 
238 1381 689 13784.197 1727.057 
282 1295 728 13745.437 1721.068 
274 1292 780 13770.055 1729.11 
279 1331 708 13759.915 1720.708 
235 1385 686 13762.794 1721.08 
294 1294 736 13741.846 1721.837 
288 1280 816 13779.374 1730.977 
256 1368 732 13811.584 1727.175 
292 1299 732 13720.154 1719.006 
233 1387 712 13779.491 1725.183 
279 1299 799 13778.345 1728.499 
266 1360 732 13821.368 1728.971 
327 1234 766 13697.629 1718.152 
278 1322 752 13765.07 1719.844 
324 1251 764 13730.79 1717.741 
298 1256 811 13737.132 1724.403 
294 1270 817 13754.686 1724.019 
270 1313 783 13773.297 1727.065 
321 1253 749 13743.709 1718.518 
298 1286 750 13742.737 1718.213 
293 1279 752 13726.273 1720.71 
267 1363 733 13815.651 1730.259 
232 1393 686 13780.098 1724.491 
330 1244 770 13708.211 1717.905 
326 1244 773 13721.08 1717.392 
319 1257 777 13729.295 1715.441 
272 1355 742 13822.714 1728.303 
321 1255 772 13736.29 1720.521 
235 1389 678 13784.878 1725.011 
266 1303 785 13761.566 1727.13 
283 1271 824 13769.761 1729.52 
295 1266 807 13758.506 1727.093 
277 1348 759 13820.889 1730.535 
239 1384 710 13778.656 1723.349 
