929 5228 2683 13643.718 1712.259 
910 5257 2691 13651.743 1711.375 
968 5168 2604 13608.292 1703.158 
1138 4870 2734 13564.284 1696.303 
1067 4943 2672 13556.964 1695.835 
914 5255 2718 13653.674 1711.812 
907 5257 2701 13644.493 1709.652 
1036 5068 2838 13626.765 1706.228 
1058 5010 2793 13601.599 1704.972 
1103 4913 2686 13568.918 1699.789 
1078 4955 2665 13565.696 1698.111 
999 5129 2658 13610.549 1702.413 
1135 4896 2741 13572.706 1697.315 
1120 4936 2736 13587.399 1699.104 
1078 4946 2664 13563.061 1698.232 
1060 5017 2803 13604.778 1704.753 
1126 4906 2735 13571.681 1697.387 
970 5164 2641 13610.252 1703.782 
1116 4931 2739 13583.185 1699.116 
1137 4884 2758 13577.567 1697.808 
1064 5023 2829 13607.301 1703.574 
966 5165 2623 13607.957 1703.018 
1119 4941 2744 13585.819 1699.08 
1041 5048 2820 13613.311 1703.549 
996 5141 2775 13650.099 1709.076 
1123 4923 2739 13584.94 1699.352 
917 5249 2709 13651.381 1711.508 
1053 5043 2809 13610.418 1702.922 
967 5197 2622 13617.979 1704.896 
986 5162 2678 13629.319 1706.485 
1038 5052 2789 13615.4 1705.889 
989 5155 2662 13625.793 1706.476 
1011 5074 2825 13620.523 1703.855 
955 5198 2645 13620.776 1704.223 
995 5149 2778 13646.508 1707.406 
1000 5115 2763 13637.827 1708.163 
1023 5062 2801 13632.38 1706.973 
1114 4887 2696 13567.682 1699.771 
998 5147 2780 13647.155 1707.53 
919 5235 2665 13637.736 1709.548 
1015 5067 2809 13631.39 1706.936 
1043 5088 2752 13630.571 1707.951 
1059 5050 2767 13632.872 1708.325 
1004 5125 2739 13627.457 1704.925 
1056 5040 2823 13616.102 1704.427 
965 5173 2711 13635.994 1708.957 
1105 4911 2687 13568.772 1699.753 
973 5139 2681 13617.58 1709.207 
962 5146 2726 13629.729 1708.749 
957 5195 2645 13620.595 1704.204 
1048 5052 2817 13621.527 1704.437 
1050 5031 2796 13607.047 1704.812 
1087 4943 2667 13563.746 1697.693 
1025 5090 2820 13636.232 1706.55 
953 5188 2694 13635.062 1709.115 
1013 5104 2745 13640.326 1708.817 
933 5218 2719 13644.232 1711.027 
944 5208 2702 13636.724 1710.072 
931 5180 2722 13641.964 1710.709 
937 5213 2705 13643.148 1710.573 
946 5182 2723 13638.633 1709.734 
1080 4945 2662 13565.369 1697.955 
942 5187 2732 13638.291 1709.91 
1033 5083 2788 13623.591 1705.22 
1049 5082 2750 13624.962 1704.659 
1049 5029 2797 13607.501 1705.432 
948 5164 2745 13643.74 1710.431 
1132 4889 2733 13575.343 1697.927 
1047 5059 2789 13616.266 1704.722 
1012 5078 2779 13633.452 1706.634 
1136 4885 2758 13577.459 1697.801 
1028 5123 2765 13635.268 1705.238 
926 5230 2685 13645.235 1711.839 
1030 5107 2786 13632.498 1707.138 
1050 5073 2782 13630.302 1706.762 
950 5201 2699 13644.74 1710.047 
982 5149 2752 13641.356 1708.066 
1029 5082 2795 13619.75 1705.404 
1012 5121 2731 13640.308 1708.746 
924 5231 2700 13645.128 1710.891 
1119 4928 2717 13584.658 1699.531 
1049 5024 2813 13609.702 1704.944 
939 5203 2696 13639.265 1709.55 
928 5222 2714 13639.764 1710.662 
928 5211 2689 13641.514 1712.092 
1015 5054 2791 13623.53 1707.48 
936 5231 2672 13642.84 1709.512 
1057 5055 2708 13611.45 1705.18 
963 5142 2752 13640.883 1711.184 
1059 5027 2792 13611.599 1705.084 
1000 5128 2660 13610.547 1702.414 
972 5141 2682 13618.205 1709.295 
935 5209 2733 13642.259 1710.212 
957 5159 2715 13609.449 1704.428 
999 5090 2784 13638.883 1708.579 
1029 5108 2785 13632.241 1707.1 
1086 4944 2667 13563.744 1697.683 
932 5224 2697 13640.233 1711.524 
977 5131 2693 13636.263 1709.389 
