641 2485 1507 13722.837 1717.547 
501 2685 1431 13759.614 1724.827 
609 2546 1558 13764.704 1725.019 
543 2667 1440 13794.369 1731.432 
623 2511 1518 13726.572 1717.104 
640 2477 1518 13713.533 1718.052 
636 2502 1535 13744.154 1719.043 
629 2506 1552 13751.232 1721.493 
614 2527 1502 13727.115 1717.418 
623 2510 1531 13737.496 1721.113 
600 2554 1546 13757.309 1723.94 
553 2642 1482 13789.17 1730.326 
631 2509 1543 13739.665 1721.131 
617 2526 1520 13761.979 1724.414 
538 2649 1470 13785.759 1728.858 
579 2568 1501 13754.096 1720.72 
606 2539 1536 13750.949 1725.245 
550 2638 1484 13788.001 1728.356 
583 2567 1507 13748.764 1722.821 
524 2657 1477 13772.761 1727.538 
517 2676 1454 13765.364 1726.165 
533 2654 1454 13784.19 1728.538 
608 2547 1557 13764.883 1725.06 
504 2669 1463 13760.392 1725.702 
542 2668 1440 13793.77 1731.358 
585 2584 1479 13763.618 1726.465 
515 2662 1465 13750.455 1723.676 
599 2562 1534 13770.549 1725.495 
615 2520 1536 13747.8 1723.466 
613 2539 1528 13742.687 1721.074 
613 2534 1540 13743.042 1722.059 
610 2528 1550 13750.619 1723.006 
614 2523 1545 13742.038 1722.599 
621 2518 1535 13740.714 1722.021 
612 2534 1549 13758.236 1723.136 
582 2566 1514 13753.06 1724.123 
506 2684 1436 13758.731 1724.872 
519 2666 1441 13766.264 1725.631 
574 2575 1500 13763.667 1725.137 
570 2603 1483 13774.762 1726.822 
555 2655 1433 13792.839 1729.935 
568 2584 1492 13758.535 1724.184 
594 2556 1542 13760.381 1725.041 
547 2644 1449 13769.444 1728.081 
532 2654 1469 13769.135 1726.047 
594 2565 1535 13767.454 1725.388 
559 2619 1481 13773.823 1726.627 
571 2579 1497 13767.049 1726.213 
556 2624 1490 13781.303 1726.948 
563 2624 1474 13790.196 1729.159 
555 2640 1441 13783.124 1729.442 
567 2618 1467 13767.275 1726.745 
562 2625 1473 13789.822 1729.106 
574 2613 1479 13773.865 1727.926 
529 2658 1459 13782.137 1729.387 
576 2610 1469 13768.579 1726.912 
619 2516 1535 13742.497 1722.144 
541 2646 1489 13782.942 1728.365 
513 2665 1456 13762.14 1725.75 
526 2648 1476 13766.511 1726.412 
554 2634 1455 13777.776 1728.963 
572 2619 1461 13782.267 1729.101 
545 2635 1485 13779.322 1727.707 
544 2648 1443 13767.875 1727.149 
584 2587 1486 13764.146 1727.309 
580 2573 1494 13765.054 1723.154 
554 2656 1432 13793.018 1729.96 
616 2521 1527 13742.537 1722.185 
508 2662 1459 13758.854 1725.886 
574 2598 1472 13762.668 1728.117 
581 2572 1495 13764.948 1723.13 
556 2644 1437 13778.382 1728.733 
567 2612 1462 13775.641 1727.536 
511 2662 1458 13762.429 1723.444 
506 2664 1479 13760.123 1726.312 
557 2642 1442 13782.456 1728.541 
542 2644 1475 13777.995 1729.842 
510 2661 1464 13758.803 1724.859 
576 2594 1482 13768.401 1726.498 
564 2586 1488 13741.188 1723.089 
562 2634 1448 13780.324 1729.196 
580 2598 1468 13770.337 1726.175 
578 2579 1512 13754.032 1723.973 
622 2525 1534 13741.849 1721.127 
507 2668 1458 13761.806 1725.799 
582 2566 1513 13753.809 1724.238 
578 2588 1479 13751.125 1723.875 
565 2622 1445 13765.445 1727.435 
567 2622 1471 13766.943 1725.29 
544 2643 1447 13783.933 1728.811 
548 2630 1487 13775.481 1726.434 
529 2657 1448 13785.646 1728.361 
548 2630 1488 13775.146 1726.368 
546 2633 1485 13778.544 1727.593 
571 2602 1485 13774.898 1726.906 
565 2622 1446 13765.429 1727.433 
