787 3897 2106 13694.242 1721.901 
862 3694 2259 13635.928 1709.151 
769 3912 2080 13687.35 1720.279 
917 3639 2171 13618.67 1704.917 
819 3856 2141 13708.583 1719.422 
821 3833 2057 13663.331 1717.713 
918 3632 2171 13612.114 1705.178 
917 3633 2170 13611.96 1705.169 
805 3860 2075 13671.448 1718.845 
912 3680 2178 13645.998 1706.459 
905 3640 2214 13626.847 1707.462 
829 3830 2150 13700.168 1718.292 
833 3746 2222 13651.502 1711.454 
810 3839 2078 13675.893 1720.342 
886 3667 2186 13620.762 1709.173 
830 3815 2119 13686.419 1715.74 
838 3737 2223 13649.946 1711.957 
804 3835 2094 13679.332 1719.662 
802 3876 2102 13691.891 1720.485 
827 3798 2153 13685.906 1716.309 
898 3673 2166 13634.082 1707.064 
871 3684 2251 13642.931 1710.197 
805 3847 2147 13694.251 1716.781 
845 3808 2138 13701.377 1719.457 
822 3786 2179 13662.619 1714.118 
789 3887 2089 13686.42 1719.629 
879 3694 2241 13644.854 1710.535 
800 3868 2107 13684.716 1718.262 
850 3762 2194 13657.845 1712.482 
840 3789 2156 13666.662 1713.447 
824 3786 2160 13674.686 1714.232 
836 3730 2226 13636.515 1710.482 
880 3661 2196 13623.344 1708.482 
779 3910 2099 13693.623 1720.803 
854 3720 2236 13643.142 1708.873 
845 3810 2134 13693.846 1717.832 
872 3685 2250 13643.852 1710.375 
845 3753 2197 13653.367 1712.128 
788 3890 2097 13689.594 1720.672 
878 3698 2214 13642.07 1708.682 
855 3747 2203 13664.757 1712.652 
840 3766 2192 13658.666 1713.668 
785 3863 2111 13676.691 1717.103 
852 3738 2211 13663.121 1712.62 
832 3781 2178 13664.947 1714.628 
820 3841 2158 13697.581 1717.355 
847 3804 2137 13690.468 1717.552 
908 3652 2208 13630.548 1706.975 
890 3656 2197 13627.6 1708.67 
842 3776 2143 13674.817 1713.364 
889 3686 2169 13641.469 1707.899 
771 3870 2111 13673.278 1716.376 
795 3879 2093 13683.955 1720.545 
912 3634 2206 13631.556 1708.3 
831 3788 2168 13661.253 1713.05 
883 3656 2222 13624.2 1706.911 
872 3713 2175 13641.713 1709.606 
883 3656 2230 13617.519 1706.919 
886 3693 2121 13637.68 1709.097 
868 3719 2228 13660.284 1713.098 
848 3770 2147 13682.715 1714.714 
855 3766 2152 13672.384 1714.871 
794 3859 2126 13686.949 1715.343 
916 3669 2205 13641.802 1708.116 
854 3800 2128 13688.074 1717.748 
842 3716 2243 13633.959 1708.765 
790 3881 2106 13683.42 1720.429 
775 3906 2080 13687.624 1720.959 
856 3696 2231 13624.889 1709.2 
913 3633 2207 13632.045 1708.405 
859 3789 2126 13687.828 1716.689 
868 3733 2165 13651.63 1710.323 
820 3839 2159 13696.687 1717.2 
837 3800 2157 13681.699 1715.552 
794 3881 2092 13677.558 1718.619 
854 3699 2244 13639.248 1710.223 
896 3657 2193 13634.59 1709.477 
774 3907 2079 13687.673 1720.968 
780 3900 2095 13682.318 1720.475 
882 3701 2173 13634.761 1707.741 
862 3694 2258 13635.959 1709.145 
860 3710 2232 13638.569 1708.859 
782 3899 2108 13688.169 1721.702 
857 3713 2230 13654.262 1712.637 
854 3751 2188 13655.946 1712.173 
885 3694 2120 13637.301 1709.046 
822 3771 2189 13655.957 1712.382 
839 3795 2156 13674.909 1715.644 
846 3791 2140 13683.572 1715.627 
869 3718 2228 13660.229 1713.097 
856 3733 2197 13646.919 1710.312 
781 3866 2117 13676.582 1716.466 
837 3731 2232 13640.606 1710.23 
881 3702 2172 13634.288 1707.673 
821 3773 2188 13656.584 1712.51 
879 3706 2152 13640.757 1707.159 
