465 2708 1381 13734.252 1721.487 
622 2473 1436 13634.457 1706.684 
443 2731 1365 13734.224 1720.546 
584 2502 1435 13627.461 1702.519 
578 2490 1447 13620.108 1706.468 
586 2480 1463 13637.884 1703.997 
597 2463 1439 13633.927 1708.666 
468 2703 1344 13722.172 1720.296 
457 2715 1380 13736.798 1719.834 
519 2597 1392 13679.498 1715.22 
539 2615 1353 13697.959 1715.701 
512 2625 1382 13699.975 1715.526 
517 2602 1363 13665.982 1709.445 
618 2478 1439 13631.427 1705.051 
550 2581 1374 13670.882 1709.808 
535 2573 1402 13670.428 1713.929 
510 2645 1410 13721.1 1720.07 
480 2671 1359 13700.455 1716.862 
468 2700 1379 13732.027 1721.363 
500 2655 1379 13718.31 1718.529 
605 2465 1450 13627.732 1707.165 
475 2660 1390 13695.003 1714.467 
469 2693 1376 13724.852 1719.87 
467 2691 1387 13724.608 1719.496 
589 2485 1432 13625.159 1704.579 
546 2555 1421 13661.907 1711.396 
481 2676 1355 13710.476 1717.406 
484 2674 1371 13706.265 1716.059 
585 2527 1415 13657.94 1707.108 
559 2516 1455 13642.328 1705.25 
591 2470 1461 13629.943 1705.867 
567 2524 1443 13668.646 1710.923 
522 2586 1400 13668.994 1714.398 
552 2544 1403 13656.812 1712.782 
506 2646 1379 13713.902 1717.406 
550 2546 1404 13655.927 1712.701 
453 2721 1366 13732.195 1718.89 
498 2654 1389 13704.517 1717.267 
604 2497 1428 13647.151 1708.408 
572 2534 1425 13654.922 1710.592 
547 2599 1376 13687.515 1715.841 
533 2565 1416 13652.266 1710.726 
566 2498 1451 13638.354 1703.276 
485 2666 1368 13700.324 1716.233 
540 2569 1389 13665.915 1714.212 
537 2572 1396 13636.34 1706.122 
472 2685 1382 13721.495 1719.008 
476 2684 1379 13719.071 1720.741 
491 2654 1392 13691.732 1714.11 
578 2492 1442 13644.857 1707.477 
475 2679 1380 13716.723 1720.484 
495 2653 1385 13709.592 1717.286 
581 2482 1438 13620.537 1702.746 
575 2493 1453 13637.992 1705.832 
569 2510 1444 13637.034 1704.986 
475 2685 1378 13718.28 1720.573 
552 2521 1446 13630.04 1708.133 
580 2494 1433 13637.207 1707.904 
537 2564 1408 13656.27 1709.279 
540 2565 1418 13646.894 1708.245 
619 2490 1431 13649.252 1708.97 
538 2563 1397 13654.922 1710.477 
553 2556 1423 13655.693 1709.9 
538 2591 1393 13698.717 1716.629 
543 2549 1392 13647.543 1712.156 
486 2661 1384 13699.153 1715.731 
499 2650 1381 13709.418 1715.473 
581 2489 1437 13621.78 1704.286 
479 2684 1386 13719.574 1720.056 
481 2665 1377 13707.177 1716.455 
559 2579 1390 13691.148 1714.157 
597 2510 1430 13649.811 1708.229 
480 2671 1363 13707.295 1716.12 
560 2537 1442 13653.356 1710.245 
574 2488 1444 13640.109 1705.013 
561 2539 1434 13655.22 1708.514 
586 2481 1442 13633.574 1706.566 
538 2617 1353 13698.779 1715.769 
543 2541 1432 13636.791 1705.552 
556 2538 1435 13652.276 1709.962 
563 2544 1420 13656.194 1710.122 
565 2547 1422 13649.973 1709.136 
488 2648 1393 13690.603 1715.648 
569 2512 1431 13628.681 1704.411 
545 2552 1411 13648.108 1711.584 
546 2552 1411 13648.058 1711.578 
565 2529 1431 13645.447 1709.71 
571 2503 1437 13629.168 1706.945 
489 2647 1393 13690.56 1715.635 
542 2554 1429 13652.506 1710.403 
543 2549 1393 13647.717 1711.977 
571 2501 1458 13636.366 1702.731 
551 2560 1409 13642.868 1706.925 
541 2550 1431 13641.017 1709.21 
