1163 4903 2777 13602.494 1703.179 
1141 4912 2776 13580.686 1700.824 
1076 4984 2861 13610.843 1703.681 
1002 5168 2766 13654.864 1706.811 
1150 4922 2747 13581.463 1699.764 
987 5163 2757 13649.175 1707.071 
1050 5122 2805 13679.256 1712.004 
1128 4954 2711 13592.938 1701.883 
1135 4933 2744 13581.721 1701.046 
1105 4981 2735 13608.16 1701.257 
1126 4924 2730 13584.889 1701.111 
1027 5141 2807 13676.401 1711.157 
1050 5108 2808 13669.819 1710.479 
1072 5013 2855 13619.49 1704.748 
1127 4938 2729 13596.706 1701.106 
1127 4956 2711 13593.267 1701.885 
1151 4914 2757 13590.876 1701.878 
1057 5059 2750 13633.468 1709.338 
1080 4998 2835 13606.092 1702.568 
1014 5157 2776 13659.396 1707.639 
1092 4996 2842 13621.895 1708.303 
1159 4906 2782 13604.286 1703.932 
1120 4976 2786 13611.531 1705.625 
1046 5089 2814 13639.39 1706.516 
1147 4910 2773 13596.993 1703.421 
1045 5045 2846 13616.604 1705.225 
1020 5143 2764 13663.45 1709.223 
1041 5124 2798 13665.441 1709.113 
1121 4951 2806 13609.272 1704.447 
1001 5152 2720 13637.526 1708.602 
1097 4991 2832 13616.669 1706.978 
1063 5040 2815 13629.456 1708.231 
1047 5126 2795 13648.295 1707.269 
1058 5059 2752 13633.406 1709.301 
1036 5136 2789 13656.102 1706.922 
1039 5057 2816 13622.709 1707.797 
1082 5021 2827 13621.164 1706.136 
1142 4918 2768 13600.02 1704.866 
1029 5113 2817 13654.5 1707.609 
1152 4908 2777 13594.452 1703.352 
1066 4994 2853 13613.899 1705.591 
1001 5153 2719 13637.881 1708.696 
1089 5000 2766 13620.107 1704.983 
1156 4904 2784 13601.929 1703.745 
1103 4980 2760 13606.443 1701.138 
1060 5094 2770 13632.788 1705.358 
1016 5148 2797 13672.18 1710.868 
1052 5121 2781 13652.566 1706.785 
1056 5071 2797 13643.395 1707.7 
1069 5053 2788 13632.439 1708.344 
1027 5120 2826 13660.606 1707.639 
1030 5159 2762 13663.418 1708.476 
1030 5076 2833 13626.152 1707.397 
1067 5073 2762 13629.577 1704.365 
1060 5076 2820 13651.209 1707.514 
1123 4966 2758 13609.325 1703.787 
1087 4993 2859 13620.133 1705.416 
1157 4912 2767 13602.102 1703.083 
1047 5083 2836 13636.28 1705.856 
1079 5029 2850 13638.844 1707.556 
1100 4994 2755 13614.793 1704.251 
1019 5142 2800 13672.246 1710.751 
1050 5108 2807 13669.61 1710.484 
1124 4964 2758 13608.872 1703.762 
1099 4978 2857 13620.1 1705.313 
1075 5033 2805 13624.744 1707.664 
1032 5098 2833 13637.283 1706.089 
1044 5097 2813 13660.799 1708.815 
1048 5133 2788 13659.782 1707.106 
1057 5107 2788 13638.547 1706.436 
1053 5084 2789 13645.927 1707.485 
1029 5125 2803 13665.385 1710.949 
1071 5032 2822 13638.825 1706.735 
1069 5019 2851 13621.56 1705.164 
1036 5142 2778 13645.423 1707.769 
1056 5034 2831 13614.73 1703.793 
1063 5080 2806 13649.809 1707.595 
1084 5037 2769 13635.32 1708.076 
1089 4988 2850 13621.114 1705.612 
1080 5037 2803 13637.549 1706.195 
1148 4919 2766 13598.072 1703.202 
1084 5015 2826 13625.24 1708.682 
1035 5099 2821 13648.249 1707.283 
1101 4993 2756 13614.987 1704.296 
1018 5146 2799 13672.622 1710.927 
1056 5071 2798 13643.372 1707.7 
1050 5054 2824 13638.236 1708.914 
1035 5137 2788 13656.024 1706.917 
1121 4974 2787 13611.445 1705.618 
1085 5037 2768 13635.347 1708.082 
1033 5082 2823 13649.591 1708.362 
1151 4913 2765 13598.227 1703.132 
1084 4983 2861 13616.517 1704.866 
