1038 4261 2547 13621.932 1706.763 
1042 4284 2527 13626.582 1707.78 
913 4493 2466 13653.172 1713.176 
882 4514 2393 13645.279 1710.358 
985 4333 2537 13633.376 1706.644 
949 4447 2448 13644.113 1712.117 
942 4371 2513 13633.238 1708.901 
988 4395 2462 13633.74 1708.089 
898 4497 2440 13642.036 1711.456 
932 4373 2494 13622.885 1707.023 
992 4336 2491 13635.848 1710.032 
945 4442 2455 13640.819 1712.128 
1016 4326 2519 13631.16 1709.669 
1002 4330 2532 13638.634 1708.788 
969 4352 2478 13629.108 1708.892 
999 4350 2517 13641.768 1709.995 
940 4456 2453 13646.621 1711.95 
958 4357 2483 13627.881 1708.868 
969 4352 2479 13629.141 1708.89 
1005 4340 2527 13636.544 1709.906 
1034 4281 2540 13626.774 1709.111 
944 4455 2463 13649.713 1712.889 
1029 4309 2531 13634.565 1708.572 
914 4492 2466 13653.056 1713.164 
1036 4274 2543 13628.378 1707.435 
951 4432 2438 13635.347 1711.093 
950 4437 2451 13616.407 1705.757 
950 4428 2444 13634.216 1711.045 
1031 4296 2540 13633.028 1709.168 
996 4397 2478 13639.182 1707.622 
919 4493 2445 13646.883 1711.56 
932 4467 2429 13641.233 1711.406 
938 4458 2455 13645.632 1711.696 
1015 4305 2563 13637.275 1708.961 
930 4470 2449 13650.218 1712.837 
892 4499 2403 13645.085 1711.324 
1037 4275 2536 13623.411 1707.058 
995 4311 2483 13630.787 1710.492 
916 4487 2457 13647.345 1712.416 
896 4509 2401 13651.126 1711.423 
887 4513 2401 13646.342 1710.114 
1013 4331 2525 13634.693 1710.341 
886 4498 2410 13645.634 1711.714 
1022 4317 2521 13633.751 1708.259 
885 4502 2414 13647.52 1711.651 
1040 4272 2530 13623.755 1707.514 
886 4513 2399 13646.906 1710.214 
986 4358 2530 13649.489 1708.038 
943 4461 2446 13649.6 1712.726 
916 4487 2458 13647.313 1712.408 
882 4514 2394 13644.863 1710.311 
931 4469 2431 13641.744 1711.395 
903 4498 2407 13647.962 1711.179 
1001 4337 2527 13636.712 1709.414 
1006 4338 2527 13635.78 1709.817 
924 4478 2456 13650.588 1712.818 
896 4512 2402 13650.413 1712.166 
1030 4299 2515 13633.045 1708.159 
942 4462 2446 13649.697 1712.75 
1010 4330 2499 13637.997 1709.196 
898 4507 2390 13646.291 1710.912 
918 4494 2448 13648.464 1711.829 
925 4476 2464 13652.726 1713.553 
985 4410 2454 13633.458 1708.967 
930 4477 2456 13647.209 1711.504 
912 4495 2466 13653.79 1713.219 
1026 4302 2569 13638.677 1708.68 
1021 4319 2562 13644.089 1710.174 
948 4363 2489 13616.649 1706.024 
904 4496 2450 13650.795 1712.175 
1033 4283 2537 13625.512 1708.784 
978 4426 2444 13637.484 1707.974 
917 4480 2465 13651.885 1712.629 
1015 4323 2578 13642.045 1707.44 
923 4483 2464 13653.858 1713.875 
901 4502 2423 13648.352 1711.287 
928 4480 2439 13652.909 1712.441 
898 4506 2408 13649.297 1710.968 
885 4517 2390 13647.728 1710.807 
