975 5281 2698 13686.71 1714.77 
1125 4992 2751 13608.276 1700.128 
1129 4978 2757 13606.864 1701.95 
1145 4961 2775 13606.866 1702.192 
1003 5234 2670 13670.705 1710.529 
967 5305 2700 13691.68 1714.241 
1097 5065 2829 13642.829 1706.322 
1124 5020 2799 13619.347 1703.608 
1047 5168 2721 13668.056 1712.964 
1116 5029 2813 13629.641 1705.15 
1137 4973 2769 13611.9 1701.186 
1119 5040 2809 13630.215 1704.58 
1072 5096 2814 13644.462 1706.743 
1005 5230 2680 13669.508 1710.418 
1128 4985 2755 13610.185 1702.327 
1076 5121 2770 13644.99 1707.075 
1017 5178 2759 13658.665 1709.793 
1083 5117 2782 13651.337 1707.86 
1000 5258 2707 13683.982 1712.699 
1015 5200 2747 13662.531 1709.512 
1094 5078 2790 13638.821 1706.073 
1105 5060 2796 13637.316 1706.682 
1081 5088 2797 13646.428 1708.661 
1126 4991 2762 13615.096 1701.585 
1082 5117 2780 13651.204 1707.891 
1102 5059 2817 13640.517 1706.792 
1002 5237 2714 13678.478 1712.403 
1106 5068 2810 13640.053 1705.624 
969 5299 2699 13690.199 1714.116 
1096 5082 2788 13640.442 1705.639 
1008 5215 2691 13669.242 1712.702 
980 5280 2715 13688.356 1714.266 
1110 5051 2812 13641.9 1707.092 
1099 5075 2794 13638.823 1706.516 
1012 5222 2730 13667.736 1710.705 
1144 4962 2774 13606.973 1702.106 
1045 5175 2734 13666.478 1711.196 
1077 5106 2808 13649.342 1706.65 
1078 5112 2789 13648.215 1707.161 
1018 5210 2730 13676.993 1713.789 
999 5200 2751 13661.732 1709.212 
1098 5074 2803 13642.108 1707.577 
974 5291 2709 13690.032 1714.656 
985 5275 2712 13687.311 1714.41 
1090 5087 2779 13642.598 1707.61 
1022 5196 2737 13664.935 1709.997 
1025 5180 2742 13662.334 1710.852 
987 5269 2714 13690.474 1713.729 
1109 5058 2782 13631.659 1706.236 
1021 5198 2735 13663.19 1711.09 
1127 4989 2750 13608.356 1701.815 
1029 5206 2713 13672.176 1711.823 
1084 5091 2806 13643.266 1707.126 
991 5270 2720 13689.903 1714.062 
1135 4965 2752 13609.859 1702.034 
993 5228 2730 13671.501 1712.357 
1081 5076 2825 13637.751 1706.588 
1133 4970 2758 13608.653 1701.429 
975 5291 2708 13689.504 1714.592 
989 5234 2729 13679.323 1713.403 
1016 5216 2740 13670.468 1711.283 
1036 5177 2717 13664.458 1711.942 
1045 5173 2718 13661.903 1711.509 
1039 5182 2729 13664.246 1712.095 
1082 5100 2785 13646.475 1707.462 
986 5265 2729 13687.683 1714.289 
1026 5196 2723 13671.353 1711.569 
1132 4976 2753 13608.38 1701.395 
1038 5185 2703 13668.269 1713.244 
1086 5098 2783 13645.13 1707.207 
982 5275 2727 13689.938 1714.098 
1039 5192 2705 13672.157 1712.884 
994 5211 2752 13665.15 1709.933 
1092 5064 2815 13637.53 1707.158 
1108 5053 2811 13641.602 1707.048 
1019 5219 2718 13673.691 1711.714 
1033 5184 2721 13661.757 1711.483 
1087 5103 2779 13644.264 1706.887 
1038 5183 2710 13664.637 1712.268 
997 5233 2719 13680.775 1714.225 
1038 5186 2702 13668.918 1713.381 
1018 5218 2724 13672.702 1711.317 
1088 5089 2789 13641.098 1707.346 
1129 4981 2754 13607.791 1701.983 
1031 5177 2713 13663.804 1712.432 
1024 5208 2719 13674.059 1712.546 
1020 5193 2725 13665.121 1710.646 
1104 5065 2813 13643.376 1707.017 
994 5228 2728 13678.426 1712.86 
1023 5182 2744 13659.444 1710.309 
1023 5186 2758 13661.152 1709.938 
