202 637 482 14073.952 1765.096 
196 661 460 14154.167 1782.12 
106 740 352 13980.175 1758.523 
215 629 481 14097.836 1771.671 
156 704 430 14072.482 1755.842 
107 736 353 13980.114 1760.418 
157 699 391 14041.818 1761.74 
118 738 358 14020.299 1760.23 
166 687 432 14089.128 1762.85 
121 729 363 13995.235 1758.255 
148 697 403 14045.597 1767.164 
125 725 373 14014.09 1763.115 
144 699 411 14027.526 1763.606 
145 697 414 14037.749 1764.203 
134 723 422 14057.598 1760.033 
204 648 463 14076.471 1771.352 
212 631 463 14074.257 1765.859 
146 698 407 14046.119 1768.75 
177 676 453 14145.253 1774.804 
174 683 445 14146.406 1773.951 
206 644 465 14103.507 1774.678 
128 724 369 14005.38 1762.42 
191 663 474 14125.768 1778.836 
172 687 430 14141.398 1775.858 
121 732 359 13997.184 1758.999 
185 669 442 14138.312 1776.619 
188 670 450 14135.134 1780.054 
163 698 438 14117.994 1762.469 
150 696 406 14048.969 1766.621 
145 709 418 14054.521 1760.885 
190 664 473 14126.256 1778.878 
160 700 430 14077.553 1759.625 
126 728 362 14009.695 1758.284 
171 678 450 14077.71 1768.182 
153 708 410 14070.44 1759.355 
145 704 425 14056.312 1757.923 
178 679 446 14138.582 1777.0 
195 653 462 14118.041 1775.318 
194 657 469 14107.602 1773.581 
179 670 459 14086.446 1768.542 
189 670 451 14129.665 1777.999 
210 640 476 14109.848 1773.681 
140 715 420 14049.083 1756.74 
198 652 468 14100.103 1775.953 
174 682 447 14088.388 1765.408 
124 729 358 14005.205 1758.139 
203 633 479 14082.869 1765.289 
156 704 427 14072.499 1755.858 
191 667 465 14127.558 1775.371 
141 714 411 14047.11 1761.552 
181 674 447 14091.708 1764.944 
177 680 446 14138.01 1776.989 
123 730 358 14003.914 1757.922 
142 713 413 14048.651 1761.591 
164 690 440 14110.785 1771.785 
149 704 428 14049.246 1757.64 
123 730 359 13997.543 1759.073 
152 707 427 14060.782 1757.578 
132 726 415 14063.106 1758.794 
151 694 408 14042.562 1767.015 
135 723 415 14062.232 1760.125 
145 706 413 14066.104 1763.01 
157 693 441 14021.933 1756.935 
203 641 473 14093.216 1775.039 
201 651 467 14096.48 1772.879 
147 694 416 14044.226 1767.49 
139 717 415 14042.007 1762.338 
203 650 463 14078.421 1771.596 
198 654 461 14094.846 1772.565 
192 658 461 14077.504 1768.559 
200 653 464 14074.217 1767.626 
141 716 417 14068.661 1760.348 
204 647 468 14102.009 1773.136 
194 655 463 14101.827 1775.409 
131 727 408 14053.452 1760.217 
133 725 416 14064.94 1759.153 
196 654 471 14114.476 1775.018 
193 649 481 14091.154 1768.226 
126 724 371 14014.358 1762.048 
205 646 478 14112.214 1771.684 
146 705 414 14069.098 1763.144 
193 662 467 14114.176 1767.844 
204 643 470 14091.419 1772.869 
184 671 461 14098.431 1765.2 
162 692 441 14111.627 1772.237 
164 690 441 14110.601 1771.769 
143 708 420 14069.534 1762.02 
202 646 466 14102.49 1773.874 
126 724 372 14014.022 1761.979 
