1048 4280 2527 13627.072 1709.562 
932 4545 2472 13696.329 1717.357 
1051 4282 2508 13626.904 1709.184 
1017 4332 2559 13647.068 1713.739 
903 4580 2463 13689.127 1713.471 
907 4574 2424 13686.403 1715.682 
1047 4281 2525 13626.464 1709.437 
938 4545 2446 13687.355 1714.978 
1046 4290 2508 13631.717 1709.796 
914 4563 2449 13681.599 1712.88 
940 4521 2486 13696.045 1717.252 
988 4384 2526 13654.915 1711.296 
951 4411 2502 13651.562 1714.556 
926 4547 2480 13694.336 1716.076 
1001 4379 2531 13665.463 1712.187 
993 4391 2514 13660.199 1713.1 
1027 4315 2516 13638.012 1710.133 
918 4500 2506 13676.627 1714.1 
985 4425 2475 13662.463 1712.922 
971 4476 2506 13671.583 1711.066 
1023 4327 2544 13646.074 1713.013 
1031 4304 2529 13637.044 1710.412 
921 4556 2483 13687.832 1715.098 
973 4394 2490 13654.39 1716.512 
975 4474 2521 13677.861 1712.606 
912 4566 2478 13698.996 1715.86 
906 4572 2468 13696.586 1715.391 
1040 4321 2493 13645.243 1711.728 
943 4533 2473 13690.77 1713.18 
1045 4301 2529 13648.549 1711.117 
965 4458 2512 13678.592 1712.74 
1026 4319 2508 13640.038 1710.495 
1035 4324 2505 13643.734 1711.638 
977 4383 2482 13641.883 1713.541 
958 4489 2463 13673.278 1713.768 
1029 4315 2515 13637.411 1711.027 
978 4440 2495 13667.142 1712.872 
924 4552 2481 13688.701 1714.351 
1028 4316 2513 13639.669 1710.332 
911 4569 2477 13700.051 1715.8 
916 4560 2471 13690.517 1713.526 
909 4569 2472 13698.38 1716.277 
950 4498 2501 13693.598 1713.757 
964 4485 2508 13670.236 1711.18 
940 4522 2474 13685.221 1715.604 
945 4516 2487 13685.456 1714.965 
946 4519 2475 13684.186 1715.057 
955 4523 2465 13687.637 1715.511 
952 4484 2510 13686.556 1712.197 
916 4560 2467 13692.232 1714.633 
1024 4327 2521 13640.683 1709.939 
978 4434 2511 13666.191 1711.041 
1044 4315 2507 13641.338 1711.181 
1023 4339 2522 13649.993 1711.962 
932 4559 2463 13692.414 1716.359 
906 4571 2476 13697.599 1715.522 
984 4428 2475 13663.636 1713.175 
935 4525 2481 13683.32 1714.081 
975 4488 2480 13682.712 1713.076 
1051 4282 2507 13626.93 1709.188 
1045 4310 2528 13648.613 1713.731 
1039 4291 2533 13629.132 1709.789 
1013 4338 2566 13653.187 1712.931 
1006 4366 2557 13662.452 1715.596 
934 4547 2494 13704.538 1715.065 
924 4545 2500 13706.01 1718.02 
934 4525 2490 13691.841 1716.777 
1024 4325 2512 13641.277 1710.574 
966 4508 2506 13690.365 1713.119 
909 4576 2447 13693.193 1715.159 
969 4472 2523 13674.971 1713.646 
927 4556 2446 13697.505 1716.434 
1034 4340 2507 13655.332 1712.474 
970 4471 2524 13675.133 1713.67 
935 4514 2490 13681.535 1713.964 
938 4553 2477 13701.454 1714.722 
975 4399 2525 13665.107 1716.004 
1019 4372 2556 13673.032 1716.83 
1007 4378 2551 13666.15 1714.784 
896 4590 2439 13689.192 1714.555 
1011 4378 2555 13660.668 1714.789 
905 4578 2465 13697.137 1715.721 
910 4570 2465 13687.97 1713.138 
1021 4284 2550 13629.846 1711.288 
971 4387 2495 13654.886 1717.294 
943 4504 2501 13686.539 1715.989 
