709 3231 1770 13707.657 1719.999 
715 3230 1768 13713.307 1719.576 
806 3109 1874 13716.167 1720.017 
703 3235 1826 13736.558 1722.573 
690 3260 1799 13754.976 1722.615 
689 3258 1804 13757.115 1722.138 
679 3281 1829 13764.724 1723.815 
680 3283 1824 13764.288 1723.742 
800 3126 1863 13726.249 1721.591 
787 3149 1869 13742.296 1724.078 
684 3279 1828 13767.09 1723.776 
783 3177 1837 13734.288 1723.043 
798 3118 1871 13722.893 1720.773 
803 3118 1861 13731.402 1720.773 
770 3176 1857 13748.727 1724.488 
774 3180 1857 13747.496 1723.815 
799 3119 1867 13719.749 1719.738 
685 3260 1808 13756.699 1721.96 
666 3311 1817 13770.792 1723.158 
783 3156 1867 13738.494 1722.016 
684 3271 1829 13759.065 1723.214 
797 3150 1872 13734.494 1721.662 
686 3259 1809 13756.648 1721.785 
667 3299 1830 13770.674 1724.035 
683 3281 1813 13760.722 1723.794 
682 3282 1827 13765.666 1723.913 
786 3172 1865 13753.163 1725.665 
771 3205 1839 13751.111 1726.365 
769 3211 1842 13754.0 1726.338 
762 3212 1841 13751.272 1726.024 
772 3200 1837 13746.041 1725.855 
746 3204 1851 13752.922 1727.965 
768 3202 1854 13753.788 1727.116 
687 3273 1803 13763.249 1723.57 
764 3224 1836 13761.792 1727.809 
779 3174 1865 13751.556 1725.275 
674 3310 1828 13781.786 1725.331 
797 3126 1878 13724.591 1719.252 
804 3117 1865 13727.498 1721.425 
661 3315 1806 13771.598 1724.24 
772 3185 1853 13741.885 1725.008 
749 3198 1856 13745.663 1725.531 
774 3183 1855 13747.76 1724.666 
770 3206 1838 13750.691 1726.299 
791 3151 1864 13737.763 1723.526 
796 3129 1873 13729.022 1719.672 
677 3283 1810 13763.76 1723.754 
797 3128 1875 13728.105 1721.182 
795 3147 1879 13740.734 1723.89 
683 3281 1812 13760.904 1723.815 
752 3197 1859 13747.06 1727.191 
785 3173 1858 13751.227 1725.448 
676 3294 1828 13770.57 1723.393 
782 3196 1851 13757.139 1727.975 
688 3268 1795 13757.921 1722.985 
788 3152 1862 13732.481 1722.857 
791 3160 1854 13732.969 1722.383 
758 3187 1859 13743.914 1725.977 
676 3284 1813 13758.616 1723.484 
765 3227 1833 13758.961 1726.692 
765 3175 1859 13742.947 1725.375 
799 3125 1866 13731.768 1720.863 
670 3295 1830 13772.4 1724.314 
766 3176 1867 13739.797 1724.667 
781 3147 1883 13733.742 1722.264 
797 3137 1845 13726.343 1722.77 
683 3280 1827 13766.727 1723.772 
784 3160 1870 13738.244 1722.502 
771 3187 1852 13742.604 1725.134 
786 3154 1878 13746.323 1723.841 
688 3267 1795 13757.027 1723.063 
786 3149 1870 13737.79 1724.443 
