532 2691 1491 13833.824 1736.09 
528 2666 1488 13814.176 1737.306 
682 2461 1576 13764.363 1726.745 
547 2659 1538 13838.875 1736.831 
543 2646 1500 13825.966 1740.569 
606 2562 1564 13788.037 1731.393 
585 2592 1514 13800.452 1733.953 
569 2608 1521 13812.334 1736.721 
591 2568 1522 13784.98 1730.27 
647 2526 1552 13785.911 1727.516 
619 2537 1543 13775.513 1728.402 
553 2635 1497 13823.686 1738.521 
648 2503 1542 13765.451 1726.019 
586 2590 1541 13808.155 1734.18 
561 2619 1529 13792.371 1731.744 
531 2668 1494 13821.588 1736.029 
589 2582 1518 13803.257 1732.727 
610 2548 1536 13768.36 1727.127 
596 2564 1537 13775.842 1730.669 
565 2614 1532 13804.351 1733.723 
541 2656 1493 13827.272 1739.221 
549 2635 1515 13817.437 1737.672 
607 2547 1546 13776.649 1731.354 
580 2571 1552 13772.793 1728.722 
626 2530 1552 13770.429 1727.881 
558 2645 1510 13820.293 1734.707 
612 2545 1529 13779.115 1728.002 
557 2652 1519 13824.279 1736.535 
532 2690 1492 13833.755 1736.198 
594 2565 1540 13776.03 1730.787 
647 2509 1563 13761.193 1723.093 
676 2466 1569 13756.384 1724.318 
570 2614 1531 13795.234 1732.201 
608 2555 1535 13772.139 1728.069 
563 2640 1499 13818.274 1734.446 
590 2575 1530 13803.412 1732.398 
609 2553 1533 13772.044 1727.438 
659 2511 1547 13774.015 1725.412 
566 2628 1517 13824.784 1735.068 
558 2633 1525 13800.542 1731.954 
538 2664 1535 13833.877 1736.14 
587 2579 1520 13797.175 1732.349 
613 2543 1558 13776.424 1728.374 
622 2530 1543 13761.854 1727.981 
555 2637 1511 13825.37 1736.79 
547 2647 1505 13831.19 1739.978 
529 2665 1489 13814.221 1737.313 
536 2662 1502 13827.548 1738.663 
626 2546 1542 13775.164 1729.172 
612 2541 1559 13773.158 1729.635 
576 2616 1523 13818.513 1735.318 
612 2541 1554 13778.958 1729.923 
544 2662 1505 13832.376 1736.103 
547 2658 1537 13838.368 1736.899 
572 2622 1500 13799.284 1732.933 
592 2580 1516 13796.331 1732.309 
651 2500 1555 13756.259 1725.685 
552 2647 1541 13829.445 1735.17 
531 2679 1508 13826.995 1733.864 
676 2468 1568 13760.031 1723.94 
580 2609 1549 13817.453 1735.64 
655 2508 1562 13772.815 1723.565 
550 2641 1549 13829.524 1737.021 
575 2619 1523 13819.767 1735.413 
573 2621 1501 13799.401 1732.95 
556 2620 1507 13818.468 1738.715 
537 2661 1503 13819.693 1736.152 
573 2613 1525 13817.575 1735.142 
556 2625 1508 13816.177 1737.002 
550 2646 1503 13830.211 1738.972 
532 2666 1493 13820.476 1735.95 
618 2538 1543 13775.4 1728.398 
614 2533 1549 13767.225 1727.441 
563 2635 1507 13831.498 1737.063 
644 2507 1568 13769.088 1727.493 
554 2620 1527 13811.64 1733.285 
558 2645 1509 13819.649 1734.722 
639 2520 1522 13776.201 1727.799 
673 2497 1574 13784.714 1729.419 
