889 4490 2385 13649.506 1711.12 
915 4467 2395 13645.259 1711.906 
876 4296 2436 13530.872 1694.491 
991 4273 2478 13594.28 1702.349 
895 4486 2347 13632.345 1708.714 
818 4584 2377 13644.281 1708.367 
1045 4168 2446 13559.648 1696.187 
1051 4174 2441 13569.917 1698.07 
811 4582 2400 13642.112 1705.932 
958 4379 2404 13617.652 1708.637 
892 4275 2450 13532.074 1694.867 
1015 4198 2429 13551.248 1697.708 
1008 4254 2461 13586.448 1699.942 
861 4447 2445 13604.567 1701.956 
1021 4194 2452 13574.027 1699.988 
1013 4221 2470 13586.2 1698.638 
1004 4231 2478 13578.557 1699.346 
871 4512 2367 13636.788 1709.721 
1032 4187 2432 13563.761 1696.691 
1010 4235 2464 13585.444 1698.767 
1014 4210 2416 13558.001 1696.674 
835 4549 2372 13630.07 1705.551 
921 4455 2387 13646.884 1711.412 
952 4393 2427 13631.941 1709.257 
826 4575 2390 13648.832 1707.382 
872 4484 2435 13621.812 1703.383 
1013 4229 2460 13575.111 1699.57 
898 4430 2427 13618.017 1703.594 
851 4485 2425 13607.627 1701.169 
948 4397 2414 13628.463 1708.272 
842 4499 2422 13608.769 1701.001 
976 4287 2437 13585.594 1699.683 
854 4521 2420 13635.205 1706.65 
1037 4188 2419 13568.635 1697.74 
886 4496 2366 13642.165 1710.16 
942 4422 2411 13642.899 1709.591 
1020 4212 2415 13566.54 1697.78 
838 4547 2380 13622.279 1704.101 
887 4499 2361 13642.346 1710.426 
954 4413 2412 13642.915 1710.572 
894 4482 2355 13634.399 1709.522 
925 4441 2380 13627.525 1709.991 
859 4450 2444 13605.072 1702.156 
818 4571 2419 13641.88 1706.242 
834 4543 2407 13638.098 1706.956 
958 4278 2422 13575.75 1700.528 
847 4529 2396 13635.292 1706.564 
831 4546 2397 13633.886 1707.482 
833 4560 2388 13642.958 1708.259 
917 4464 2394 13644.441 1711.828 
846 4542 2413 13634.405 1706.867 
1030 4198 2419 13567.33 1698.806 
860 4484 2397 13617.9 1704.649 
887 4495 2362 13642.955 1710.35 
833 4544 2400 13626.442 1705.559 
935 4428 2424 13637.998 1710.097 
839 4547 2375 13621.339 1703.905 
1015 4231 2412 13575.225 1697.341 
987 4283 2439 13584.061 1699.399 
927 4429 2392 13641.121 1709.647 
895 4481 2356 13634.44 1709.53 
1021 4205 2404 13561.973 1697.507 
1014 4206 2431 13569.595 1699.748 
832 4567 2390 13647.686 1708.414 
1031 4197 2420 13568.077 1698.906 
907 4461 2405 13635.806 1710.694 
928 4428 2393 13641.304 1709.618 
850 4544 2382 13634.505 1705.107 
842 4532 2394 13627.213 1706.972 
977 4293 2448 13583.616 1699.221 
988 4282 2440 13584.444 1699.415 
872 4395 2439 13581.884 1697.918 
1021 4205 2405 13562.125 1697.49 
978 4292 2448 13583.684 1699.222 
828 4571 2397 13644.858 1708.581 
900 4477 2386 13634.18 1708.887 
904 4472 2377 13643.411 1710.844 
860 4449 2444 13604.757 1702.013 
872 4396 2438 13582.466 1697.946 
912 4448 2399 13637.026 1711.143 
840 4546 2376 13621.683 1703.923 
957 4279 2422 13575.586 1700.534 
926 4419 2404 13632.067 1710.1 
977 4286 2437 13584.768 1699.594 
938 4427 2398 13628.119 1710.001 
828 4567 2419 13641.68 1706.61 
842 4532 2395 13627.001 1706.95 
936 4427 2425 13638.066 1710.098 
957 4380 2404 13617.982 1708.708 
894 4482 2379 13633.978 1708.799 
837 4546 2386 13632.54 1705.457 
