437 2730 1315 13707.626 1717.752 
593 2535 1517 13729.604 1717.783 
611 2397 1384 13580.213 1698.421 
621 2385 1391 13583.31 1699.989 
426 2720 1350 13711.145 1718.083 
515 2648 1392 13755.985 1728.282 
445 2717 1312 13711.451 1717.949 
607 2393 1382 13576.023 1698.839 
508 2671 1413 13770.297 1727.864 
435 2721 1322 13700.741 1717.305 
601 2413 1379 13588.227 1700.255 
436 2716 1335 13703.367 1716.339 
602 2410 1375 13585.648 1701.195 
594 2533 1514 13727.802 1717.717 
600 2415 1380 13586.578 1700.236 
494 2683 1407 13761.681 1726.507 
479 2692 1383 13735.551 1724.92 
481 2693 1380 13746.299 1726.107 
510 2657 1399 13745.865 1722.672 
497 2675 1379 13749.96 1726.676 
546 2601 1430 13720.21 1717.63 
520 2638 1391 13736.48 1724.273 
589 2547 1511 13737.325 1718.388 
467 2695 1352 13722.318 1722.894 
495 2678 1407 13763.862 1726.494 
464 2696 1343 13720.855 1723.382 
576 2580 1492 13741.915 1718.71 
603 2408 1366 13581.868 1699.735 
616 2391 1384 13584.428 1699.862 
570 2583 1468 13749.246 1722.217 
463 2697 1353 13716.764 1720.877 
564 2588 1474 13755.245 1720.339 
524 2631 1416 13730.908 1722.83 
435 2712 1346 13722.105 1720.405 
577 2569 1485 13740.596 1719.339 
539 2603 1444 13730.627 1721.224 
442 2729 1314 13715.32 1717.925 
436 2720 1323 13701.54 1717.346 
580 2557 1504 13732.704 1719.049 
513 2651 1419 13757.427 1726.165 
530 2621 1433 13725.387 1719.343 
565 2589 1482 13743.792 1719.976 
556 2593 1452 13745.493 1720.386 
439 2723 1315 13706.707 1717.859 
501 2673 1396 13755.338 1726.345 
536 2612 1437 13730.231 1722.21 
557 2600 1460 13757.129 1720.211 
518 2640 1417 13732.259 1723.274 
502 2672 1397 13756.017 1726.452 
572 2572 1483 13737.644 1719.474 
574 2575 1495 13743.979 1718.389 
561 2576 1480 13740.093 1720.16 
460 2700 1360 13723.944 1721.156 
603 2407 1373 13585.694 1700.067 
593 2541 1516 13735.002 1718.982 
535 2611 1450 13727.869 1721.648 
544 2608 1442 13732.656 1721.746 
519 2623 1425 13731.652 1718.747 
455 2707 1345 13718.742 1721.87 
435 2718 1335 13704.451 1716.538 
526 2627 1445 13725.737 1720.455 
458 2712 1339 13726.521 1722.529 
606 2401 1377 13583.451 1699.975 
515 2649 1384 13748.835 1727.615 
604 2406 1378 13585.032 1700.902 
585 2553 1512 13742.797 1719.151 
565 2583 1475 13745.403 1721.603 
596 2541 1502 13725.573 1717.355 
608 2392 1384 13579.4 1699.198 
518 2625 1424 13732.286 1718.84 
457 2714 1339 13727.287 1722.551 
538 2610 1439 13724.495 1720.203 
444 2718 1312 13710.908 1717.835 
586 2542 1512 13729.517 1717.739 
449 2705 1349 13733.977 1722.079 
579 2569 1472 13742.176 1720.444 
581 2561 1500 13725.935 1716.944 
560 2570 1478 13738.092 1720.904 
517 2630 1403 13733.459 1722.861 
584 2550 1516 13735.435 1719.124 
601 2412 1378 13587.713 1700.356 
529 2610 1462 13723.458 1718.816 
558 2599 1461 13757.331 1720.235 
544 2609 1452 13737.162 1720.074 
609 2396 1379 13581.094 1699.345 
533 2609 1461 13728.166 1717.915 
561 2589 1466 13740.374 1720.864 
518 2629 1404 13733.804 1722.915 
607 2405 1376 13582.412 1700.194 
580 2564 1502 13742.251 1720.396 
528 2617 1445 13715.452 1718.562 
520 2630 1430 13723.895 1720.626 
580 2570 1496 13741.119 1718.077 
456 2697 1348 13730.581 1721.027 
571 2571 1467 13738.237 1720.381 
