369 1237 771 13813.068 1724.957 
314 1350 795 13943.789 1752.719 
246 1399 719 13855.917 1737.625 
242 1380 723 13829.782 1739.374 
363 1237 827 13841.249 1733.164 
374 1190 794 13759.901 1728.632 
370 1193 797 13741.689 1726.154 
266 1368 701 13829.41 1734.956 
319 1351 790 13949.469 1750.687 
271 1365 716 13838.116 1734.962 
264 1377 740 13875.247 1740.992 
367 1225 815 13789.784 1727.57 
366 1217 818 13795.454 1731.222 
368 1200 794 13754.072 1728.403 
342 1296 755 13890.472 1740.183 
339 1301 782 13902.152 1740.2 
268 1362 731 13844.24 1740.737 
371 1191 793 13749.913 1726.955 
362 1240 812 13832.688 1729.246 
359 1238 823 13829.344 1731.705 
256 1380 725 13848.122 1736.639 
352 1253 808 13837.224 1734.497 
253 1392 720 13857.154 1740.409 
335 1270 823 13846.546 1735.921 
313 1347 805 13924.762 1744.78 
317 1346 789 13939.319 1751.564 
353 1247 813 13822.679 1728.903 
251 1384 723 13851.683 1736.3 
365 1223 809 13804.507 1728.971 
338 1291 799 13880.367 1742.607 
358 1255 759 13816.207 1727.641 
354 1267 805 13878.123 1741.234 
248 1383 726 13838.781 1738.79 
365 1219 813 13800.398 1731.058 
323 1328 814 13916.367 1744.224 
337 1313 792 13917.359 1744.776 
320 1344 797 13946.933 1750.836 
312 1346 808 13920.583 1744.21 
344 1239 818 13801.637 1728.3 
362 1247 811 13850.172 1736.927 
330 1310 807 13912.975 1747.346 
334 1321 797 13918.272 1746.358 
343 1266 810 13825.713 1731.107 
335 1310 797 13915.407 1746.154 
345 1254 809 13827.198 1733.479 
268 1368 719 13830.881 1734.739 
247 1393 723 13856.146 1736.481 
334 1307 808 13919.08 1747.126 
346 1275 762 13863.553 1739.238 
346 1277 761 13866.026 1740.008 
341 1291 772 13883.755 1739.104 
269 1365 721 13830.62 1734.881 
326 1345 777 13942.191 1748.443 
326 1341 784 13933.243 1747.841 
368 1239 772 13815.439 1725.03 
341 1275 796 13877.459 1741.772 
343 1269 801 13868.878 1736.885 
338 1278 807 13856.711 1738.306 
358 1254 760 13815.184 1727.567 
357 1260 776 13840.422 1734.6 
312 1358 786 13945.893 1749.593 
250 1382 726 13840.551 1739.091 
327 1339 783 13923.066 1748.599 
313 1357 767 13940.763 1750.008 
339 1297 761 13880.74 1741.462 
346 1271 799 13863.596 1738.211 
344 1273 805 13857.695 1736.822 
311 1357 791 13946.693 1749.07 
333 1328 790 13940.586 1749.849 
347 1270 793 13861.164 1737.683 
343 1280 790 13879.941 1738.101 
314 1357 788 13948.292 1749.963 
325 1318 807 13921.925 1746.855 
325 1317 807 13914.094 1749.014 
312 1360 786 13946.351 1749.399 
343 1280 791 13876.55 1738.844 
361 1248 810 13848.92 1736.837 
341 1288 761 13882.778 1741.364 
320 1349 790 13944.949 1751.545 
326 1342 781 13944.011 1750.246 
327 1331 802 13941.314 1752.962 
350 1289 775 13877.983 1738.839 
265 1377 740 13867.042 1741.144 
332 1336 805 13953.884 1752.481 
317 1353 804 13948.323 1750.655 
357 1253 785 13829.001 1730.712 
