132 738 389 14133.94 1779.198 
155 705 385 14055.223 1766.445 
126 734 397 14128.355 1787.154 
126 734 398 14128.145 1787.145 
139 730 391 14152.862 1782.088 
166 648 451 13902.286 1745.094 
167 646 455 13895.388 1747.085 
209 613 432 13936.079 1745.587 
172 641 457 13895.952 1745.444 
197 631 451 14033.366 1761.03 
171 645 454 13911.359 1748.613 
156 707 390 14059.12 1765.023 
153 708 393 14005.505 1759.106 
163 703 407 14124.859 1772.719 
206 616 446 13974.817 1756.072 
199 656 450 14096.058 1773.291 
204 617 443 13966.223 1755.205 
174 697 422 14143.607 1779.77 
169 646 453 13909.365 1750.574 
149 712 396 14073.744 1770.769 
200 625 439 13954.048 1757.113 
154 709 391 14061.799 1765.955 
202 641 428 14007.135 1753.474 
129 727 395 14102.414 1785.177 
189 685 419 14142.371 1783.717 
192 662 440 14084.475 1769.18 
183 678 427 14096.239 1777.247 
174 700 416 14137.176 1774.255 
184 675 434 14092.225 1773.499 
172 698 413 14108.58 1778.439 
204 628 433 13992.308 1763.092 
135 727 410 14140.221 1781.359 
180 685 431 14141.35 1775.612 
127 733 399 14127.474 1787.04 
177 688 436 14109.961 1775.599 
193 660 441 14079.897 1768.912 
150 707 403 14094.581 1776.201 
148 711 404 14088.485 1771.207 
140 717 412 14119.099 1775.01 
143 718 396 14102.207 1774.019 
178 691 422 14113.204 1778.338 
143 731 394 14142.271 1780.774 
206 637 427 13998.542 1751.6 
195 658 428 14041.977 1761.897 
185 676 433 14091.164 1771.796 
200 633 431 13983.421 1755.538 
190 666 423 14088.066 1773.133 
145 712 406 14135.7 1779.417 
172 640 454 13900.758 1749.073 
208 624 422 13956.712 1750.039 
204 622 436 13970.387 1757.802 
200 656 425 14046.361 1762.266 
186 675 429 14097.89 1776.649 
178 683 431 14096.297 1776.24 
207 627 433 13972.37 1752.403 
200 643 426 14004.674 1752.778 
135 734 402 14138.475 1784.487 
191 667 441 14094.487 1772.125 
147 710 401 14095.026 1774.956 
203 641 425 14000.978 1753.829 
208 622 436 13960.01 1750.981 
206 636 436 13991.58 1754.896 
138 725 399 14126.275 1778.18 
138 734 398 14121.984 1777.356 
203 637 428 13977.101 1751.86 
139 720 416 14128.061 1777.161 
207 624 437 13962.903 1746.349 
128 737 386 14126.395 1780.561 
189 667 420 14084.011 1773.41 
201 639 430 13979.905 1753.8 
136 726 411 14139.977 1781.346 
202 631 429 13989.55 1757.686 
188 670 437 14094.856 1772.56 
201 638 427 13992.485 1756.438 
187 671 433 14087.175 1772.216 
192 664 439 14088.233 1770.941 
141 713 408 14077.609 1774.737 
129 736 387 14127.215 1780.662 
140 714 411 14113.443 1777.078 
131 737 390 14139.725 1779.156 
178 689 421 14112.702 1778.476 
146 713 406 14112.57 1775.575 
187 669 426 14087.005 1774.453 
138 721 407 14115.478 1776.514 
139 736 386 14150.549 1783.026 
202 642 424 13999.828 1753.665 
132 738 388 14134.187 1779.234 
133 736 390 14130.804 1779.417 
138 737 385 14150.03 1783.022 
207 631 430 13968.693 1750.313 
137 722 412 14133.288 1778.187 
137 723 411 14138.212 1778.834 
200 626 436 13984.847 1757.863 
189 669 438 14093.105 1771.934 
167 703 411 14125.089 1770.932 
148 713 400 14107.095 1774.314 
