362 2027 969 13740.455 1721.09 
357 2039 1000 13755.578 1724.459 
452 1943 1162 13808.34 1730.313 
503 1853 1165 13719.117 1721.205 
356 2033 1004 13748.775 1721.591 
456 1944 1156 13801.142 1731.127 
357 1974 1038 13657.236 1716.729 
477 1896 1188 13771.63 1724.922 
445 1957 1127 13777.589 1725.711 
493 1873 1138 13733.883 1719.123 
435 1957 1152 13790.977 1729.335 
400 1991 1026 13745.609 1725.474 
441 1973 1149 13805.543 1730.36 
444 1961 1127 13779.842 1725.926 
492 1887 1170 13760.529 1724.106 
486 1886 1163 13754.049 1724.411 
395 1988 1025 13744.083 1726.295 
451 1956 1144 13804.696 1728.187 
502 1854 1149 13737.645 1720.401 
458 1938 1171 13789.349 1727.956 
464 1931 1163 13781.885 1728.014 
376 2016 999 13745.679 1723.783 
500 1859 1146 13731.506 1722.642 
370 2022 989 13739.42 1723.393 
384 2003 1021 13763.901 1727.447 
372 2017 994 13737.357 1723.502 
369 2010 1002 13724.583 1721.259 
365 2019 1008 13745.382 1722.309 
482 1893 1175 13755.172 1722.953 
499 1858 1156 13720.364 1722.88 
387 2001 1026 13771.56 1728.623 
389 1996 1015 13756.293 1727.433 
371 2007 1010 13726.672 1721.419 
356 2026 1006 13748.885 1720.638 
496 1868 1164 13744.457 1723.42 
366 2017 997 13730.713 1721.893 
378 2014 997 13744.649 1724.519 
467 1913 1167 13761.743 1725.821 
371 2021 990 13739.208 1723.343 
472 1926 1131 13770.7 1726.258 
361 2035 1001 13751.084 1721.839 
387 2000 1025 13770.625 1728.657 
358 2027 1003 13740.743 1721.347 
471 1918 1166 13779.972 1728.841 
480 1905 1176 13772.039 1725.259 
461 1939 1168 13791.36 1729.142 
500 1870 1153 13738.824 1722.521 
462 1927 1162 13794.876 1728.986 
460 1937 1162 13792.008 1728.918 
379 2005 1014 13751.323 1726.775 
453 1954 1162 13805.556 1730.023 
482 1900 1170 13762.946 1725.639 
380 2008 1002 13737.37 1722.768 
362 2023 1013 13753.04 1723.619 
477 1899 1178 13764.435 1724.829 
399 1992 1026 13745.543 1725.47 
501 1855 1149 13737.823 1720.444 
463 1941 1161 13800.399 1729.859 
465 1933 1133 13768.011 1726.851 
454 1946 1158 13794.365 1730.244 
460 1945 1161 13798.562 1730.052 
461 1934 1164 13803.035 1729.733 
478 1904 1164 13774.755 1726.706 
473 1910 1166 13767.567 1724.173 
476 1899 1184 13764.31 1726.702 
465 1920 1170 13777.292 1728.559 
367 2017 995 13749.544 1722.589 
391 1995 1013 13752.902 1726.408 
485 1893 1173 13750.855 1724.195 
479 1895 1180 13767.143 1726.805 
468 1909 1181 13768.028 1727.061 
469 1906 1181 13766.07 1726.956 
454 1950 1150 13795.47 1729.597 
468 1921 1152 13777.642 1726.592 
365 2009 1009 13730.754 1721.793 
483 1898 1170 13761.414 1725.261 
464 1925 1159 13772.843 1729.384 
457 1949 1158 13801.451 1729.537 
485 1908 1160 13779.801 1727.399 
470 1924 1149 13772.899 1727.688 
453 1948 1158 13807.999 1729.549 
377 2008 1003 13737.413 1721.013 
475 1921 1132 13773.693 1727.124 
461 1933 1170 13790.533 1727.69 
470 1905 1182 13765.883 1726.945 
475 1915 1165 13775.646 1727.5 
453 1951 1154 13795.264 1730.266 
456 1941 1162 13799.599 1728.146 
444 1955 1145 13795.412 1727.519 
468 1915 1178 13776.325 1725.508 
390 1998 1020 13745.159 1725.504 
457 1944 1160 13796.363 1730.299 
497 1868 1163 13744.391 1723.408 
391 1998 1019 13745.515 1725.423 
454 1943 1153 13803.054 1729.638 
470 1919 1149 13776.357 1727.376 
484 1894 1171 13750.887 1724.193 
