921 3674 2176 13659.405 1711.991 
832 3839 2102 13696.277 1718.915 
803 3924 2124 13738.962 1721.876 
863 3791 2156 13673.807 1710.962 
776 3950 2158 13732.641 1720.524 
909 3697 2176 13654.483 1711.606 
886 3730 2219 13688.094 1713.854 
813 3904 2138 13734.138 1722.581 
814 3886 2149 13719.29 1721.399 
900 3697 2184 13666.491 1713.663 
905 3711 2182 13670.359 1712.789 
787 3931 2118 13724.242 1720.67 
786 3907 2145 13711.484 1718.393 
879 3747 2163 13687.111 1717.048 
884 3730 2198 13681.617 1715.139 
815 3896 2132 13728.715 1721.578 
792 3941 2110 13731.541 1720.841 
894 3731 2176 13664.866 1711.302 
828 3860 2153 13705.772 1715.669 
859 3756 2194 13672.339 1712.2 
918 3676 2178 13655.746 1711.102 
809 3914 2133 13737.318 1721.696 
898 3719 2191 13686.189 1715.517 
825 3869 2138 13709.82 1719.678 
784 3937 2130 13721.62 1720.132 
858 3762 2187 13674.664 1712.998 
812 3848 2157 13701.516 1716.335 
816 3899 2130 13728.194 1719.776 
882 3751 2208 13702.139 1716.154 
777 3949 2158 13732.24 1720.435 
781 3926 2149 13725.293 1720.945 
855 3784 2162 13684.613 1714.361 
821 3875 2111 13710.724 1718.664 
800 3905 2178 13721.756 1719.96 
891 3723 2156 13673.155 1713.057 
887 3740 2176 13669.512 1712.666 
830 3821 2120 13690.886 1717.887 
830 3795 2146 13684.052 1717.391 
819 3842 2162 13697.523 1716.491 
826 3867 2133 13703.146 1717.449 
822 3860 2144 13705.482 1718.484 
829 3841 2104 13685.723 1713.281 
867 3772 2159 13689.168 1714.556 
897 3698 2204 13670.212 1711.604 
853 3772 2157 13679.966 1714.692 
873 3789 2152 13686.053 1713.515 
914 3687 2167 13656.672 1711.677 
781 3933 2150 13723.709 1719.407 
838 3829 2140 13687.977 1715.266 
822 3873 2154 13710.409 1717.993 
801 3916 2133 13728.509 1720.74 
846 3786 2153 13685.702 1715.159 
861 3774 2165 13677.431 1712.857 
882 3742 2169 13680.973 1716.423 
783 3920 2147 13715.62 1718.982 
791 3906 2137 13710.006 1719.02 
820 3876 2110 13710.964 1718.761 
796 3927 2128 13736.22 1721.735 
782 3921 2147 13715.677 1718.995 
895 3703 2194 13667.917 1712.851 
870 3763 2172 13686.188 1714.64 
830 3838 2108 13688.415 1713.874 
861 3773 2143 13690.653 1716.086 
835 3836 2120 13688.921 1714.315 
875 3755 2193 13684.23 1715.306 
842 3820 2145 13694.289 1717.66 
877 3738 2213 13682.955 1714.12 
812 3856 2155 13702.548 1715.073 
913 3688 2166 13656.587 1711.627 
876 3755 2180 13685.481 1716.01 
912 3698 2157 13660.752 1711.201 
834 3812 2157 13684.192 1714.778 
831 3841 2102 13696.607 1719.037 
865 3765 2159 13687.481 1716.4 
820 3841 2163 13697.852 1716.401 
844 3778 2165 13674.46 1713.843 
886 3746 2175 13688.908 1716.369 
889 3731 2168 13675.008 1715.587 
870 3757 2159 13682.021 1714.847 
840 3775 2178 13668.828 1712.121 
894 3722 2209 13685.862 1714.859 
899 3709 2180 13675.33 1715.031 
816 3843 2164 13702.687 1717.557 
885 3722 2212 13682.67 1714.055 
877 3737 2213 13682.554 1714.124 
837 3801 2164 13674.262 1712.064 
833 3816 2123 13696.824 1715.205 
853 3779 2163 13667.919 1714.794 
863 3791 2155 13674.158 1711.052 
832 3833 2145 13688.11 1714.616 
