248 1365 730 13828.474 1749.658 
341 1256 791 13746.706 1724.048 
356 1236 790 13770.723 1729.403 
256 1381 757 13882.943 1744.828 
354 1232 810 13786.729 1731.386 
233 1376 740 13813.006 1745.612 
281 1310 717 13767.934 1738.425 
240 1392 747 13871.715 1742.87 
344 1250 823 13778.678 1730.165 
324 1278 779 13749.27 1724.846 
241 1376 731 13831.046 1748.324 
299 1294 798 13759.405 1727.103 
274 1342 743 13844.593 1745.029 
244 1374 721 13821.796 1746.483 
251 1358 726 13813.085 1746.163 
328 1278 778 13762.756 1726.337 
296 1310 759 13786.599 1728.59 
248 1386 754 13874.385 1741.846 
287 1315 761 13781.619 1728.753 
273 1337 745 13823.15 1742.299 
352 1241 808 13805.899 1734.561 
319 1287 800 13829.496 1735.844 
276 1343 740 13841.157 1742.883 
282 1320 732 13789.16 1737.701 
301 1294 788 13767.339 1730.415 
243 1389 740 13855.567 1740.569 
284 1325 746 13797.157 1737.519 
248 1385 768 13880.806 1743.938 
292 1308 763 13783.807 1730.049 
337 1256 817 13772.812 1729.48 
277 1323 752 13781.809 1736.968 
279 1334 718 13785.641 1736.717 
346 1259 780 13783.369 1726.576 
335 1267 801 13817.769 1731.758 
289 1309 750 13767.28 1733.387 
258 1350 763 13837.127 1739.435 
321 1293 764 13779.729 1731.19 
330 1280 775 13764.085 1727.789 
268 1346 741 13828.046 1739.583 
334 1270 784 13783.995 1729.449 
262 1366 751 13865.949 1741.699 
277 1329 734 13811.176 1739.699 
306 1306 774 13799.199 1735.372 
347 1244 811 13808.299 1734.652 
257 1351 762 13837.218 1739.443 
311 1296 784 13814.931 1736.216 
247 1386 766 13880.681 1743.816 
248 1361 737 13821.73 1748.843 
244 1371 725 13808.967 1745.241 
246 1387 748 13871.696 1743.391 
337 1265 791 13815.814 1733.155 
267 1350 751 13823.541 1738.916 
277 1338 728 13808.641 1739.421 
331 1279 770 13765.301 1726.598 
260 1373 757 13874.294 1743.616 
307 1291 794 13790.962 1732.193 
242 1390 740 13856.145 1740.526 
283 1315 765 13788.638 1736.05 
284 1326 751 13801.904 1736.683 
327 1276 788 13778.115 1728.427 
308 1299 786 13814.447 1733.489 
249 1359 725 13810.041 1745.521 
329 1272 803 13805.921 1734.943 
268 1330 757 13811.198 1740.328 
312 1301 779 13777.267 1726.572 
329 1275 793 13817.108 1734.777 
346 1246 819 13780.213 1731.243 
263 1341 762 13813.867 1737.958 
267 1350 724 13800.941 1740.602 
339 1262 797 13811.861 1732.187 
246 1388 748 13871.743 1743.353 
322 1283 804 13793.756 1733.777 
307 1305 752 13774.915 1728.647 
323 1282 777 13771.445 1727.082 
306 1306 776 13799.088 1735.367 
241 1391 743 13860.927 1741.477 
269 1333 751 13791.826 1734.2 
317 1282 805 13800.485 1731.566 
331 1273 796 13818.732 1735.026 
325 1276 770 13786.58 1732.566 
339 1247 813 13789.712 1733.982 
262 1341 760 13839.316 1739.452 
318 1289 767 13794.863 1734.07 
279 1328 738 13814.382 1740.063 
337 1250 814 13780.879 1729.284 
272 1345 722 13813.273 1740.15 
355 1232 806 13775.857 1730.161 
342 1249 806 13800.23 1732.848 
280 1327 747 13798.309 1738.081 
313 1295 786 13825.404 1732.805 
338 1264 796 13813.103 1732.614 
342 1254 787 13779.482 1730.411 
332 1269 799 13794.328 1733.752 
271 1358 723 13828.228 1741.558 
350 1238 814 13791.179 1734.143 
