881 3771 2201 13687.281 1714.608 
839 3808 2162 13684.782 1716.923 
928 3674 2207 13640.081 1707.561 
737 3912 2088 13679.163 1712.419 
776 3852 2105 13662.393 1710.082 
856 3792 2153 13670.922 1713.017 
896 3739 2202 13676.72 1714.572 
843 3802 2175 13681.335 1715.797 
840 3805 2165 13683.545 1716.659 
918 3692 2182 13647.448 1708.753 
743 3899 2094 13672.826 1712.249 
889 3741 2186 13666.02 1712.743 
922 3677 2204 13638.366 1707.681 
916 3706 2178 13665.265 1710.443 
920 3665 2206 13642.972 1709.582 
873 3763 2190 13682.009 1714.795 
882 3765 2207 13684.22 1714.715 
879 3757 2181 13681.135 1715.251 
747 3870 2102 13656.297 1709.652 
913 3693 2201 13649.716 1709.851 
755 3877 2091 13661.542 1710.251 
744 3888 2081 13668.886 1711.821 
890 3741 2187 13667.732 1711.811 
748 3893 2088 13669.396 1711.173 
909 3700 2193 13658.865 1710.706 
750 3891 2090 13667.443 1710.857 
912 3706 2197 13657.146 1710.959 
921 3691 2195 13652.428 1707.873 
762 3856 2100 13663.056 1709.809 
887 3750 2207 13679.483 1713.334 
871 3772 2156 13671.777 1712.893 
850 3782 2170 13679.624 1715.407 
885 3745 2186 13676.884 1715.181 
844 3799 2162 13678.278 1716.412 
892 3740 2183 13669.996 1712.981 
907 3701 2191 13658.091 1710.521 
744 3897 2084 13671.908 1711.166 
906 3704 2194 13659.648 1711.667 
751 3873 2094 13658.548 1709.011 
744 3897 2083 13670.23 1711.247 
754 3887 2092 13676.074 1711.899 
845 3790 2169 13677.383 1716.209 
852 3786 2163 13674.152 1715.36 
853 3795 2160 13673.465 1713.788 
863 3789 2158 13678.339 1714.126 
851 3784 2164 13671.828 1714.426 
753 3890 2084 13671.353 1711.048 
845 3794 2160 13677.855 1716.473 
871 3760 2178 13676.843 1715.027 
747 3900 2077 13675.499 1711.516 
755 3876 2078 13661.599 1709.621 
755 3873 2089 13662.852 1710.86 
845 3795 2162 13676.484 1716.244 
916 3688 2189 13651.061 1709.314 
884 3753 2202 13679.342 1713.531 
846 3783 2169 13671.741 1714.826 
849 3798 2164 13680.692 1715.795 
889 3757 2185 13674.83 1714.016 
932 3665 2210 13641.819 1709.858 
784 3846 2126 13671.055 1710.894 
854 3787 2162 13677.906 1715.649 
870 3783 2169 13681.758 1714.716 
881 3766 2207 13684.281 1714.717 
841 3797 2168 13683.551 1716.508 
915 3691 2200 13651.541 1709.987 
867 3781 2180 13686.122 1715.386 
768 3866 2111 13664.55 1709.792 
919 3686 2192 13647.031 1707.918 
746 3901 2076 13675.418 1711.499 
765 3867 2097 13666.448 1710.738 
917 3684 2206 13647.628 1708.978 
858 3786 2174 13674.379 1713.784 
927 3685 2201 13654.389 1709.646 
742 3917 2087 13685.819 1714.099 
902 3709 2181 13662.069 1710.757 
923 3649 2212 13630.284 1707.896 
