976 4403 2501 13647.275 1707.855 
830 4535 2322 13624.623 1709.329 
825 4547 2329 13631.677 1710.952 
821 4557 2335 13630.095 1709.563 
1045 4234 2495 13577.18 1699.13 
1038 4303 2566 13643.527 1708.43 
1056 4250 2480 13596.069 1700.882 
1044 4271 2501 13604.698 1702.699 
1045 4267 2489 13591.45 1700.623 
834 4481 2382 13608.492 1705.838 
1048 4256 2472 13592.205 1701.078 
863 4478 2363 13615.077 1706.432 
1051 4257 2482 13596.793 1700.716 
918 4454 2460 13632.776 1706.236 
826 4553 2338 13631.674 1709.745 
894 4472 2411 13630.031 1705.331 
890 4475 2436 13622.311 1704.262 
983 4394 2471 13643.58 1709.145 
954 4435 2475 13645.165 1707.022 
1054 4246 2484 13591.488 1700.529 
926 4438 2412 13626.627 1703.357 
1028 4319 2536 13626.862 1705.706 
1023 4314 2557 13628.737 1706.028 
992 4326 2503 13617.742 1707.439 
939 4436 2430 13634.697 1705.198 
913 4459 2435 13630.081 1706.129 
840 4482 2369 13610.232 1706.022 
974 4405 2499 13646.768 1707.819 
993 4360 2524 13627.818 1705.761 
933 4438 2428 13613.945 1704.351 
957 4421 2442 13630.162 1703.781 
1042 4287 2509 13612.953 1704.436 
829 4498 2378 13613.015 1706.224 
857 4482 2348 13616.77 1706.683 
963 4415 2423 13632.013 1705.365 
997 4336 2552 13621.889 1705.821 
925 4455 2449 13635.347 1706.559 
854 4494 2361 13622.536 1707.279 
831 4524 2351 13620.801 1708.269 
943 4413 2495 13636.373 1706.79 
895 4471 2413 13630.595 1705.399 
990 4374 2482 13642.62 1708.273 
845 4531 2348 13629.365 1709.681 
979 4400 2506 13646.922 1709.012 
1055 4250 2481 13594.532 1700.898 
961 4417 2421 13632.245 1705.28 
1028 4309 2523 13628.238 1708.569 
960 4410 2472 13641.289 1707.05 
1010 4322 2543 13627.354 1708.186 
847 4508 2349 13625.876 1709.332 
847 4515 2346 13624.35 1708.794 
838 4518 2351 13625.176 1707.906 
841 4502 2360 13621.202 1708.17 
831 4502 2368 13611.887 1705.454 
1013 4313 2545 13622.935 1707.68 
945 4406 2483 13631.67 1704.047 
1042 4287 2510 13612.992 1704.412 
949 4412 2480 13634.243 1705.52 
1013 4315 2545 13623.38 1707.644 
984 4388 2473 13639.405 1708.073 
1002 4323 2521 13618.517 1704.945 
906 4458 2450 13633.499 1705.545 
856 4487 2343 13615.699 1707.064 
840 4510 2354 13623.654 1709.223 
1021 4319 2520 13629.547 1707.582 
896 4471 2412 13630.667 1705.454 
921 4441 2450 13624.584 1705.07 
996 4351 2495 13622.646 1704.71 
979 4385 2523 13631.733 1705.542 
1000 4362 2488 13636.094 1706.421 
931 4414 2477 13627.147 1705.755 
855 4478 2353 13613.4 1706.891 
1052 4248 2485 13591.919 1700.597 
849 4512 2360 13627.868 1708.129 
997 4349 2496 13621.975 1704.772 
1055 4245 2484 13591.5 1700.531 
1010 4336 2518 13629.885 1707.341 
991 4361 2490 13631.461 1708.858 
962 4413 2475 13631.243 1703.971 
998 4371 2494 13643.259 1708.109 
1005 4343 2514 13624.918 1705.05 
907 4456 2450 13632.966 1705.534 
1000 4338 2521 13624.869 1706.127 
836 4542 2331 13627.119 1709.225 
988 4346 2507 13619.01 1706.205 
997 4372 2493 13643.203 1708.101 
988 4343 2518 13618.664 1706.139 
1028 4309 2524 13628.23 1708.567 
989 4364 2501 13628.05 1704.644 
