541 1828 1210 13761.729 1725.823 
338 2061 1001 13698.094 1717.825 
444 1981 1152 13832.781 1737.634 
329 2051 1008 13674.336 1713.664 
548 1826 1195 13776.743 1726.731 
345 2032 1006 13662.374 1712.296 
362 2027 1064 13744.576 1720.623 
505 1871 1173 13740.078 1723.742 
344 2030 1018 13670.002 1713.428 
392 2005 1082 13748.172 1722.632 
410 1997 1130 13804.07 1732.695 
426 2002 1132 13804.937 1732.215 
445 1961 1156 13798.459 1733.282 
335 2041 1016 13676.286 1715.649 
449 1949 1155 13793.585 1732.345 
365 2019 1070 13749.69 1721.8 
346 2045 1002 13691.573 1716.163 
385 2016 1097 13764.943 1726.946 
486 1893 1127 13748.283 1726.309 
389 2008 1091 13762.497 1726.835 
430 1995 1138 13830.147 1737.177 
443 1973 1156 13810.066 1734.491 
444 1976 1154 13820.926 1735.622 
485 1890 1168 13765.656 1729.891 
451 1932 1153 13765.285 1727.961 
534 1853 1182 13789.755 1728.477 
535 1838 1203 13766.753 1725.705 
343 2039 1009 13668.293 1714.176 
361 2018 1068 13745.818 1721.84 
341 2044 1006 13684.205 1717.296 
341 2036 1010 13670.669 1714.774 
530 1846 1203 13756.487 1724.416 
545 1839 1191 13782.325 1727.207 
436 1987 1142 13821.247 1736.37 
527 1854 1174 13770.859 1725.584 
469 1898 1149 13760.519 1729.4 
474 1889 1178 13744.291 1723.815 
480 1925 1143 13775.913 1728.224 
530 1851 1194 13780.474 1729.827 
520 1858 1185 13765.749 1726.592 
512 1863 1174 13742.964 1723.478 
507 1862 1197 13760.043 1725.5 
520 1857 1168 13762.112 1727.419 
440 1985 1143 13823.965 1736.37 
468 1912 1171 13772.179 1727.582 
496 1868 1165 13752.67 1728.557 
528 1841 1208 13772.141 1728.191 
511 1867 1190 13777.024 1727.957 
482 1904 1153 13767.175 1727.773 
459 1927 1134 13749.791 1723.751 
345 2031 1003 13666.632 1713.403 
497 1890 1152 13742.893 1723.162 
467 1916 1144 13751.969 1724.965 
445 1967 1130 13804.964 1732.445 
538 1844 1197 13767.389 1726.627 
463 1922 1154 13763.361 1728.164 
457 1930 1150 13768.168 1728.035 
345 2033 1005 13663.986 1712.509 
499 1882 1189 13755.252 1724.079 
476 1907 1164 13767.411 1725.879 
456 1919 1166 13756.417 1724.966 
493 1881 1182 13753.783 1724.672 
490 1906 1148 13746.814 1723.275 
488 1876 1175 13759.507 1728.269 
471 1909 1166 13765.858 1726.971 
431 1989 1144 13822.47 1736.528 
345 2032 1003 13663.352 1712.638 
501 1870 1180 13753.495 1723.354 
503 1883 1170 13755.977 1725.317 
497 1885 1138 13758.75 1728.411 
509 1859 1197 13758.558 1725.567 
391 2003 1070 13764.136 1726.795 
487 1880 1151 13755.359 1728.537 
470 1897 1148 13760.809 1729.451 
462 1913 1169 13759.551 1726.036 
448 1928 1161 13761.277 1723.536 
437 1986 1143 13821.48 1736.418 
460 1913 1157 13763.172 1725.161 
447 1929 1160 13760.272 1723.43 
441 1983 1147 13830.356 1737.026 
494 1872 1158 13758.781 1724.195 
489 1885 1163 13760.18 1727.756 
542 1827 1210 13761.863 1725.836 
451 1916 1165 13761.215 1726.083 
493 1882 1180 13765.235 1725.009 
470 1897 1167 13749.61 1724.009 
