1150 4838 2749 13544.939 1692.919 
943 5268 2651 13649.384 1706.772 
1068 5126 2839 13665.732 1711.895 
1142 4859 2741 13548.108 1692.781 
1051 5175 2768 13689.449 1715.015 
1150 4837 2752 13545.883 1693.383 
1151 4837 2753 13546.444 1693.378 
940 5244 2668 13635.673 1704.354 
945 5253 2640 13637.777 1704.999 
1123 4954 2809 13596.22 1701.052 
1136 4929 2780 13595.091 1703.253 
1143 4852 2768 13552.615 1693.913 
1036 5204 2795 13684.711 1714.876 
963 5229 2679 13642.258 1704.615 
1140 4859 2762 13553.142 1693.675 
976 5218 2671 13647.921 1707.247 
1138 4925 2795 13601.257 1701.935 
1102 5095 2834 13672.435 1711.796 
1105 5032 2751 13630.948 1708.394 
966 5241 2648 13650.026 1705.795 
1126 4950 2807 13602.636 1702.279 
1104 5032 2752 13631.243 1708.476 
1072 5115 2819 13661.768 1710.33 
1047 5197 2777 13681.928 1712.97 
1092 5099 2830 13669.752 1712.302 
1119 4990 2802 13614.337 1704.477 
1078 5121 2781 13658.6 1710.745 
1115 4976 2794 13608.836 1704.881 
1108 5007 2758 13625.035 1707.628 
1048 5177 2781 13678.231 1714.712 
1149 4840 2749 13545.303 1692.983 
1103 5004 2798 13607.397 1703.377 
1041 5191 2781 13680.706 1714.894 
1105 5022 2771 13629.148 1707.974 
1062 5160 2814 13676.585 1711.615 
970 5229 2664 13647.728 1706.218 
1049 5158 2825 13673.995 1712.743 
1143 4856 2751 13549.882 1693.314 
1113 5005 2748 13621.813 1705.88 
962 5218 2673 13637.191 1704.817 
970 5238 2644 13646.189 1705.074 
1082 5119 2801 13671.04 1713.305 
1106 5030 2742 13634.285 1707.698 
1103 5009 2789 13611.957 1703.989 
948 5251 2643 13638.495 1705.113 
962 5233 2658 13637.234 1703.4 
1087 5103 2833 13669.943 1711.034 
1043 5189 2785 13680.854 1714.373 
972 5221 2657 13643.431 1706.15 
1043 5161 2824 13672.824 1712.824 
1107 5019 2751 13628.409 1707.002 
956 5236 2654 13645.586 1705.862 
950 5248 2650 13640.261 1705.167 
1117 4994 2784 13610.253 1704.798 
1067 5124 2781 13666.295 1713.548 
1066 5146 2814 13664.341 1711.869 
1077 5120 2774 13662.905 1711.469 
1085 5099 2836 13671.776 1711.246 
1060 5154 2785 13672.494 1713.247 
957 5236 2671 13639.787 1703.55 
1051 5146 2787 13673.356 1713.535 
1051 5140 2828 13665.749 1713.017 
1118 4982 2792 13610.809 1705.433 
1115 4998 2783 13610.916 1704.925 
1071 5145 2790 13668.513 1712.585 
1064 5126 2820 13670.054 1712.216 
957 5224 2667 13641.875 1705.373 
1105 5008 2791 13612.712 1704.123 
1107 5020 2743 13624.462 1706.461 
1051 5173 2772 13666.263 1712.197 
1072 5132 2780 13664.213 1711.313 
961 5219 2672 13637.185 1704.816 
1109 5026 2747 13628.419 1706.349 
1077 5107 2831 13662.68 1710.938 
1058 5148 2790 13666.823 1711.867 
1114 5004 2749 13622.051 1705.896 
1077 5106 2823 13667.241 1711.226 
1106 5020 2744 13626.706 1706.663 
946 5248 2667 13644.311 1705.876 
1070 5129 2830 13667.205 1711.251 
1076 5113 2817 13668.692 1711.385 
1074 5125 2799 13666.232 1710.565 
1071 5142 2792 13669.048 1711.001 
1078 5106 2832 13662.747 1710.95 
1106 5021 2749 13626.079 1706.63 
1113 4979 2807 13609.918 1704.586 
1106 5026 2746 13630.965 1706.567 
966 5229 2651 13645.183 1706.328 
1115 4984 2792 13611.897 1704.958 
1075 5124 2800 13666.633 1710.578 
1060 5138 2834 13662.322 1711.885 
1073 5114 2820 13661.883 1710.349 
