667 3270 1790 13735.357 1725.763 
766 3087 1868 13655.916 1707.476 
614 3339 1756 13736.943 1724.832 
762 3057 1885 13643.614 1708.102 
774 3080 1879 13656.435 1708.517 
726 3143 1886 13680.058 1713.252 
606 3318 1763 13717.055 1722.429 
629 3320 1740 13730.512 1723.069 
669 3267 1800 13745.808 1724.85 
673 3238 1808 13713.924 1720.065 
701 3197 1838 13698.925 1717.252 
697 3198 1848 13696.517 1717.26 
689 3220 1834 13724.549 1721.05 
768 3083 1875 13664.38 1709.598 
738 3132 1848 13691.75 1715.556 
740 3128 1865 13660.263 1708.839 
682 3229 1810 13715.464 1719.405 
718 3162 1828 13677.879 1714.827 
703 3194 1832 13696.082 1716.715 
661 3272 1792 13741.473 1723.724 
715 3157 1840 13682.9 1714.048 
710 3185 1819 13689.814 1712.889 
671 3251 1796 13721.371 1722.341 
651 3283 1771 13722.762 1720.733 
733 3139 1843 13658.627 1707.988 
620 3324 1747 13728.71 1723.422 
704 3177 1849 13684.591 1716.552 
643 3291 1786 13729.565 1722.997 
699 3203 1824 13715.284 1719.838 
695 3217 1833 13728.976 1721.942 
753 3089 1882 13661.752 1710.774 
668 3263 1806 13738.905 1724.596 
630 3303 1774 13720.181 1724.402 
663 3261 1802 13736.768 1725.541 
745 3107 1863 13674.852 1712.397 
712 3164 1832 13686.746 1714.57 
770 3081 1877 13665.444 1709.694 
728 3130 1853 13669.045 1711.931 
734 3125 1871 13667.607 1711.033 
685 3199 1849 13680.369 1715.64 
743 3117 1857 13656.933 1708.417 
709 3170 1850 13681.729 1714.583 
724 3166 1856 13670.405 1710.612 
747 3112 1860 13671.242 1711.255 
631 3304 1760 13732.138 1725.211 
741 3122 1857 13676.603 1712.297 
706 3173 1821 13670.752 1713.491 
657 3277 1769 13723.996 1722.228 
702 3196 1839 13698.854 1717.235 
619 3333 1751 13729.575 1723.083 
756 3092 1883 13661.552 1709.971 
638 3296 1771 13722.087 1721.441 
676 3244 1807 13729.321 1723.219 
627 3304 1778 13721.826 1724.183 
666 3269 1806 13741.403 1725.428 
608 3319 1761 13717.787 1722.188 
719 3150 1817 13679.406 1714.037 
717 3146 1841 13672.862 1713.98 
617 3326 1750 13727.302 1723.713 
617 3317 1764 13720.484 1721.867 
746 3106 1876 13661.861 1710.445 
699 3211 1815 13715.33 1719.95 
698 3205 1822 13715.464 1719.873 
720 3142 1877 13671.836 1713.361 
648 3295 1756 13726.098 1722.045 
731 3110 1876 13659.603 1710.037 
634 3305 1779 13734.008 1723.137 
680 3235 1788 13718.22 1721.874 
632 3312 1755 13723.331 1722.88 
624 3327 1740 13732.542 1723.319 
653 3286 1768 13733.557 1724.935 
636 3308 1768 13728.881 1721.618 
662 3255 1812 13734.842 1723.064 
645 3291 1773 13721.837 1722.145 
674 3234 1810 13729.351 1722.636 
675 3226 1814 13723.321 1721.409 
759 3106 1875 13679.572 1711.599 
619 3327 1741 13729.774 1723.589 
654 3280 1781 13725.384 1723.718 
749 3122 1856 13678.69 1711.91 
717 3145 1831 13673.992 1710.315 
614 3339 1755 13736.956 1724.834 
737 3130 1852 13680.203 1712.929 
713 3174 1844 13669.472 1710.385 
735 3135 1845 13685.802 1716.173 
677 3236 1801 13716.938 1719.852 
738 3115 1861 13673.764 1712.75 
655 3281 1761 13718.801 1721.525 
764 3106 1869 13678.165 1710.121 
747 3113 1856 13666.951 1712.301 
670 3259 1798 13735.067 1724.571 
760 3088 1870 13661.891 1708.439 
705 3198 1809 13689.666 1714.614 
741 3133 1861 13675.831 1710.981 
654 3284 1768 13725.697 1724.212 
734 3136 1832 13678.693 1713.781 
668 3257 1809 13737.334 1724.471 
