211 620 421 13918.642 1748.639 
195 654 466 14035.351 1763.323 
209 604 446 13921.832 1754.333 
196 667 458 14113.079 1772.887 
129 706 398 13918.225 1742.748 
205 620 424 13905.801 1745.277 
110 738 362 13945.16 1749.919 
110 737 363 13916.935 1745.369 
115 736 379 14000.795 1755.337 
140 717 396 13987.462 1754.01 
202 646 458 14036.747 1762.583 
206 625 417 13915.691 1747.441 
119 731 384 13963.02 1750.324 
206 619 425 13926.181 1747.294 
155 704 440 14079.941 1767.738 
204 636 463 14011.161 1762.826 
122 734 379 13980.607 1754.904 
129 707 397 13921.233 1743.001 
191 674 456 14107.344 1771.452 
134 719 385 13975.931 1747.957 
126 726 392 13967.733 1751.19 
203 638 457 14021.568 1763.496 
127 726 387 14008.382 1751.677 
125 727 387 13980.413 1748.41 
206 625 420 13924.423 1745.249 
181 681 459 14093.472 1769.194 
178 671 463 14062.44 1765.958 
208 623 419 13920.043 1748.724 
184 676 449 14098.671 1772.608 
167 698 433 14080.405 1764.75 
169 685 445 14031.26 1765.916 
182 678 452 14077.347 1767.895 
188 675 454 14075.642 1763.662 
199 660 461 14068.588 1766.374 
175 683 446 14046.964 1763.274 
208 616 423 13914.52 1746.503 
123 734 380 13978.373 1754.462 
124 733 380 13980.977 1754.697 
130 724 396 13977.474 1749.84 
209 612 437 13921.167 1754.491 
167 698 433 14083.897 1764.528 
207 613 435 13913.712 1753.088 
209 615 423 13915.434 1746.595 
193 661 462 14070.188 1764.158 
201 649 465 14054.549 1766.556 
187 674 461 14084.457 1770.275 
166 682 448 14061.527 1769.642 
172 689 438 14069.483 1766.114 
160 692 442 14056.03 1765.658 
169 690 444 14085.9 1772.348 
171 694 436 14081.777 1764.891 
196 668 458 14111.576 1772.632 
194 657 465 14045.848 1764.216 
128 724 393 13985.408 1750.436 
164 688 445 14065.585 1768.714 
128 723 386 13971.025 1752.646 
189 670 459 14074.307 1767.154 
187 676 441 14082.646 1766.859 
168 697 434 14085.017 1765.102 
164 683 449 14052.158 1767.095 
200 657 458 14077.073 1768.21 
159 688 446 14067.129 1769.127 
165 683 447 14060.76 1769.54 
133 720 395 13977.314 1750.564 
200 653 466 14066.258 1765.448 
210 621 420 13920.668 1748.674 
156 694 441 14044.687 1765.577 
208 613 434 13915.292 1753.185 
201 650 458 14052.761 1764.351 
170 686 442 14072.772 1764.998 
189 664 463 14057.672 1764.333 
170 693 438 14079.373 1766.265 
133 721 394 13973.59 1750.852 
158 689 445 14067.609 1769.209 
192 673 456 14090.926 1767.351 
162 688 445 14067.494 1770.146 
161 691 444 14055.618 1765.584 
131 722 394 13978.278 1750.64 
183 677 453 14077.209 1767.886 
206 616 437 13918.155 1751.36 
165 689 445 14051.21 1766.808 
133 722 393 13973.209 1750.675 
169 696 435 14083.992 1765.369 
167 689 444 14087.182 1765.594 
184 676 453 14080.053 1768.813 
195 661 460 14072.491 1766.54 
190 665 461 14072.086 1766.691 
191 665 460 14072.257 1766.725 
155 704 439 14080.124 1767.755 
176 682 445 14066.373 1768.026 
133 720 385 13978.124 1748.338 
189 673 461 14082.346 1766.629 
