896 3767 2193 13690.236 1718.267 
765 3993 2094 13709.642 1718.233 
868 3845 2152 13727.565 1722.694 
765 3981 2110 13708.042 1718.204 
906 3787 2184 13716.075 1722.918 
796 3898 2077 13687.479 1718.268 
792 3918 2121 13684.378 1716.512 
882 3818 2196 13708.664 1721.217 
791 3920 2123 13686.45 1715.248 
859 3859 2136 13720.384 1721.969 
808 3892 2116 13700.969 1718.559 
772 3973 2105 13704.806 1716.473 
793 3931 2098 13686.622 1717.415 
791 3937 2087 13686.388 1715.673 
872 3796 2162 13695.632 1722.284 
790 3899 2100 13685.293 1717.923 
790 3943 2104 13696.208 1717.217 
790 3945 2120 13694.22 1717.108 
822 3891 2133 13709.78 1721.939 
831 3879 2130 13712.686 1722.043 
853 3862 2121 13708.751 1718.975 
771 3979 2109 13710.4 1718.518 
805 3893 2123 13700.131 1718.407 
799 3933 2114 13689.339 1717.122 
851 3859 2147 13702.247 1719.626 
847 3861 2137 13709.811 1720.194 
863 3839 2166 13717.09 1721.079 
848 3876 2129 13718.274 1720.894 
890 3807 2183 13711.662 1720.527 
784 3959 2125 13714.169 1719.865 
897 3790 2171 13705.763 1719.841 
885 3826 2165 13704.188 1719.998 
838 3868 2130 13718.958 1721.383 
900 3789 2174 13717.325 1721.646 
773 3971 2111 13708.224 1717.686 
825 3873 2150 13704.022 1719.379 
790 3923 2141 13692.468 1717.761 
786 3895 2081 13686.019 1719.207 
867 3858 2162 13715.218 1722.615 
879 3823 2157 13707.083 1721.098 
787 3940 2117 13700.937 1717.173 
772 3991 2102 13715.446 1719.843 
789 3893 2084 13687.376 1719.364 
885 3810 2179 13703.319 1720.714 
827 3890 2142 13717.746 1720.531 
789 3953 2104 13708.431 1717.974 
895 3794 2180 13709.552 1721.253 
873 3822 2144 13706.656 1721.804 
842 3860 2156 13708.452 1721.283 
888 3824 2168 13706.149 1720.197 
880 3804 2162 13709.954 1721.729 
878 3817 2155 13709.11 1721.218 
894 3800 2153 13711.131 1721.894 
826 3862 2149 13707.344 1719.507 
879 3815 2141 13700.861 1721.841 
872 3830 2154 13702.908 1721.523 
890 3814 2177 13717.456 1721.482 
855 3845 2166 13706.108 1720.38 
829 3884 2146 13713.109 1721.581 
893 3791 2172 13705.558 1721.52 
801 3933 2100 13695.953 1715.603 
783 3961 2122 13713.964 1719.984 
802 3932 2099 13696.045 1715.617 
865 3843 2176 13714.047 1720.35 
879 3819 2163 13702.864 1720.243 
792 3936 2087 13686.317 1715.658 
841 3854 2165 13707.962 1720.369 
888 3815 2173 13705.577 1720.286 
775 3952 2101 13709.287 1720.626 
868 3841 2178 13714.669 1720.447 
782 3965 2112 13707.948 1718.44 
831 3870 2127 13710.749 1722.801 
875 3834 2179 13715.534 1720.692 
779 3976 2104 13707.52 1718.347 
858 3860 2135 13720.023 1721.888 
805 3893 2122 13700.235 1718.441 
840 3871 2128 13720.014 1721.512 
782 3968 2082 13711.006 1719.918 
866 3848 2162 13715.896 1721.939 
841 3868 2162 13713.626 1719.482 
840 3866 2131 13719.221 1721.374 
870 3832 2143 13709.322 1721.795 
874 3834 2179 13715.64 1720.747 
892 3798 2166 13711.096 1721.658 
839 3872 2143 13713.029 1721.789 
892 3797 2175 13713.632 1721.919 
858 3836 2183 13709.758 1721.275 
869 3833 2147 13717.254 1721.745 
867 3842 2177 13714.584 1720.438 
829 3879 2113 13713.983 1720.571 
840 3876 2134 13717.728 1721.545 
