1046 4192 2449 13570.705 1698.7 
861 4498 2376 13640.431 1712.687 
1016 4269 2510 13604.865 1703.717 
861 4510 2341 13632.537 1711.712 
830 4529 2356 13639.93 1711.005 
1051 4198 2438 13579.268 1698.289 
852 4512 2353 13652.88 1711.94 
911 4408 2430 13621.09 1710.05 
965 4403 2478 13634.205 1706.754 
1047 4193 2438 13577.38 1698.704 
840 4523 2362 13641.302 1710.691 
1009 4315 2464 13610.346 1702.837 
1046 4230 2443 13593.613 1699.531 
901 4429 2415 13632.384 1710.566 
837 4507 2372 13630.553 1709.122 
1045 4238 2446 13597.699 1700.614 
984 4367 2496 13630.482 1707.965 
1041 4213 2441 13581.744 1701.325 
894 4457 2418 13639.346 1711.615 
892 4431 2426 13625.881 1709.892 
875 4492 2396 13650.301 1712.528 
1042 4248 2451 13598.497 1700.909 
862 4495 2382 13644.779 1710.193 
979 4384 2476 13635.691 1707.028 
1046 4231 2442 13593.588 1699.53 
972 4373 2479 13626.546 1706.24 
877 4469 2393 13638.014 1710.402 
1051 4198 2437 13579.139 1698.322 
900 4434 2412 13632.183 1711.548 
973 4396 2477 13635.682 1707.326 
1037 4222 2446 13588.546 1701.092 
1042 4249 2441 13591.196 1700.983 
986 4358 2483 13628.762 1707.101 
1035 4267 2454 13602.288 1702.188 
871 4474 2402 13634.368 1709.581 
848 4506 2400 13638.91 1710.566 
1024 4291 2477 13612.372 1703.319 
886 4482 2394 13623.678 1708.441 
898 4436 2413 13633.47 1712.408 
895 4447 2406 13635.771 1711.763 
896 4446 2407 13635.006 1711.19 
886 4431 2433 13613.423 1708.408 
1018 4267 2507 13609.049 1704.45 
1038 4219 2447 13587.35 1701.001 
880 4484 2380 13642.13 1712.32 
1007 4294 2480 13612.737 1705.845 
856 4511 2348 13624.691 1709.409 
989 4338 2468 13623.496 1705.669 
874 4498 2380 13647.571 1711.963 
1036 4259 2461 13600.409 1701.16 
1033 4262 2509 13614.767 1705.641 
991 4344 2481 13619.819 1705.28 
879 4473 2386 13638.369 1710.968 
878 4474 2385 13637.917 1710.871 
882 4486 2376 13640.371 1711.221 
857 4510 2345 13624.328 1709.31 
855 4499 2357 13646.825 1710.983 
987 4359 2477 13619.042 1706.424 
883 4477 2404 13629.58 1709.856 
896 4463 2400 13640.41 1712.181 
855 4512 2367 13640.682 1711.104 
1020 4286 2467 13604.317 1703.39 
1004 4327 2456 13612.047 1704.681 
1016 4306 2499 13614.801 1704.906 
1007 4280 2503 13606.267 1705.408 
1023 4267 2493 13607.379 1704.011 
972 4368 2482 13616.543 1704.625 
1015 4272 2509 13605.869 1703.771 
1000 4322 2498 13614.718 1704.915 
853 4512 2353 13652.864 1711.938 
859 4500 2356 13628.494 1709.724 
1019 4289 2469 13602.773 1703.391 
1004 4329 2490 13620.447 1704.311 
1001 4317 2444 13611.985 1705.169 
974 4391 2472 13640.381 1708.248 
999 4336 2472 13616.758 1704.048 
1001 4309 2476 13613.628 1705.613 
1017 4277 2490 13604.041 1704.366 
1000 4314 2478 13615.903 1705.047 
995 4300 2488 13608.313 1705.276 
994 4333 2495 13620.861 1705.538 
877 4478 2395 13628.47 1709.907 
990 4350 2479 13619.14 1705.182 
860 4494 2377 13633.921 1712.247 
1006 4280 2503 13606.015 1705.525 
973 4392 2472 13640.382 1708.248 
856 4510 2367 13639.973 1711.101 
997 4336 2488 13619.18 1704.576 
995 4300 2489 13608.277 1705.267 
1013 4292 2492 13617.517 1706.375 
863 4498 2372 13640.245 1712.553 
990 4327 2469 13612.441 1705.555 
1001 4317 2490 13610.58 1704.838 
