269 1364 749 13862.658 1735.16 
319 1292 810 13827.989 1732.988 
341 1229 714 13686.711 1721.069 
339 1226 753 13705.272 1717.846 
364 1192 749 13695.454 1718.537 
207 1424 713 13840.073 1735.512 
220 1408 708 13821.46 1731.248 
235 1402 726 13849.706 1738.641 
333 1253 766 13747.942 1720.528 
333 1241 744 13731.114 1724.079 
363 1194 748 13703.951 1719.336 
251 1333 772 13769.436 1725.139 
246 1391 729 13853.995 1737.666 
313 1309 809 13853.221 1735.752 
359 1224 750 13747.829 1727.242 
320 1293 798 13818.716 1730.44 
213 1410 722 13830.82 1732.357 
260 1370 720 13842.381 1736.099 
343 1222 753 13709.671 1722.668 
327 1270 806 13790.224 1726.914 
211 1418 724 13840.888 1733.966 
337 1230 730 13705.928 1723.434 
251 1343 770 13782.977 1726.715 
236 1394 726 13838.849 1737.272 
354 1204 755 13706.595 1723.622 
331 1268 770 13770.451 1722.281 
287 1324 791 13812.09 1729.389 
342 1228 728 13697.078 1718.254 
329 1242 743 13714.091 1723.651 
351 1227 734 13720.376 1724.43 
252 1342 769 13779.718 1725.735 
297 1316 787 13817.306 1732.337 
305 1313 777 13827.153 1728.825 
326 1276 805 13808.339 1730.994 
282 1329 746 13812.294 1731.706 
346 1217 758 13716.225 1721.758 
315 1300 792 13830.024 1731.61 
227 1407 716 13829.535 1735.744 
328 1283 781 13801.737 1728.539 
269 1359 741 13846.511 1737.91 
324 1292 775 13799.012 1725.52 
229 1405 737 13860.772 1736.556 
345 1221 761 13716.735 1719.605 
352 1212 754 13716.316 1723.813 
292 1320 794 13833.798 1733.707 
228 1406 735 13859.673 1736.497 
247 1376 713 13837.473 1734.924 
358 1204 757 13715.376 1721.473 
303 1312 802 13823.251 1730.724 
361 1207 745 13705.055 1719.61 
255 1373 744 13845.778 1738.541 
323 1280 809 13797.945 1729.93 
291 1321 793 13831.764 1733.376 
339 1228 723 13690.673 1718.487 
335 1234 752 13724.544 1724.737 
261 1353 756 13826.394 1731.335 
295 1322 778 13811.803 1730.002 
319 1291 801 13828.486 1734.16 
336 1237 749 13726.907 1723.788 
250 1334 772 13769.775 1724.936 
268 1366 733 13850.28 1737.698 
322 1287 786 13813.166 1728.701 
359 1204 755 13717.355 1719.731 
286 1327 793 13821.409 1729.602 
325 1282 807 13814.33 1731.055 
325 1277 809 13808.761 1727.957 
260 1361 758 13838.077 1732.927 
293 1318 788 13810.125 1728.974 
342 1232 717 13715.91 1720.508 
247 1345 768 13775.349 1726.041 
321 1290 788 13819.294 1727.882 
301 1312 792 13827.861 1733.899 
259 1365 762 13850.04 1734.195 
334 1235 751 13722.763 1724.504 
235 1406 717 13850.202 1738.304 
271 1351 733 13833.705 1735.886 
277 1333 746 13802.992 1729.071 
269 1358 742 13844.94 1737.888 
265 1347 766 13840.771 1735.134 
329 1271 769 13770.263 1722.164 
340 1223 751 13717.873 1721.774 
270 1349 750 13835.919 1735.43 
272 1348 738 13823.024 1732.136 
275 1338 749 13804.907 1728.969 
294 1319 784 13812.275 1728.395 
319 1296 785 13822.978 1727.454 
251 1334 771 13771.399 1725.344 
273 1339 744 13821.953 1732.689 
278 1328 753 13822.383 1733.505 
315 1297 805 13833.575 1735.647 
324 1285 777 13804.322 1726.98 
323 1285 802 13824.619 1732.071 
264 1348 753 13826.598 1729.711 
330 1270 770 13771.796 1722.418 
211 1412 723 13840.691 1734.69 
274 1348 737 13817.757 1734.846 
