719 3277 1920 13797.36 1727.946 
704 3350 1886 13828.702 1732.06 
708 3335 1883 13832.674 1733.133 
707 3321 1870 13817.602 1733.362 
763 3168 1824 13694.219 1715.745 
703 3340 1887 13821.412 1731.373 
796 3093 1876 13681.916 1711.98 
752 3222 1879 13767.917 1725.218 
779 3149 1854 13717.172 1717.26 
766 3164 1835 13704.472 1717.144 
762 3173 1844 13695.233 1714.074 
779 3146 1891 13713.879 1717.543 
760 3225 1880 13772.626 1724.027 
778 3147 1889 13713.807 1717.53 
795 3120 1858 13692.622 1712.972 
780 3138 1854 13705.762 1715.012 
792 3108 1877 13691.467 1713.803 
753 3222 1887 13771.108 1725.113 
761 3165 1860 13698.093 1714.684 
735 3287 1905 13819.609 1730.219 
744 3238 1902 13777.048 1725.76 
724 3296 1906 13810.188 1728.598 
760 3224 1880 13772.754 1724.033 
709 3323 1879 13822.998 1731.951 
739 3245 1877 13790.965 1728.398 
784 3137 1874 13704.264 1715.752 
783 3132 1856 13704.711 1715.738 
749 3228 1894 13772.046 1725.742 
723 3253 1916 13780.46 1726.03 
765 3165 1853 13696.157 1716.245 
740 3247 1896 13782.906 1724.971 
743 3250 1893 13781.47 1726.122 
707 3320 1871 13816.671 1733.266 
724 3311 1897 13826.396 1731.254 
746 3243 1896 13783.1 1726.23 
748 3228 1879 13785.959 1727.071 
736 3278 1907 13803.302 1727.114 
728 3278 1909 13803.604 1727.299 
707 3337 1892 13814.536 1730.583 
744 3233 1903 13774.372 1724.823 
744 3250 1889 13793.85 1727.891 
715 3280 1917 13796.966 1727.823 
709 3320 1865 13817.739 1732.813 
739 3240 1900 13780.389 1726.18 
709 3321 1885 13823.457 1732.628 
728 3291 1906 13813.906 1729.346 
713 3312 1897 13809.142 1728.077 
747 3229 1894 13784.263 1727.463 
717 3289 1903 13804.256 1729.53 
710 3306 1903 13809.373 1729.302 
735 3287 1906 13819.549 1730.212 
738 3243 1899 13773.674 1724.206 
724 3252 1917 13780.31 1725.995 
714 3313 1891 13803.071 1729.319 
715 3339 1876 13828.565 1732.691 
737 3244 1897 13773.808 1724.226 
712 3319 1876 13820.171 1732.909 
739 3248 1895 13782.343 1724.851 
728 3302 1892 13817.087 1732.622 
739 3253 1888 13781.843 1724.551 
748 3232 1890 13777.12 1725.932 
737 3244 1898 13773.797 1724.225 
738 3249 1894 13782.066 1724.601 
739 3253 1888 13781.49 1724.586 
725 3319 1890 13828.2 1732.509 
729 3290 1906 13814.394 1729.471 
738 3254 1891 13781.843 1726.682 
781 3132 1890 13706.268 1716.398 
782 3136 1880 13704.591 1716.067 
785 3128 1878 13702.233 1716.089 
780 3147 1864 13704.612 1715.265 
791 3125 1894 13707.279 1716.283 
721 3310 1916 13808.791 1729.477 
