629 2510 1554 13741.787 1723.78 
442 2657 1341 13666.254 1714.874 
640 2460 1498 13690.939 1713.832 
604 2563 1529 13762.465 1725.246 
472 2622 1355 13652.283 1711.794 
437 2654 1342 13662.229 1715.0 
450 2642 1333 13664.679 1713.356 
461 2608 1383 13645.596 1712.773 
475 2606 1391 13672.593 1717.511 
583 2585 1517 13754.893 1723.237 
593 2571 1488 13740.905 1721.097 
493 2591 1384 13660.47 1714.918 
631 2508 1523 13726.522 1721.176 
636 2507 1542 13740.461 1722.963 
632 2515 1524 13728.341 1719.559 
483 2604 1387 13673.953 1717.283 
618 2524 1529 13738.0 1720.591 
623 2544 1519 13756.12 1723.579 
614 2560 1508 13756.332 1724.231 
595 2565 1521 13753.037 1724.39 
609 2550 1535 13756.655 1725.118 
465 2621 1368 13648.966 1714.576 
599 2565 1517 13757.719 1723.58 
592 2576 1509 13745.913 1721.428 
627 2515 1549 13742.761 1723.883 
446 2646 1353 13665.265 1716.497 
610 2550 1524 13751.281 1721.746 
456 2637 1340 13663.484 1714.208 
464 2623 1362 13659.856 1712.203 
488 2592 1374 13658.857 1715.769 
602 2568 1503 13745.755 1722.499 
442 2656 1349 13666.458 1714.142 
618 2531 1531 13732.907 1720.692 
609 2538 1544 13741.491 1721.489 
480 2612 1376 13668.846 1717.393 
453 2626 1359 13651.004 1715.972 
600 2564 1514 13746.107 1721.603 
453 2641 1358 13668.915 1715.593 
462 2619 1362 13661.567 1716.758 
617 2533 1531 13733.89 1720.708 
625 2521 1552 13748.105 1721.366 
477 2606 1366 13669.858 1715.885 
453 2654 1335 13662.522 1715.498 
587 2571 1527 13749.543 1721.845 
607 2535 1536 13744.71 1721.148 
466 2623 1373 13654.411 1712.957 
465 2614 1378 13651.597 1714.49 
443 2654 1349 13665.173 1714.156 
470 2618 1359 13657.092 1715.283 
607 2562 1512 13757.0 1724.353 
482 2605 1386 13673.134 1717.229 
455 2639 1365 13665.268 1714.822 
486 2592 1376 13657.005 1713.324 
447 2645 1353 13665.394 1716.585 
485 2595 1386 13658.025 1714.539 
586 2566 1511 13743.835 1722.417 
454 2631 1353 13656.369 1716.256 
615 2525 1524 13733.955 1721.948 
459 2631 1367 13653.458 1712.014 
458 2632 1367 13653.978 1712.035 
468 2615 1355 13661.443 1717.022 
616 2534 1538 13745.036 1721.364 
613 2530 1534 13736.398 1722.578 
616 2531 1545 13752.518 1721.76 
483 2610 1376 13668.932 1716.078 
471 2617 1360 13658.006 1715.301 
627 2516 1525 13736.537 1723.242 
462 2616 1382 13659.683 1713.952 
624 2523 1542 13746.664 1722.638 
626 2519 1526 13736.161 1721.458 
626 2517 1528 13735.623 1722.627 
593 2566 1501 13746.303 1721.496 
615 2534 1520 13739.421 1722.843 
456 2625 1365 13658.718 1714.516 
591 2569 1509 13750.253 1722.282 
480 2621 1375 13666.429 1714.066 
611 2530 1525 13739.043 1721.877 
467 2616 1354 13660.867 1717.039 
624 2528 1527 13743.348 1721.497 
460 2635 1353 13665.805 1714.506 
625 2517 1540 13743.493 1722.105 
629 2511 1553 13741.456 1723.799 
467 2630 1361 13670.414 1714.55 
457 2636 1361 13662.566 1713.33 
614 2523 1528 13740.134 1722.781 
617 2517 1545 13733.46 1722.405 
610 2530 1528 13742.97 1722.175 
625 2527 1523 13743.494 1722.208 
629 2511 1553 13740.752 1723.857 
473 2617 1375 13665.686 1714.541 
462 2623 1366 13659.646 1716.577 
625 2522 1525 13736.695 1721.493 
466 2613 1378 13651.768 1714.52 
