580 3345 1676 13685.747 1714.444 
763 3086 1825 13643.084 1710.713 
702 3240 1815 13727.861 1723.463 
758 3111 1818 13639.644 1708.83 
565 3294 1746 13668.134 1715.029 
702 3161 1871 13676.187 1717.779 
569 3343 1675 13681.156 1716.578 
698 3238 1819 13712.067 1721.234 
752 3116 1850 13659.263 1711.818 
577 3300 1734 13657.278 1712.669 
596 3334 1687 13683.997 1714.681 
757 3101 1844 13649.229 1709.782 
582 3270 1767 13675.319 1717.4 
722 3176 1840 13696.844 1719.625 
609 3324 1726 13708.353 1718.232 
635 3262 1726 13675.693 1715.712 
713 3186 1828 13688.709 1718.629 
657 3249 1809 13680.485 1716.003 
705 3201 1833 13709.616 1720.658 
615 3302 1713 13686.206 1717.967 
593 3327 1699 13694.448 1718.048 
576 3315 1736 13666.603 1713.157 
628 3272 1739 13676.289 1713.18 
572 3331 1750 13677.148 1713.795 
699 3237 1820 13712.022 1721.23 
757 3122 1841 13665.679 1711.954 
590 3312 1733 13678.179 1716.061 
656 3260 1793 13691.426 1715.771 
630 3290 1727 13691.037 1717.908 
696 3212 1824 13692.534 1719.032 
686 3219 1829 13700.489 1716.497 
681 3241 1773 13705.826 1719.889 
668 3243 1792 13682.496 1716.806 
667 3256 1800 13699.922 1717.041 
712 3190 1838 13701.257 1720.886 
673 3257 1784 13695.42 1716.31 
745 3146 1834 13674.348 1713.372 
724 3151 1862 13684.304 1717.475 
731 3170 1803 13676.593 1711.408 
762 3089 1822 13644.107 1710.929 
576 3334 1677 13670.114 1715.5 
740 3153 1799 13667.358 1711.2 
684 3241 1777 13703.61 1719.323 
756 3131 1843 13673.981 1712.2 
725 3150 1863 13684.51 1717.516 
611 3308 1721 13693.24 1718.303 
751 3136 1844 13672.801 1712.329 
707 3224 1804 13709.565 1720.68 
737 3112 1775 13645.532 1714.055 
727 3166 1817 13687.555 1717.393 
741 3141 1840 13661.193 1711.902 
612 3309 1683 13674.805 1717.431 
749 3145 1822 13673.666 1711.381 
572 3331 1749 13677.319 1713.777 
625 3304 1723 13689.515 1717.737 
725 3167 1800 13670.881 1712.388 
681 3242 1774 13706.173 1719.876 
687 3206 1823 13695.625 1715.553 
682 3254 1774 13704.698 1719.214 
670 3251 1775 13692.685 1717.253 
623 3269 1743 13676.381 1714.368 
594 3332 1690 13689.808 1716.072 
707 3204 1805 13681.782 1716.247 
629 3295 1734 13698.814 1719.832 
668 3249 1782 13696.366 1717.147 
732 3148 1841 13660.988 1710.971 
594 3332 1694 13686.068 1714.364 
689 3205 1825 13699.175 1718.857 
625 3297 1730 13694.429 1717.864 
762 3088 1824 13643.599 1710.761 
732 3156 1833 13667.7 1712.176 
731 3161 1845 13674.544 1714.405 
740 3157 1802 13670.292 1711.148 
628 3267 1746 13680.775 1715.735 
614 3309 1725 13696.689 1717.391 
620 3297 1731 13688.282 1717.972 
742 3140 1840 13661.083 1711.862 
752 3132 1845 13670.494 1712.019 
632 3293 1720 13688.849 1719.081 
668 3242 1807 13682.551 1715.519 
734 3147 1836 13668.555 1711.867 
621 3293 1748 13691.024 1716.902 
594 3326 1692 13689.471 1716.061 
683 3242 1776 13703.612 1719.306 
618 3301 1726 13694.746 1718.894 
