195 671 470 14101.487 1770.374 
168 730 441 14254.076 1797.244 
109 742 375 13957.443 1750.106 
162 739 437 14273.856 1794.2 
213 617 430 13927.638 1753.177 
213 616 431 13922.328 1752.675 
110 740 375 13952.718 1749.974 
212 615 439 13929.53 1752.54 
202 639 425 13945.464 1754.552 
156 720 447 14152.901 1785.156 
205 635 437 13985.467 1757.03 
195 662 467 14079.941 1771.459 
196 668 467 14078.52 1767.183 
185 670 465 14069.049 1774.868 
205 635 439 13983.445 1756.947 
164 737 441 14268.987 1795.323 
207 629 437 13952.127 1751.566 
203 638 426 13946.014 1754.652 
158 723 444 14192.916 1794.298 
168 733 441 14265.053 1796.301 
165 726 446 14240.243 1791.049 
179 698 442 14181.181 1790.352 
170 728 444 14257.649 1794.09 
171 722 443 14247.951 1792.382 
185 678 463 14088.34 1779.628 
169 713 452 14225.055 1795.204 
196 673 455 14109.913 1776.899 
188 677 468 14119.271 1772.431 
178 714 444 14212.741 1791.879 
177 689 468 14116.333 1773.302 
185 686 453 14143.426 1775.713 
189 679 466 14130.692 1774.062 
206 623 429 13934.654 1754.312 
200 675 452 14134.79 1777.73 
211 620 433 13943.706 1750.442 
192 670 465 14107.548 1769.98 
174 709 456 14195.059 1784.868 
204 636 438 13983.838 1756.967 
173 734 442 14266.962 1795.575 
166 716 451 14221.281 1793.636 
177 703 459 14195.384 1787.54 
172 717 446 14241.798 1793.835 
156 719 448 14169.139 1791.305 
186 694 440 14162.126 1782.38 
186 692 449 14169.749 1781.057 
179 686 459 14139.066 1784.355 
187 682 459 14146.273 1782.304 
196 671 459 14120.1 1773.594 
209 625 436 13951.484 1752.326 
175 696 461 14127.427 1777.188 
167 723 446 14214.978 1790.447 
190 690 450 14143.429 1778.307 
173 707 445 14205.083 1794.012 
191 674 462 14112.599 1772.404 
170 720 446 14232.123 1788.962 
189 680 460 14140.354 1779.991 
179 710 445 14223.464 1786.758 
175 706 448 14211.33 1791.418 
211 619 435 13934.876 1752.107 
198 678 452 14134.735 1776.991 
187 692 440 14157.959 1782.205 
184 697 436 14158.279 1779.571 
185 685 456 14142.81 1779.747 
184 688 467 14135.202 1784.772 
166 722 445 14236.082 1795.614 
176 701 459 14196.153 1785.838 
206 624 437 13940.001 1754.043 
177 707 453 14190.729 1782.759 
181 689 455 14150.88 1785.953 
176 719 450 14234.988 1789.661 
190 669 462 14105.398 1780.526 
185 681 461 14128.539 1778.406 
177 695 462 14132.201 1777.81 
185 693 449 14135.878 1779.102 
191 675 460 14130.088 1785.158 
211 620 434 13940.771 1750.265 
208 628 433 13952.188 1752.623 
180 705 443 14185.053 1789.902 
180 678 458 14138.103 1782.767 
182 702 455 14200.435 1784.9 
190 669 464 14105.406 1780.508 
208 626 437 13951.613 1753.247 
211 618 440 13946.529 1752.734 
207 622 433 13944.964 1753.709 
179 706 447 14214.406 1786.152 
207 622 430 13934.489 1753.914 
177 718 451 14236.902 1790.057 
168 730 442 14253.865 1797.229 
165 718 461 14216.973 1793.036 
176 718 452 14230.91 1789.14 
182 705 449 14228.027 1789.885 
171 717 454 14232.573 1787.108 
