696 3218 1858 13740.231 1719.481 
552 3389 1683 13709.185 1724.443 
737 3144 1759 13653.903 1707.541 
635 3290 1797 13748.11 1722.899 
535 3423 1668 13708.328 1722.213 
535 3414 1652 13703.684 1723.973 
720 3184 1794 13679.113 1710.124 
699 3216 1831 13718.806 1716.835 
687 3233 1753 13684.439 1711.485 
708 3194 1769 13674.666 1710.538 
724 3160 1761 13664.207 1711.93 
704 3201 1758 13674.83 1711.038 
596 3329 1740 13694.502 1720.199 
711 3163 1768 13667.448 1713.098 
703 3178 1808 13709.036 1714.395 
608 3295 1759 13721.662 1722.869 
704 3186 1777 13669.674 1711.667 
565 3375 1658 13689.117 1720.275 
693 3221 1849 13732.071 1718.323 
555 3367 1717 13703.148 1723.148 
574 3345 1699 13689.774 1720.678 
652 3270 1799 13725.722 1717.868 
579 3337 1722 13686.056 1720.563 
561 3355 1708 13697.798 1721.48 
595 3330 1740 13694.651 1720.218 
634 3284 1770 13741.857 1724.029 
727 3155 1751 13664.295 1712.772 
714 3166 1751 13666.927 1712.37 
537 3408 1671 13715.145 1723.59 
529 3411 1672 13706.614 1723.561 
648 3289 1781 13744.445 1720.01 
532 3416 1673 13711.713 1722.659 
623 3308 1765 13738.69 1718.456 
683 3233 1810 13724.059 1714.763 
649 3274 1773 13737.262 1721.656 
579 3339 1703 13688.923 1721.544 
698 3206 1828 13723.584 1716.699 
643 3266 1790 13741.348 1721.92 
539 3412 1663 13701.594 1721.548 
718 3162 1763 13666.701 1712.433 
549 3396 1679 13706.228 1721.408 
569 3340 1726 13681.654 1719.203 
587 3323 1731 13695.653 1721.01 
734 3164 1786 13674.67 1711.533 
674 3259 1789 13731.89 1720.267 
546 3373 1696 13698.454 1721.069 
588 3322 1732 13695.69 1721.008 
557 3369 1681 13699.391 1722.417 
646 3267 1824 13727.233 1716.425 
641 3279 1794 13735.579 1719.241 
573 3357 1672 13679.845 1718.363 
684 3219 1843 13726.665 1718.652 
584 3332 1725 13694.38 1720.852 
659 3265 1811 13732.789 1717.134 
692 3226 1842 13736.694 1719.014 
546 3395 1687 13705.367 1721.521 
541 3406 1670 13700.524 1721.739 
582 3337 1705 13677.904 1716.781 
627 3303 1787 13746.0 1722.269 
559 3367 1708 13702.658 1722.967 
560 3383 1700 13692.02 1720.766 
632 3305 1768 13732.543 1718.552 
639 3279 1794 13738.014 1722.992 
536 3401 1681 13704.519 1723.046 
713 3191 1767 13675.813 1711.821 
647 3272 1775 13736.2 1721.354 
702 3193 1785 13711.199 1716.71 
632 3285 1768 13740.821 1723.776 
540 3416 1655 13711.627 1722.809 
697 3230 1763 13695.129 1712.661 
569 3363 1654 13691.202 1721.741 
554 3372 1674 13694.082 1721.527 
538 3386 1700 13700.708 1721.503 
714 3189 1775 13676.982 1712.029 
551 3397 1686 13709.091 1720.979 
559 3380 1694 13698.498 1719.07 
732 3147 1751 13662.244 1711.897 
708 3176 1754 13669.78 1712.457 
681 3256 1852 13750.057 1721.029 
558 3390 1692 13703.056 1721.014 
610 3293 1762 13722.413 1723.02 
536 3412 1682 13706.92 1721.556 
525 3421 1674 13711.677 1722.493 
689 3227 1848 13731.422 1715.769 
704 3177 1809 13709.851 1714.567 
703 3203 1812 13699.804 1713.77 
585 3334 1717 13694.42 1720.377 
571 3368 1665 13688.06 1719.746 
