351 1293 838 13905.524 1745.593 
340 1277 866 13888.626 1741.526 
332 1309 870 13916.157 1744.755 
287 1371 778 13883.547 1741.47 
271 1393 773 13900.755 1743.13 
256 1407 777 13896.742 1744.15 
314 1355 799 13942.356 1755.374 
312 1359 818 13960.046 1755.14 
313 1363 812 13945.861 1753.826 
314 1346 837 13949.72 1751.663 
309 1366 809 13949.206 1755.325 
348 1280 862 13915.923 1746.266 
317 1352 827 13959.738 1751.998 
281 1380 780 13893.105 1741.852 
273 1383 788 13883.557 1742.699 
283 1377 776 13887.635 1742.714 
312 1355 819 13937.044 1753.058 
347 1284 844 13886.696 1745.687 
268 1399 774 13905.129 1744.433 
334 1322 860 13946.986 1747.464 
275 1390 782 13894.542 1742.441 
347 1296 841 13914.028 1743.451 
266 1395 784 13890.476 1743.786 
296 1367 817 13929.544 1749.981 
301 1350 838 13924.296 1745.368 
344 1302 840 13925.345 1745.78 
282 1379 795 13897.516 1744.005 
319 1348 835 13948.365 1751.037 
346 1293 864 13928.347 1746.999 
306 1361 822 13941.819 1752.26 
340 1296 854 13931.605 1749.459 
342 1300 850 13939.589 1749.891 
300 1369 834 13933.387 1749.232 
336 1315 828 13908.849 1744.676 
321 1346 839 13943.73 1750.259 
318 1318 845 13912.879 1748.366 
337 1305 855 13942.179 1749.151 
261 1397 776 13886.524 1742.772 
278 1383 779 13889.168 1742.888 
311 1357 823 13930.143 1748.825 
274 1385 785 13891.154 1743.155 
268 1399 774 13902.374 1744.573 
270 1397 776 13895.881 1742.154 
339 1301 858 13940.736 1750.569 
335 1317 831 13920.84 1749.782 
318 1340 843 13920.06 1746.957 
326 1334 825 13916.257 1749.042 
325 1331 832 13919.423 1746.857 
308 1357 828 13939.334 1750.524 
329 1316 843 13933.666 1748.031 
337 1309 849 13919.11 1743.722 
305 1362 820 13940.08 1751.996 
321 1326 843 13903.199 1746.516 
303 1358 827 13937.896 1749.906 
327 1322 832 13927.582 1748.329 
305 1356 829 13932.531 1751.203 
327 1332 857 13945.765 1745.138 
307 1353 831 13941.268 1751.33 
346 1299 831 13899.961 1743.969 
312 1343 842 13918.411 1747.3 
257 1406 778 13898.095 1744.435 
271 1391 786 13895.814 1742.099 
330 1311 831 13927.447 1747.812 
329 1333 813 13917.205 1748.914 
306 1349 833 13940.892 1750.861 
335 1304 857 13937.128 1749.604 
328 1328 843 13926.745 1744.657 
316 1349 830 13929.601 1750.125 
282 1379 796 13897.304 1743.996 
303 1368 822 13941.872 1749.378 
276 1382 787 13891.191 1742.999 
322 1334 842 13925.247 1748.487 
307 1361 821 13936.828 1749.94 
313 1336 840 13933.183 1748.983 
334 1313 842 13924.522 1749.61 
324 1344 816 13927.632 1749.877 
337 1303 844 13935.492 1749.169 
325 1345 818 13919.977 1748.723 
271 1395 783 13897.152 1745.12 
324 1332 832 13920.777 1747.081 
276 1386 779 13899.23 1743.684 
309 1353 827 13931.902 1750.593 
337 1314 830 13910.153 1744.903 
275 1388 783 13891.801 1743.758 
315 1352 831 13939.958 1750.92 
272 1388 786 13898.313 1743.778 
323 1345 814 13927.851 1749.855 
318 1356 824 13934.506 1748.909 
330 1326 830 13918.279 1747.885 
277 1386 784 13891.696 1743.779 
276 1387 778 13900.545 1744.091 
323 1337 842 13927.172 1747.691 
