1078 5046 2829 13624.126 1705.587 
1089 5025 2797 13620.123 1707.081 
894 5206 2732 13613.684 1703.748 
889 5200 2739 13615.134 1703.498 
949 5083 2778 13570.108 1699.774 
1165 4864 2882 13592.116 1699.977 
1179 4835 2873 13590.992 1700.821 
993 5117 2642 13614.376 1705.839 
934 5163 2699 13588.846 1697.822 
985 5101 2671 13602.101 1703.575 
1048 5056 2737 13608.517 1705.915 
1171 4844 2861 13586.302 1700.006 
963 5087 2776 13580.581 1700.317 
1076 5048 2827 13624.037 1705.59 
1121 4970 2847 13618.897 1704.679 
926 5146 2781 13606.936 1704.285 
1163 4855 2860 13583.713 1700.055 
916 5164 2723 13594.322 1698.931 
992 5121 2645 13611.979 1704.075 
975 5131 2663 13612.302 1704.9 
946 5155 2741 13607.307 1702.441 
982 5063 2774 13577.734 1700.208 
957 5118 2741 13586.931 1699.369 
1108 4988 2812 13617.315 1705.789 
1098 5013 2803 13622.077 1706.53 
917 5186 2690 13595.949 1699.225 
1159 4896 2844 13589.006 1701.041 
1011 5109 2652 13615.619 1704.842 
913 5194 2702 13595.463 1698.625 
1038 5051 2752 13601.608 1705.284 
978 5062 2778 13575.961 1699.814 
1138 4930 2836 13600.689 1703.143 
917 5185 2690 13595.664 1699.287 
973 5070 2771 13573.904 1700.005 
1177 4836 2871 13590.357 1700.685 
971 5075 2767 13577.135 1699.641 
1045 5065 2727 13614.437 1706.942 
938 5160 2697 13600.999 1700.933 
897 5198 2737 13616.099 1702.909 
1095 5005 2818 13616.876 1704.956 
1101 4994 2794 13619.845 1706.662 
1115 4964 2822 13618.633 1704.995 
1153 4884 2864 13598.823 1701.896 
953 5095 2762 13581.631 1700.543 
1141 4920 2853 13601.599 1702.583 
1023 5071 2734 13606.053 1705.648 
1082 5034 2829 13621.491 1705.74 
1029 5072 2739 13606.355 1705.351 
999 5111 2649 13608.856 1703.805 
962 5114 2753 13599.53 1701.456 
1005 5119 2644 13613.39 1705.137 
1115 4971 2789 13604.749 1703.963 
1143 4913 2840 13593.025 1702.161 
1164 4874 2858 13593.242 1701.153 
925 5169 2708 13598.176 1701.644 
1112 4988 2807 13618.188 1705.41 
1124 4908 2858 13595.335 1702.805 
903 5164 2764 13603.281 1702.737 
900 5177 2701 13601.357 1703.627 
969 5076 2773 13582.535 1700.671 
951 5136 2770 13610.69 1703.867 
941 5138 2762 13607.861 1702.666 
909 5173 2717 13600.18 1702.728 
971 5077 2745 13574.278 1698.785 
1145 4903 2837 13597.611 1701.74 
1130 4948 2853 13609.49 1703.561 
952 5127 2713 13597.011 1700.468 
1160 4862 2870 13591.685 1700.825 
904 5191 2713 13612.959 1703.416 
1135 4943 2834 13605.848 1703.883 
1106 5003 2794 13614.356 1704.571 
1080 5040 2773 13619.857 1706.265 
1144 4931 2832 13602.255 1702.291 
1099 5011 2802 13613.909 1705.084 
1148 4910 2841 13588.998 1701.594 
907 5173 2758 13605.112 1703.329 
1154 4882 2865 13598.484 1701.825 
1159 4865 2854 13588.915 1701.358 
930 5169 2710 13599.793 1700.389 
1139 4940 2829 13597.889 1702.203 
1110 4998 2796 13614.841 1706.1 
1093 5021 2798 13610.15 1705.83 
995 5120 2642 13606.753 1704.481 
919 5162 2711 13602.344 1702.031 
936 5141 2757 13610.188 1703.529 
1160 4868 2876 13590.653 1698.629 
1141 4955 2827 13617.719 1706.054 
1092 5013 2810 13614.379 1706.689 
981 5115 2658 13604.894 1703.744 
1156 4873 2826 13586.93 1701.847 
908 5183 2728 13608.648 1701.906 
1013 5097 2656 13609.864 1704.3 
1084 5028 2820 13622.696 1706.299 
1166 4854 2865 13595.645 1700.486 
1110 4989 2833 13615.358 1706.305 
1155 4901 2860 13593.63 1702.515 
919 5166 2715 13595.44 1701.011 
985 5057 2774 13581.508 1699.718 
