518 1801 1134 13685.188 1711.554 
370 2054 1053 13811.331 1733.426 
482 1861 1164 13727.444 1718.03 
439 1921 1123 13734.154 1720.711 
412 1968 1082 13753.34 1726.442 
477 1876 1118 13704.936 1721.83 
511 1841 1122 13710.067 1715.585 
403 2000 1096 13787.246 1731.287 
396 2007 1086 13794.031 1732.294 
476 1917 1121 13775.845 1728.381 
393 1997 1072 13776.622 1734.869 
413 1973 1061 13751.628 1724.703 
416 1958 1069 13742.94 1724.422 
442 1945 1112 13743.653 1721.669 
465 1887 1155 13742.974 1718.483 
461 1881 1157 13731.613 1718.388 
481 1854 1145 13727.881 1717.818 
490 1856 1104 13694.015 1715.02 
484 1849 1130 13698.099 1720.967 
473 1870 1128 13733.019 1721.126 
468 1873 1122 13717.099 1718.594 
449 1938 1112 13754.722 1725.161 
459 1884 1122 13720.904 1719.905 
418 1956 1070 13743.155 1724.457 
399 2026 1065 13798.819 1733.298 
456 1887 1141 13730.702 1720.267 
460 1892 1132 13733.224 1716.778 
484 1860 1121 13699.294 1711.152 
442 1918 1140 13731.221 1719.529 
481 1852 1144 13716.325 1719.651 
480 1871 1123 13721.199 1721.327 
414 1972 1063 13752.911 1724.723 
486 1857 1110 13694.499 1720.39 
421 1961 1061 13747.767 1724.138 
495 1849 1105 13700.143 1714.318 
504 1843 1138 13723.263 1717.858 
467 1886 1161 13750.537 1718.311 
461 1881 1137 13729.92 1719.409 
385 2044 1065 13833.238 1736.264 
456 1881 1125 13728.266 1720.615 
445 1939 1111 13761.469 1724.494 
510 1813 1138 13695.088 1712.382 
491 1845 1153 13715.236 1718.177 
454 1940 1108 13780.22 1726.81 
464 1927 1118 13784.856 1727.91 
438 1954 1105 13776.441 1724.921 
510 1842 1122 13709.756 1715.559 
493 1848 1142 13713.139 1715.126 
411 1993 1097 13791.316 1732.271 
375 2049 1059 13816.47 1734.58 
400 2025 1084 13806.674 1733.591 
375 2046 1053 13817.402 1735.612 
392 2038 1077 13836.795 1736.752 
465 1878 1122 13725.371 1719.397 
485 1858 1095 13693.098 1715.741 
477 1882 1095 13710.685 1715.235 
485 1861 1101 13685.149 1712.8 
482 1880 1122 13733.954 1718.134 
399 1990 1070 13767.68 1734.287 
485 1854 1126 13696.886 1715.157 
485 1853 1128 13700.568 1713.796 
475 1879 1161 13730.337 1717.741 
448 1918 1123 13756.333 1724.478 
463 1889 1146 13725.614 1716.618 
394 1995 1076 13770.815 1733.978 
420 1962 1060 13747.639 1724.129 
459 1907 1150 13753.438 1719.475 
479 1867 1169 13735.163 1717.424 
465 1946 1105 13789.3 1728.933 
452 1926 1101 13757.807 1729.312 
