185 652 425 14001.1 1780.885 
165 719 437 14171.04 1782.3 
210 635 444 14032.489 1774.162 
130 747 405 14115.715 1766.866 
168 678 449 14082.294 1766.538 
204 642 455 14047.981 1777.387 
170 702 438 14167.143 1790.531 
147 739 415 14155.84 1781.035 
132 746 407 14119.882 1768.078 
148 734 409 14131.689 1776.676 
186 659 438 14014.13 1772.494 
196 657 449 14060.607 1776.702 
178 679 436 14093.33 1778.937 
179 686 435 14103.516 1771.389 
164 714 419 14168.65 1788.931 
162 715 424 14170.775 1785.566 
163 699 443 14114.464 1772.926 
206 643 452 14068.013 1779.547 
155 731 423 14158.259 1782.502 
176 670 442 14020.499 1773.209 
179 693 419 14121.678 1780.479 
172 701 427 14100.856 1783.366 
167 708 435 14156.569 1781.253 
199 655 454 14078.639 1779.756 
193 656 436 14046.992 1777.823 
148 729 411 14155.333 1783.212 
200 651 445 14069.714 1778.534 
177 669 444 14022.446 1773.335 
171 701 428 14145.959 1786.634 
189 661 436 14052.511 1776.001 
169 703 438 14166.977 1790.523 
201 648 441 14055.336 1778.412 
183 692 431 14118.774 1779.637 
202 647 443 14053.699 1779.842 
171 691 439 14082.834 1775.012 
175 672 442 14023.014 1774.146 
171 704 416 14132.943 1783.527 
169 707 421 14136.953 1783.421 
185 662 438 14037.362 1774.446 
186 666 432 14047.287 1774.084 
180 685 435 14103.87 1771.428 
156 723 433 14168.984 1781.756 
167 714 438 14153.925 1787.639 
164 708 426 14149.488 1787.984 
192 657 436 14046.937 1777.777 
171 700 430 14134.858 1784.943 
182 667 433 14059.034 1779.091 
181 663 447 14028.22 1772.554 
168 716 425 14160.269 1783.882 
168 705 428 14140.56 1785.066 
163 691 446 14078.316 1775.469 
157 722 433 14167.84 1783.172 
180 664 450 14028.92 1772.305 
178 666 444 14021.925 1771.827 
159 720 425 14134.009 1781.422 
164 721 420 14144.331 1781.688 
179 673 433 14076.794 1779.359 
173 703 422 14125.936 1784.616 
169 704 417 14139.289 1781.03 
161 721 429 14154.996 1780.649 
161 719 434 14155.826 1786.782 
190 657 440 14033.928 1776.756 
166 696 440 14102.611 1774.673 
179 686 431 14128.115 1783.935 
181 675 440 14048.838 1778.847 
164 698 445 14120.61 1774.396 
175 696 426 14142.936 1788.392 
200 652 441 14049.173 1775.975 
177 691 430 14137.549 1787.4 
191 656 441 14035.158 1776.771 
172 690 439 14082.438 1774.987 
172 696 436 14138.437 1784.043 
180 696 422 14120.325 1781.88 
174 688 446 14125.078 1781.768 
159 725 423 14142.722 1779.347 
185 661 444 14029.242 1775.271 
200 644 447 14051.224 1777.39 
184 666 441 14054.53 1779.055 
176 694 429 14138.945 1779.189 
177 694 424 14141.075 1788.249 
158 718 440 14165.494 1784.493 
202 645 441 14057.196 1781.297 
200 647 446 14068.864 1780.917 
174 695 434 14127.704 1781.797 
186 662 430 14030.962 1777.019 
182 663 449 14028.002 1772.983 
200 650 441 14051.504 1778.564 
182 674 440 14049.887 1778.971 
170 707 429 14145.331 1777.696 
174 698 423 14140.84 1787.753 
177 701 424 14164.568 1786.723 
