443 2024 1140 13897.835 1744.872 
511 1865 1177 13776.253 1727.671 
500 1904 1192 13827.22 1739.146 
443 2023 1141 13897.418 1744.835 
459 2008 1157 13906.106 1747.515 
521 1851 1179 13780.411 1730.941 
511 1869 1181 13768.966 1728.908 
460 2001 1139 13897.385 1747.108 
458 2008 1157 13903.789 1747.672 
477 1943 1175 13852.172 1740.289 
449 2013 1152 13890.018 1743.052 
470 1951 1161 13842.12 1738.534 
469 1992 1170 13898.369 1746.288 
474 1950 1142 13835.918 1736.762 
478 1942 1175 13852.098 1740.379 
512 1864 1184 13772.742 1729.598 
505 1882 1167 13799.712 1733.114 
457 2001 1166 13893.362 1742.983 
483 1924 1163 13831.292 1737.648 
518 1859 1182 13786.107 1728.021 
482 1935 1153 13831.225 1737.776 
480 1945 1166 13847.398 1737.076 
466 1993 1160 13890.847 1743.939 
503 1900 1164 13825.982 1736.056 
492 1912 1148 13804.105 1732.537 
507 1893 1163 13813.682 1734.662 
446 2015 1154 13896.682 1746.122 
486 1915 1162 13823.295 1735.062 
495 1905 1171 13823.749 1736.679 
489 1914 1177 13809.585 1734.932 
443 2021 1154 13901.59 1746.037 
490 1929 1152 13827.121 1737.022 
474 1950 1141 13836.581 1736.875 
506 1891 1166 13797.171 1728.86 
480 1940 1176 13851.977 1740.366 
501 1893 1174 13815.911 1734.538 
505 1879 1166 13803.352 1734.111 
510 1879 1172 13789.724 1730.639 
487 1918 1158 13827.967 1736.618 
456 2005 1159 13893.938 1746.59 
462 2000 1160 13895.054 1744.66 
463 1997 1150 13895.717 1745.523 
480 1918 1177 13827.726 1738.462 
470 1950 1162 13841.988 1738.527 
456 2008 1165 13898.343 1745.769 
509 1871 1181 13784.837 1732.087 
450 2009 1153 13891.523 1746.499 
502 1892 1171 13821.172 1733.511 
513 1863 1180 13775.392 1728.775 
516 1862 1181 13778.347 1729.655 
504 1869 1182 13788.927 1731.104 
465 1996 1158 13897.877 1746.63 
453 2012 1168 13903.764 1745.367 
509 1874 1178 13788.448 1729.73 
494 1908 1161 13820.897 1736.581 
482 1910 1165 13819.273 1735.857 
448 2010 1150 13890.504 1745.529 
504 1879 1173 13779.803 1729.291 
503 1877 1181 13797.336 1732.306 
508 1876 1165 13793.011 1731.069 
516 1874 1162 13785.749 1728.411 
516 1854 1184 13774.938 1729.054 
508 1871 1182 13783.051 1729.694 
494 1906 1152 13821.101 1736.749 
458 2001 1163 13893.517 1745.257 
512 1877 1169 13793.424 1729.912 
494 1908 1160 13820.978 1736.597 
513 1862 1184 13771.225 1729.414 
488 1909 1161 13816.334 1735.786 
505 1870 1177 13787.238 1730.282 
460 1999 1156 13892.64 1746.099 
502 1882 1173 13785.685 1729.958 
502 1881 1173 13785.686 1729.959 
460 2009 1158 13902.484 1745.423 
503 1880 1172 13783.949 1729.773 
462 1998 1150 13897.581 1746.34 
512 1864 1183 13773.222 1729.684 
503 1870 1183 13788.832 1731.102 
503 1880 1172 13783.838 1729.869 
511 1864 1184 13783.937 1732.464 
460 2001 1153 13894.877 1746.161 
