640 2493 1520 13715.254 1717.693 
478 2749 1358 13768.975 1724.569 
649 2499 1519 13729.087 1718.416 
463 2737 1398 13730.318 1721.106 
493 2725 1354 13755.041 1724.489 
532 2707 1484 13839.039 1737.733 
641 2492 1520 13715.697 1717.72 
625 2553 1544 13764.442 1725.469 
525 2712 1479 13835.995 1736.994 
535 2688 1470 13805.814 1732.563 
471 2726 1412 13731.522 1721.01 
505 2719 1369 13763.895 1725.269 
572 2655 1487 13820.837 1733.841 
499 2717 1380 13752.891 1724.061 
464 2728 1383 13726.016 1721.735 
642 2502 1519 13732.483 1719.208 
630 2532 1505 13741.194 1723.098 
622 2529 1541 13754.031 1725.813 
584 2588 1515 13771.621 1729.38 
633 2516 1505 13734.55 1720.089 
483 2746 1373 13775.357 1726.091 
594 2611 1520 13777.056 1729.257 
561 2651 1483 13807.336 1734.982 
482 2715 1405 13732.829 1721.088 
556 2659 1475 13793.757 1728.77 
629 2520 1515 13750.319 1721.762 
629 2542 1514 13761.42 1725.289 
473 2728 1392 13734.49 1721.647 
593 2601 1477 13798.351 1730.729 
489 2724 1355 13747.96 1723.09 
611 2570 1528 13776.875 1728.428 
602 2609 1518 13783.28 1729.008 
592 2602 1476 13797.614 1730.591 
632 2518 1504 13736.056 1720.251 
574 2634 1475 13801.518 1731.891 
569 2644 1500 13814.604 1733.183 
630 2531 1502 13741.88 1722.62 
589 2625 1508 13818.32 1732.564 
564 2650 1486 13809.457 1735.837 
552 2670 1501 13815.014 1734.488 
615 2545 1536 13778.2 1731.572 
542 2677 1492 13819.3 1735.397 
488 2726 1356 13748.816 1722.43 
487 2739 1365 13767.791 1724.89 
534 2693 1474 13818.243 1733.719 
649 2499 1518 13729.17 1718.431 
555 2654 1500 13800.478 1732.063 
645 2509 1518 13741.434 1721.515 
580 2628 1502 13804.264 1734.229 
535 2689 1470 13805.556 1732.637 
468 2733 1393 13732.107 1721.38 
504 2713 1363 13757.736 1725.62 
546 2674 1491 13811.655 1734.8 
606 2568 1522 13770.236 1729.768 
494 2723 1359 13758.577 1725.472 
544 2679 1495 13813.538 1733.996 
608 2586 1518 13770.992 1726.96 
572 2646 1494 13816.645 1733.802 
604 2577 1513 13765.526 1727.048 
597 2579 1508 13773.921 1730.267 
469 2729 1400 13730.695 1721.287 
648 2500 1518 13728.937 1718.396 
616 2562 1505 13766.341 1727.474 
632 2512 1500 13727.448 1720.607 
598 2567 1525 13770.663 1730.872 
540 2678 1490 13815.439 1734.308 
487 2733 1366 13767.789 1724.663 
624 2559 1520 13787.442 1727.813 
583 2581 1529 13774.55 1730.022 
607 2569 1537 13779.585 1729.539 
574 2630 1490 13793.374 1730.909 
542 2683 1479 13812.453 1734.075 
559 2656 1491 13803.053 1732.993 
599 2572 1511 13771.006 1729.977 
501 2721 1377 13758.192 1724.518 
588 2627 1507 13818.205 1732.625 
554 2641 1503 13788.947 1731.254 
617 2560 1541 13780.684 1730.512 
626 2557 1520 13787.466 1727.823 
491 2722 1360 13753.364 1724.586 
483 2747 1372 13775.792 1726.082 
614 2545 1537 13778.124 1731.563 
600 2585 1529 13782.315 1729.52 
602 2575 1520 13771.144 1727.361 
589 2579 1531 13763.326 1727.989 
465 2734 1399 13730.027 1721.149 
603 2584 1514 13770.639 1727.6 
501 2716 1383 13756.85 1724.381 
553 2650 1492 13805.581 1731.886 
549 2664 1503 13803.945 1732.586 
545 2685 1484 13811.45 1732.857 
534 2693 1474 13818.219 1733.732 
533 2686 1479 13810.653 1733.929 
