515 1828 1122 13687.193 1711.003 
394 1966 1073 13741.384 1721.734 
510 1805 1124 13663.419 1710.214 
512 1804 1136 13676.797 1712.303 
340 2041 1012 13716.552 1717.125 
468 1826 1161 13689.705 1717.183 
431 1906 1100 13716.373 1727.901 
357 2028 971 13688.544 1713.604 
323 2030 1038 13698.108 1714.864 
505 1835 1116 13669.49 1706.739 
366 2002 983 13692.124 1720.155 
447 1902 1138 13727.98 1727.205 
492 1854 1113 13673.904 1708.606 
382 1986 1034 13711.495 1718.706 
344 2010 1023 13695.605 1714.785 
492 1866 1108 13681.314 1708.933 
474 1881 1090 13677.214 1708.713 
360 2005 1048 13728.859 1719.04 
427 1932 1090 13720.357 1724.782 
364 2026 997 13708.675 1716.664 
349 2022 1009 13704.774 1717.788 
472 1882 1094 13665.114 1706.986 
370 1995 1025 13716.319 1713.83 
418 1930 1059 13737.207 1718.842 
353 2017 1001 13706.167 1718.473 
332 2029 1031 13700.281 1715.461 
398 1939 1043 13721.827 1724.137 
439 1895 1142 13723.97 1724.007 
375 1994 1058 13739.804 1720.021 
400 1923 1113 13699.401 1715.973 
481 1869 1095 13669.783 1707.225 
483 1863 1110 13674.16 1709.399 
410 1943 1077 13708.44 1719.672 
350 2015 1035 13691.161 1715.118 
507 1814 1130 13675.827 1711.208 
359 2012 1021 13717.005 1716.95 
396 1940 1083 13718.439 1723.386 
504 1846 1144 13716.656 1718.372 
471 1882 1117 13702.816 1711.733 
508 1818 1129 13683.838 1711.54 
374 2021 1015 13716.697 1718.161 
497 1839 1154 13712.974 1717.014 
356 2029 971 13688.307 1713.594 
395 1958 1051 13738.475 1722.422 
404 1961 1071 13732.379 1722.38 
392 1954 1071 13733.023 1725.399 
389 1974 1025 13701.247 1718.199 
453 1893 1122 13730.593 1725.791 
506 1819 1124 13670.654 1711.286 
343 2039 1023 13719.611 1718.172 
404 1948 1092 13729.906 1722.727 
454 1875 1135 13723.699 1723.716 
417 1933 1042 13727.246 1719.199 
392 1969 1062 13728.16 1723.014 
328 2030 1028 13693.565 1716.473 
432 1904 1100 13714.649 1727.553 
464 1882 1086 13670.593 1715.335 
490 1852 1128 13708.999 1717.864 
375 1953 1029 13720.206 1726.401 
416 1926 1075 13722.667 1717.247 
462 1904 1096 13701.106 1712.229 
480 1861 1105 13669.897 1710.136 
388 1972 1070 13739.252 1721.181 
416 1911 1122 13718.257 1721.355 
412 1946 1068 13734.629 1723.068 
348 2010 990 13701.573 1718.486 
412 1947 1067 13736.179 1723.338 
453 1884 1131 13725.333 1726.341 
409 1916 1106 13713.074 1720.647 
409 1921 1102 13715.836 1722.274 
353 2009 1000 13704.316 1719.217 
356 2028 991 13701.518 1715.752 
459 1875 1117 13714.216 1713.208 
452 1897 1107 13736.681 1725.846 
369 2000 1011 13708.632 1721.003 
510 1805 1123 13663.81 1710.288 
479 1879 1099 13686.603 1708.969 
437 1912 1071 13701.775 1718.934 
395 1968 1057 13738.437 1723.773 
339 2022 1039 13708.106 1717.861 
486 1868 1110 13684.795 1708.983 
479 1876 1115 13725.646 1720.84 
477 1856 1124 13697.577 1717.942 
480 1856 1124 13707.572 1717.24 
438 1904 1139 13735.584 1726.264 
449 1872 1146 13721.036 1724.58 
450 1827 1151 13674.7 1717.819 
431 1907 1107 13711.778 1721.943 
383 1988 1028 13710.905 1721.795 
449 1873 1144 13721.071 1724.544 
394 1967 1075 13739.225 1720.591 
495 1850 1150 13720.429 1719.337 
487 1867 1111 13684.674 1708.968 
431 1918 1093 13725.218 1718.748 
