228 565 404 13756.37 1728.925 
127 752 385 14161.758 1782.861 
222 553 416 13722.915 1722.391 
152 652 431 13887.505 1737.018 
117 711 409 13932.329 1751.816 
185 622 361 13789.163 1728.955 
218 576 407 13721.492 1725.655 
207 594 363 13751.525 1728.301 
194 619 370 13845.063 1734.991 
137 733 395 14131.815 1782.455 
144 703 385 14011.102 1760.231 
127 747 392 14152.726 1779.758 
140 723 384 14063.043 1768.366 
169 644 419 13887.728 1750.4 
215 583 410 13774.161 1730.611 
139 728 386 14088.262 1770.361 
181 632 380 13828.567 1733.464 
184 625 400 13866.08 1745.204 
174 640 422 13897.766 1750.31 
221 572 425 13793.388 1726.69 
185 618 375 13806.585 1732.018 
118 709 404 13956.761 1756.874 
123 710 406 13965.013 1754.939 
131 725 403 14095.828 1771.281 
143 699 405 14011.884 1762.287 
204 598 380 13770.228 1729.023 
203 603 373 13778.266 1732.895 
145 686 396 13966.954 1758.243 
156 664 409 13948.259 1755.58 
191 616 392 13837.648 1741.856 
135 736 387 14111.419 1773.437 
132 739 379 14106.966 1776.247 
132 737 373 14105.039 1776.788 
128 742 389 14125.14 1776.001 
130 743 386 14099.399 1773.459 
140 698 410 14031.827 1763.793 
158 670 404 13954.081 1752.803 
140 712 386 14025.367 1767.313 
176 620 401 13803.092 1736.016 
162 655 408 13922.517 1750.369 
166 671 427 13981.111 1749.917 
227 566 403 13755.257 1728.505 
214 578 415 13769.801 1732.699 
183 623 384 13840.848 1746.539 
131 735 397 14118.654 1779.358 
150 677 414 13948.355 1748.141 
170 639 423 13873.13 1746.19 
212 584 411 13782.102 1731.909 
152 657 429 13900.789 1740.291 
167 647 407 13884.555 1743.409 
142 691 411 13941.624 1748.623 
133 735 393 14119.044 1780.291 
198 611 390 13836.256 1737.309 
144 702 394 14048.286 1770.284 
209 589 380 13734.999 1726.762 
202 605 391 13815.764 1736.659 
143 690 413 13942.053 1748.71 
133 719 397 14032.776 1767.819 
140 706 405 14055.291 1765.699 
197 616 383 13833.951 1734.23 
151 659 428 13897.92 1740.078 
121 700 410 13932.728 1750.242 
132 738 388 14109.978 1775.32 
146 657 415 13875.892 1751.747 
200 591 406 13776.719 1738.257 
139 699 410 14036.719 1764.895 
172 643 410 13901.923 1745.584 
150 685 393 13971.561 1754.175 
118 707 407 13917.741 1750.254 
154 677 394 13937.011 1750.288 
211 585 417 13817.51 1738.872 
167 654 403 13904.812 1739.411 
192 612 387 13810.748 1745.142 
148 681 402 13928.411 1749.28 
148 688 397 13980.959 1751.357 
209 585 409 13791.352 1741.79 
139 712 399 14044.779 1766.387 
170 638 427 13873.339 1746.361 
220 568 399 13738.621 1727.93 
184 618 402 13844.5 1742.808 
179 632 395 13849.171 1743.951 
180 631 396 13849.669 1744.006 
196 592 401 13752.939 1734.636 
199 589 407 13765.412 1735.937 
201 592 407 13765.601 1725.504 
211 585 418 13817.376 1738.859 
141 682 426 13952.207 1743.847 
165 672 427 13980.614 1749.815 
159 663 394 13923.388 1750.207 
211 586 416 13799.196 1734.559 
198 606 399 13808.944 1733.291 
129 737 388 14117.016 1776.207 
211 588 382 13739.668 1727.698 
164 673 427 13980.921 1749.858 
142 681 427 13953.783 1744.952 
201 614 386 13849.309 1739.846 
142 682 427 13951.888 1743.669 
