858 3804 2199 13686.256 1717.242 
656 3997 2042 13624.125 1708.058 
671 4020 2030 13656.56 1713.574 
871 3781 2178 13675.446 1715.324 
830 3866 2191 13703.271 1720.177 
661 3991 2055 13622.438 1707.477 
708 3956 1993 13624.865 1706.769 
717 3958 1982 13654.48 1710.818 
729 3953 2089 13671.601 1715.048 
833 3862 2193 13702.76 1719.838 
837 3843 2172 13693.087 1716.106 
696 3966 2062 13650.317 1710.701 
684 3992 2040 13638.903 1710.0 
845 3833 2194 13695.845 1718.028 
867 3814 2198 13697.23 1718.31 
708 3956 1992 13625.671 1707.074 
758 3937 2094 13677.771 1715.522 
810 3867 2132 13679.266 1715.418 
799 3870 2158 13664.101 1713.389 
678 4002 2003 13634.786 1711.758 
788 3870 2159 13668.83 1713.802 
675 4019 2031 13659.872 1714.894 
771 3932 2110 13693.666 1718.982 
677 4010 2033 13658.371 1712.974 
709 3954 1996 13625.194 1706.956 
706 3976 2005 13651.828 1710.8 
668 3998 2043 13630.994 1707.962 
803 3883 2123 13682.774 1717.01 
685 3985 2041 13637.204 1710.003 
775 3923 2103 13684.751 1717.518 
672 4000 2034 13644.238 1711.868 
851 3828 2177 13691.855 1717.788 
658 3992 2035 13631.875 1711.66 
662 3990 2056 13622.951 1707.52 
747 3914 2114 13672.973 1714.105 
794 3893 2135 13680.54 1714.666 
776 3925 2110 13681.271 1716.77 
764 3913 2118 13672.065 1714.431 
773 3905 2144 13676.668 1714.794 
857 3820 2184 13695.163 1717.686 
769 3934 2106 13690.113 1717.839 
805 3870 2140 13676.352 1716.416 
772 3931 2092 13682.683 1715.776 
687 3987 2025 13647.414 1712.209 
743 3911 2126 13671.341 1714.041 
678 4003 2018 13641.005 1710.564 
688 3981 2033 13646.363 1712.257 
685 3989 2033 13649.771 1711.502 
789 3920 2106 13699.749 1719.415 
666 4003 2039 13638.969 1710.532 
702 3972 2030 13646.987 1712.928 
740 3941 2059 13662.274 1712.59 
695 3986 2036 13638.705 1710.372 
806 3874 2150 13685.591 1715.349 
688 3981 2051 13648.753 1711.933 
670 4005 2033 13652.396 1715.186 
777 3886 2168 13674.432 1715.214 
850 3841 2189 13698.753 1718.317 
701 3977 2034 13642.16 1710.782 
787 3874 2154 13680.839 1715.545 
682 3995 2050 13641.594 1710.858 
779 3879 2164 13678.021 1714.852 
734 3942 2107 13674.707 1715.213 
739 3943 2059 13663.136 1712.676 
792 3899 2143 13684.295 1715.074 
682 3991 2027 13647.796 1713.192 
786 3911 2121 13682.168 1715.393 
854 3818 2188 13689.132 1717.737 
780 3867 2164 13676.46 1714.702 
760 3909 2125 13679.106 1716.056 
796 3886 2129 13679.157 1715.224 
808 3878 2152 13683.206 1715.893 
699 3974 2056 13647.309 1712.009 
743 3910 2131 13668.87 1714.915 
762 3891 2142 13671.863 1715.459 
738 3917 2117 13672.856 1714.545 
696 3965 2062 13649.907 1710.72 
854 3825 2189 13697.325 1717.459 
705 3975 2041 13646.873 1712.987 
739 3943 2060 13662.936 1712.717 
737 3915 2124 13671.821 1714.442 
858 3824 2187 13693.403 1716.51 
850 3823 2193 13691.342 1717.703 
788 3893 2121 13675.634 1716.604 
854 3818 2191 13693.774 1717.256 
743 3922 2115 13671.543 1715.05 
796 3877 2140 13683.399 1716.598 
853 3819 2191 13693.655 1717.24 
759 3906 2126 13675.257 1714.687 
793 3898 2144 13684.649 1715.077 
856 3817 2195 13698.432 1717.922 
