1060 5056 2915 13639.977 1707.116 
977 5248 2735 13655.167 1708.512 
1004 5142 2820 13626.704 1702.818 
978 5273 2732 13666.84 1708.842 
1140 4995 2837 13636.709 1708.371 
1010 5134 2831 13626.141 1703.84 
1051 5178 2698 13650.122 1705.033 
1077 5126 2839 13679.101 1712.369 
1150 5033 2839 13648.2 1707.27 
1087 5063 2802 13652.167 1711.218 
1073 5038 2886 13631.357 1705.42 
1124 5046 2838 13653.864 1710.238 
1061 5155 2740 13641.771 1703.3 
1022 5113 2841 13631.505 1705.394 
978 5254 2737 13658.648 1708.119 
1070 5070 2892 13645.783 1706.563 
1035 5167 2791 13665.902 1709.689 
982 5235 2742 13662.8 1706.892 
1068 5083 2900 13651.395 1707.076 
1129 5041 2842 13648.461 1708.03 
1055 5146 2780 13659.801 1708.833 
1120 5047 2804 13640.999 1706.381 
990 5238 2726 13651.204 1707.506 
1006 5127 2808 13637.906 1707.029 
1011 5223 2723 13643.72 1705.129 
1059 5172 2718 13665.989 1707.185 
1029 5162 2787 13661.29 1709.952 
1030 5215 2715 13653.052 1706.166 
1132 5017 2824 13633.312 1707.943 
982 5244 2749 13653.053 1707.764 
1133 5007 2832 13640.444 1708.789 
1111 5048 2799 13634.591 1707.258 
1049 5093 2887 13639.509 1705.03 
1067 5062 2906 13642.458 1706.737 
1013 5199 2731 13665.538 1710.049 
1038 5188 2740 13670.027 1708.842 
1126 5024 2816 13640.51 1709.461 
1104 5059 2833 13641.417 1707.875 
1029 5197 2751 13670.314 1709.221 
1135 5012 2836 13638.521 1709.147 
1055 5160 2753 13646.535 1704.124 
986 5229 2743 13660.469 1707.414 
1131 5046 2856 13647.212 1708.594 
1127 5022 2816 13639.615 1709.197 
1102 5054 2798 13641.672 1709.662 
1099 5075 2838 13658.408 1710.067 
1064 5062 2910 13640.934 1707.236 
1133 5015 2824 13632.766 1707.691 
1039 5201 2712 13653.613 1705.512 
1064 5129 2774 13646.541 1706.792 
1010 5198 2759 13663.277 1709.064 
1065 5079 2893 13648.42 1707.169 
1100 5053 2812 13650.858 1709.505 
989 5228 2726 13651.471 1708.269 
1107 5075 2800 13640.356 1706.135 
1022 5223 2702 13650.742 1706.209 
1134 5011 2854 13635.36 1705.986 
1002 5203 2771 13660.748 1708.712 
1042 5186 2733 13654.248 1706.089 
1056 5158 2800 13670.218 1707.657 
1129 5013 2817 13636.649 1708.821 
1040 5188 2738 13670.768 1709.336 
1001 5204 2771 13660.455 1708.689 
1015 5224 2699 13651.195 1705.971 
1100 5065 2803 13634.68 1705.846 
1116 5047 2811 13635.959 1706.937 
1015 5186 2773 13659.066 1708.033 
1049 5094 2886 13639.876 1705.097 
999 5131 2801 13637.551 1705.916 
1072 5038 2887 13631.344 1705.417 
1133 5017 2834 13638.162 1707.432 
1137 5033 2842 13645.373 1706.699 
1099 5053 2794 13647.476 1710.389 
1027 5221 2758 13679.205 1709.465 
1095 5105 2880 13667.761 1710.382 
1049 5184 2789 13680.655 1709.879 
1030 5191 2761 13668.277 1708.385 
1005 5231 2708 13643.63 1705.354 
996 5232 2735 13656.149 1707.459 
