161 686 444 14097.094 1775.729 
129 720 393 14022.824 1762.73 
235 589 423 13892.359 1745.636 
164 694 438 14140.878 1775.07 
160 690 433 14096.483 1779.728 
195 655 399 13931.018 1743.327 
238 595 419 13933.018 1752.708 
184 669 372 13992.976 1757.587 
129 720 394 14022.691 1762.723 
146 717 421 14126.037 1772.607 
173 677 415 14024.284 1765.472 
176 676 423 14051.707 1767.505 
200 642 398 13972.091 1756.48 
168 691 439 14111.936 1768.796 
176 677 425 14028.705 1762.555 
221 618 423 13906.693 1744.845 
208 644 414 13957.754 1750.911 
179 676 378 14007.263 1757.744 
173 673 419 14044.421 1771.411 
209 640 429 13978.911 1754.255 
233 610 420 13931.409 1749.278 
149 710 416 14070.408 1772.019 
212 640 412 13968.086 1750.733 
223 619 421 13921.923 1745.954 
162 700 432 14140.353 1777.714 
231 599 417 13926.769 1752.209 
189 666 395 14023.671 1760.77 
228 614 427 13932.223 1753.196 
171 684 441 14105.324 1772.732 
157 704 441 14133.278 1775.821 
232 602 410 13917.307 1751.243 
190 658 403 13981.161 1757.725 
197 650 408 13942.506 1747.4 
215 637 426 14011.343 1758.066 
191 647 406 13936.574 1749.365 
196 650 402 14000.371 1759.982 
214 641 409 13987.176 1758.022 
167 681 435 14065.997 1775.562 
180 669 386 14018.18 1759.139 
152 694 435 14060.866 1776.658 
182 668 388 13994.906 1756.476 
166 692 443 14109.518 1774.361 
187 658 400 13984.172 1755.329 
188 660 386 14010.338 1762.854 
167 686 439 14085.719 1773.368 
181 671 382 14010.084 1758.49 
194 651 410 13946.821 1747.917 
192 656 402 13991.689 1757.758 
185 667 383 14001.929 1755.0 
187 662 392 14019.917 1761.702 
231 617 424 13940.603 1750.25 
198 645 395 13985.078 1756.222 
218 627 418 13973.934 1753.009 
225 620 420 13944.564 1748.895 
165 704 430 14132.375 1778.891 
228 620 414 13927.955 1748.933 
181 668 391 14019.085 1760.677 
165 703 428 14126.276 1778.952 
163 696 434 14121.817 1772.472 
161 689 432 14093.091 1778.406 
224 622 419 13944.545 1749.006 
162 688 440 14088.427 1774.762 
182 670 384 14014.819 1758.42 
222 629 418 13962.985 1753.554 
232 593 422 13898.441 1748.104 
172 686 437 14120.4 1774.596 
164 695 432 14110.249 1770.868 
160 707 437 14129.828 1776.555 
237 596 418 13932.985 1752.807 
220 631 416 13971.095 1749.124 
221 632 411 13954.116 1750.11 
180 671 389 14011.138 1757.391 
159 687 442 14090.529 1774.429 
199 646 419 13952.828 1753.702 
160 687 436 14099.868 1779.384 
165 695 431 14113.508 1771.99 
149 708 417 14054.062 1771.649 
195 653 401 13999.412 1755.064 
160 699 438 14107.376 1771.149 
166 682 434 14064.117 1775.086 
217 634 417 13960.615 1752.94 
182 673 376 13999.687 1756.962 
185 662 392 14003.266 1762.252 
147 713 424 14106.479 1773.149 
197 652 401 13936.24 1747.903 
164 682 436 14078.101 1776.003 
188 663 398 14003.56 1758.387 
191 647 407 13937.747 1749.28 
221 616 425 13927.613 1749.949 
182 671 382 14012.22 1758.299 
146 716 424 14127.371 1773.031 
147 716 422 14127.806 1772.928 
158 697 438 14096.141 1773.168 
218 633 418 13960.315 1752.901 
