792 4622 2287 13647.045 1708.538 
950 4496 2513 13695.499 1715.528 
1006 4374 2468 13659.782 1711.581 
950 4495 2514 13695.369 1715.472 
926 4517 2438 13688.123 1714.29 
961 4486 2455 13684.929 1714.513 
990 4434 2470 13680.726 1714.711 
973 4444 2480 13677.289 1714.409 
841 4538 2350 13643.653 1707.399 
848 4537 2344 13638.875 1708.861 
995 4405 2471 13669.542 1711.695 
822 4575 2295 13635.619 1709.136 
806 4619 2306 13660.133 1711.468 
801 4615 2328 13653.296 1711.768 
807 4606 2320 13653.187 1709.608 
818 4591 2315 13646.556 1709.36 
793 4622 2285 13646.804 1708.516 
804 4611 2319 13652.886 1709.866 
907 4519 2427 13682.562 1714.589 
802 4614 2329 13653.386 1711.773 
984 4430 2510 13676.931 1712.93 
944 4504 2467 13688.653 1714.681 
962 4485 2456 13685.208 1714.528 
820 4586 2322 13650.15 1708.743 
999 4381 2465 13661.714 1712.056 
926 4517 2439 13687.278 1714.114 
812 4585 2334 13637.55 1706.491 
929 4511 2472 13684.96 1712.828 
953 4487 2511 13694.224 1715.387 
814 4586 2319 13645.056 1709.606 
846 4559 2348 13650.579 1708.526 
967 4462 2470 13682.846 1715.633 
812 4604 2333 13654.973 1710.006 
813 4583 2330 13644.121 1710.293 
836 4562 2350 13650.569 1709.543 
971 4462 2508 13688.361 1714.222 
1012 4362 2465 13651.577 1710.974 
1010 4376 2470 13659.226 1709.964 
927 4516 2438 13688.051 1714.286 
843 4558 2315 13643.873 1709.107 
783 4623 2307 13641.084 1708.112 
978 4436 2528 13675.373 1712.928 
816 4578 2307 13640.466 1709.531 
959 4485 2506 13693.793 1714.209 
813 4574 2339 13642.055 1707.306 
833 4546 2354 13639.796 1709.658 
848 4550 2306 13642.898 1708.285 
977 4443 2486 13677.022 1713.634 
816 4595 2298 13645.376 1708.967 
920 4519 2441 13685.979 1714.204 
970 4484 2514 13702.275 1714.741 
950 4496 2482 13692.131 1716.854 
898 4530 2409 13678.506 1714.366 
792 4615 2331 13654.374 1711.215 
1005 4378 2468 13661.983 1711.707 
1004 4372 2470 13659.399 1711.528 
974 4451 2529 13677.655 1712.5 
981 4430 2455 13672.062 1715.619 
1004 4379 2468 13662.08 1711.724 
821 4573 2323 13640.898 1708.636 
840 4556 2340 13639.843 1709.723 
837 4545 2348 13642.164 1710.364 
823 4572 2340 13646.87 1708.584 
817 4584 2335 13648.411 1708.995 
1002 4375 2470 13660.105 1711.681 
943 4503 2511 13695.125 1715.283 
930 4505 2452 13681.813 1712.162 
842 4566 2335 13651.625 1710.506 
987 4389 2474 13657.797 1710.974 
810 4599 2322 13651.616 1710.253 
985 4448 2498 13682.35 1713.565 
831 4566 2368 13656.448 1712.293 
828 4586 2321 13645.728 1709.127 
983 4432 2510 13677.366 1712.97 
952 4492 2509 13693.06 1715.126 
