341 1236 809 13759.241 1728.131 
247 1394 730 13854.713 1738.043 
333 1227 794 13721.934 1731.011 
371 1212 796 13734.815 1725.203 
317 1284 776 13792.096 1730.265 
286 1365 752 13872.104 1741.343 
275 1369 759 13879.416 1742.491 
284 1367 748 13880.813 1742.231 
344 1247 799 13777.45 1730.618 
324 1274 781 13779.961 1729.373 
319 1259 773 13746.786 1731.767 
281 1368 756 13876.176 1741.727 
278 1367 757 13887.419 1744.547 
289 1364 767 13905.776 1746.222 
336 1245 783 13758.735 1730.744 
297 1362 766 13908.347 1745.762 
319 1281 775 13785.984 1730.358 
283 1365 764 13905.113 1745.379 
362 1219 784 13739.188 1723.396 
285 1365 754 13891.947 1744.548 
331 1241 805 13730.379 1724.884 
323 1264 764 13751.489 1730.897 
352 1231 801 13749.538 1727.278 
341 1237 808 13759.783 1728.508 
321 1279 771 13784.838 1729.918 
356 1226 803 13752.264 1727.167 
290 1363 769 13905.506 1746.127 
321 1261 787 13755.422 1726.827 
279 1366 758 13880.795 1743.032 
324 1268 782 13762.283 1725.401 
332 1240 806 13731.817 1725.136 
282 1367 753 13883.276 1742.089 
357 1225 804 13753.786 1727.39 
332 1229 796 13723.331 1731.042 
347 1239 787 13739.983 1728.882 
332 1252 789 13734.54 1725.801 
341 1239 808 13756.977 1729.334 
325 1266 782 13760.865 1725.624 
345 1229 808 13753.381 1727.438 
324 1261 783 13763.345 1729.544 
345 1229 809 13748.215 1728.285 
335 1262 785 13772.327 1729.415 
279 1370 754 13881.085 1743.706 
336 1246 788 13757.576 1731.459 
245 1389 732 13852.413 1735.524 
327 1241 791 13736.952 1730.769 
350 1238 787 13752.344 1726.821 
333 1251 789 13734.337 1725.859 
351 1234 793 13748.137 1725.306 
365 1210 800 13733.538 1725.532 
296 1357 773 13900.72 1745.18 
331 1254 789 13735.879 1725.713 
350 1236 807 13755.168 1729.141 
352 1221 806 13743.749 1726.349 
293 1362 774 13913.148 1747.192 
327 1250 780 13735.649 1730.458 
345 1236 812 13749.437 1724.761 
364 1215 796 13737.113 1724.679 
363 1213 802 13735.639 1726.524 
346 1243 785 13744.995 1727.946 
281 1364 771 13883.456 1742.212 
248 1393 731 13854.682 1738.035 
253 1373 740 13837.22 1737.125 
254 1380 735 13847.149 1737.673 
361 1227 797 13753.267 1726.884 
322 1258 786 13748.834 1727.471 
280 1368 761 13882.401 1742.233 
311 1348 783 13913.368 1747.976 
253 1387 736 13851.552 1737.807 
252 1388 735 13853.05 1738.171 
357 1235 800 13741.407 1725.945 
318 1282 775 13786.51 1730.038 
336 1249 801 13764.517 1730.067 
300 1356 776 13911.665 1747.141 
276 1369 756 13886.342 1744.232 
315 1327 773 13859.832 1741.478 
357 1219 806 13734.839 1722.441 
372 1211 797 13734.699 1725.191 
258 1375 738 13831.427 1733.449 
353 1219 805 13741.266 1725.782 
363 1213 803 13735.305 1726.503 
319 1279 782 13786.746 1730.817 
