745 3017 1781 13588.124 1703.313 
744 3018 1782 13588.058 1703.305 
747 3023 1779 13593.703 1703.571 
715 3212 1901 13731.995 1717.28 
701 3260 1874 13753.665 1721.115 
730 3052 1772 13606.912 1705.396 
721 3062 1753 13594.642 1703.532 
729 3052 1770 13604.181 1705.491 
684 3276 1860 13743.253 1720.018 
674 3286 1847 13737.885 1718.274 
625 3312 1816 13709.038 1715.991 
715 3212 1900 13732.082 1717.281 
640 3306 1807 13716.327 1715.743 
668 3281 1843 13734.297 1720.366 
692 3262 1882 13744.865 1719.444 
742 3034 1772 13595.305 1704.284 
608 3313 1814 13703.094 1713.721 
732 3048 1765 13598.758 1704.415 
690 3272 1866 13747.065 1719.929 
704 3255 1868 13734.932 1718.621 
668 3280 1851 13736.283 1721.039 
664 3285 1837 13736.244 1720.27 
623 3308 1811 13715.216 1714.196 
629 3317 1792 13719.434 1717.103 
706 3239 1879 13737.323 1717.521 
710 3224 1888 13730.305 1717.107 
623 3289 1834 13698.244 1713.569 
713 3230 1863 13736.031 1718.81 
639 3308 1800 13710.426 1717.062 
711 3213 1888 13725.294 1715.761 
676 3281 1841 13740.706 1719.804 
632 3303 1806 13721.729 1714.784 
686 3273 1862 13743.201 1719.966 
706 3243 1867 13740.604 1719.339 
739 3029 1780 13594.672 1704.68 
639 3301 1797 13725.827 1716.514 
665 3284 1838 13735.89 1720.193 
652 3292 1804 13732.309 1719.046 
677 3278 1846 13736.105 1718.143 
744 3028 1778 13594.297 1704.384 
645 3297 1788 13731.711 1716.773 
702 3226 1890 13737.676 1719.716 
690 3259 1884 13741.072 1717.665 
644 3305 1801 13724.254 1716.491 
719 3204 1891 13722.749 1716.308 
734 3040 1771 13598.33 1704.71 
705 3220 1888 13727.148 1717.713 
685 3275 1861 13743.712 1720.019 
735 3037 1770 13596.631 1704.531 
664 3288 1838 13728.625 1715.964 
703 3239 1876 13741.442 1718.246 
704 3235 1872 13742.038 1721.195 
714 3222 1870 13723.636 1715.832 
696 3258 1886 13745.256 1718.892 
702 3228 1881 13738.93 1721.232 
731 3048 1770 13601.325 1705.093 
732 3046 1770 13602.631 1705.196 
737 3037 1770 13592.388 1703.663 
731 3045 1772 13599.373 1704.869 
638 3310 1789 13731.757 1718.781 
701 3240 1886 13731.282 1717.27 
617 3323 1806 13716.588 1714.403 
729 3043 1776 13594.711 1704.575 
710 3237 1875 13739.073 1718.912 
653 3291 1805 13732.602 1718.971 
712 3233 1872 13739.482 1719.247 
681 3274 1867 13744.69 1720.108 
660 3300 1833 13731.539 1719.374 
669 3277 1853 13734.431 1718.765 
678 3280 1842 13741.78 1719.861 
713 3225 1882 13730.64 1718.299 
702 3254 1876 13736.828 1720.147 
625 3302 1825 13704.941 1715.394 
696 3267 1875 13749.634 1721.348 
629 3325 1802 13736.942 1715.827 
700 3261 1874 13753.577 1721.113 
731 3045 1772 13602.105 1704.617 
736 3040 1780 13599.829 1703.872 
720 3201 1884 13719.932 1716.536 
701 3248 1879 13735.691 1717.806 
621 3331 1805 13722.359 1716.209 
737 3031 1773 13590.276 1702.93 
730 3056 1759 13599.874 1704.133 
598 3324 1797 13712.662 1716.688 
720 3203 1893 13723.398 1716.465 
653 3279 1853 13713.331 1714.885 
715 3216 1885 13729.901 1717.415 
