462 1927 1153 13783.769 1728.212 
373 2023 1066 13752.635 1720.911 
373 2022 1067 13755.829 1721.623 
484 1861 1119 13693.624 1715.303 
499 1852 1116 13704.201 1716.708 
487 1856 1123 13691.305 1715.97 
449 1956 1141 13800.03 1729.391 
448 1949 1144 13797.804 1730.018 
400 1990 1029 13731.178 1716.462 
467 1908 1099 13722.514 1718.216 
401 1981 1059 13734.151 1719.472 
432 1963 1121 13773.594 1724.098 
492 1858 1107 13704.331 1717.091 
469 1898 1090 13711.034 1717.383 
488 1868 1112 13708.505 1716.685 
419 1974 1048 13740.017 1717.584 
377 2020 1070 13758.524 1722.013 
484 1873 1115 13701.146 1716.395 
406 1978 1059 13730.682 1720.15 
464 1911 1083 13717.338 1718.239 
459 1933 1147 13789.578 1727.161 
440 1964 1119 13793.906 1727.827 
451 1943 1148 13784.731 1726.303 
423 1973 1091 13774.9 1726.18 
471 1896 1092 13711.73 1717.538 
394 1977 1084 13733.325 1718.648 
455 1931 1148 13780.664 1727.327 
418 1976 1066 13760.917 1724.272 
402 1983 1033 13726.904 1716.807 
465 1909 1083 13715.362 1717.993 
383 2017 1085 13770.077 1725.069 
409 1980 1040 13725.304 1716.17 
456 1938 1147 13793.617 1728.617 
454 1947 1146 13797.934 1729.272 
480 1861 1109 13695.19 1716.773 
483 1862 1118 13692.998 1715.305 
446 1953 1134 13796.973 1729.819 
406 1977 1077 13745.582 1720.8 
395 1991 1080 13755.42 1722.739 
444 1955 1134 13797.684 1729.964 
498 1853 1116 13704.123 1716.698 
436 1971 1115 13793.687 1728.265 
400 1996 1039 13748.146 1716.459 
438 1961 1132 13786.836 1725.484 
391 2006 1083 13766.318 1723.571 
412 1975 1076 13754.181 1722.224 
398 1992 1075 13747.605 1722.966 
465 1889 1120 13718.209 1718.335 
413 1976 1077 13752.271 1721.874 
478 1881 1107 13711.615 1716.702 
475 1888 1121 13724.81 1717.543 
402 1987 1032 13731.15 1717.082 
385 2018 1079 13771.624 1725.249 
491 1870 1117 13715.537 1716.524 
458 1934 1147 13790.34 1728.378 
467 1892 1122 13724.029 1717.288 
476 1880 1109 13700.086 1715.617 
471 1890 1125 13726.195 1717.439 
387 2015 1079 13769.777 1724.869 
392 2003 1083 13760.224 1723.17 
444 1953 1144 13791.406 1727.676 
407 1980 1049 13737.378 1717.51 
419 1975 1048 13740.025 1717.517 
390 2012 1081 13768.211 1724.585 
488 1855 1123 13692.805 1716.114 
376 2020 1072 13756.809 1721.762 
412 1978 1053 13736.032 1716.487 
389 2009 1085 13765.957 1724.383 
405 1977 1081 13749.582 1723.221 
388 2009 1079 13765.7 1725.03 
439 1958 1129 13782.913 1724.943 
404 1978 1050 13726.11 1720.354 
440 1957 1130 13783.653 1725.091 
391 2007 1077 13761.409 1723.109 
455 1942 1143 13789.672 1728.275 
439 1958 1129 13783.925 1724.93 
490 1857 1120 13697.759 1716.265 
399 1997 1083 13752.662 1721.834 
390 2012 1080 13768.249 1724.59 
463 1929 1148 13785.785 1728.773 
403 1979 1049 13726.015 1720.334 
393 2005 1078 13761.1 1722.934 
451 1946 1142 13798.095 1728.26 
386 2017 1080 13770.568 1725.237 
409 1977 1075 13761.081 1724.971 
472 1891 1123 13723.658 1717.484 
392 2005 1079 13762.718 1723.228 
448 1950 1147 13793.732 1727.688 
446 1953 1143 13786.272 1727.736 
