251 1397 727 13881.987 1741.122 
228 1409 706 13858.848 1739.117 
313 1294 813 13833.347 1730.665 
259 1381 729 13867.064 1743.67 
264 1360 696 13821.611 1738.03 
344 1194 759 13656.171 1710.207 
353 1191 757 13668.524 1710.987 
326 1262 777 13758.162 1718.891 
288 1319 762 13794.233 1727.435 
336 1223 762 13707.687 1724.696 
264 1335 732 13747.671 1720.341 
331 1258 794 13780.557 1722.368 
332 1254 759 13729.215 1716.783 
281 1322 747 13781.476 1725.338 
333 1254 787 13771.48 1714.41 
334 1239 796 13761.504 1721.015 
344 1210 754 13688.42 1716.065 
318 1284 808 13827.786 1731.866 
314 1292 797 13804.722 1727.733 
347 1204 736 13672.861 1713.52 
321 1273 802 13812.767 1729.062 
348 1205 744 13670.726 1716.299 
261 1379 704 13847.671 1737.548 
303 1316 793 13836.778 1735.227 
274 1353 719 13838.794 1739.132 
332 1254 759 13729.802 1716.586 
334 1246 786 13766.359 1724.979 
272 1356 708 13831.469 1739.434 
247 1388 732 13842.321 1736.54 
345 1209 747 13676.148 1716.685 
283 1321 758 13789.491 1725.179 
266 1363 700 13816.353 1738.358 
321 1274 787 13789.801 1729.81 
305 1310 793 13820.538 1733.338 
342 1244 783 13762.245 1722.958 
343 1222 748 13706.69 1720.401 
265 1344 724 13752.655 1719.903 
340 1242 804 13763.503 1719.211 
306 1305 793 13821.268 1732.928 
263 1346 722 13751.796 1719.777 
266 1363 714 13838.618 1737.402 
322 1269 783 13781.282 1727.619 
304 1314 793 13833.801 1734.861 
231 1405 704 13842.247 1738.256 
313 1297 804 13820.54 1732.115 
341 1212 752 13693.809 1723.472 
345 1213 731 13692.671 1710.583 
246 1392 712 13875.194 1743.344 
320 1299 800 13824.251 1727.681 
324 1286 803 13807.109 1724.328 
263 1370 709 13829.067 1739.993 
260 1369 706 13857.107 1741.951 
254 1390 711 13874.977 1743.448 
263 1363 712 13838.968 1736.879 
321 1277 811 13791.631 1723.883 
308 1304 795 13823.731 1733.157 
245 1398 714 13864.201 1742.221 
249 1385 712 13853.106 1741.948 
233 1404 713 13867.0 1740.806 
319 1283 803 13814.792 1732.45 
264 1345 723 13753.793 1720.165 
237 1403 717 13854.21 1739.564 
252 1383 718 13871.998 1743.227 
310 1301 797 13821.396 1732.901 
238 1400 720 13861.585 1742.053 
314 1286 799 13821.51 1731.94 
261 1370 715 13861.932 1739.762 
247 1390 712 13872.233 1743.09 
249 1388 712 13850.832 1742.494 
309 1303 796 13823.916 1733.197 
237 1404 716 13853.421 1740.075 
244 1398 714 13874.291 1741.505 
347 1206 744 13670.296 1716.205 
254 1383 717 13857.476 1739.956 
240 1403 710 13850.313 1739.38 
244 1401 718 13869.739 1741.086 
325 1244 797 13755.672 1720.665 
239 1401 711 13869.903 1741.249 
238 1404 716 13850.283 1739.891 
238 1402 718 13854.388 1739.566 
345 1212 730 13691.009 1710.814 
240 1403 711 13850.905 1739.337 
242 1400 707 13871.493 1742.461 
238 1399 712 13871.334 1741.153 
