713 3237 1858 13757.293 1726.473 
603 3315 1740 13691.776 1715.047 
748 3156 1906 13703.812 1717.261 
770 3125 1893 13700.223 1717.662 
616 3304 1735 13689.314 1714.188 
609 3295 1752 13687.098 1711.927 
711 3240 1870 13758.347 1725.417 
688 3269 1832 13744.308 1723.524 
634 3281 1761 13692.926 1713.136 
626 3287 1769 13697.134 1714.467 
684 3273 1841 13747.109 1721.603 
612 3296 1743 13694.296 1715.394 
701 3247 1854 13753.414 1726.184 
735 3206 1888 13739.678 1722.418 
627 3286 1763 13696.569 1714.791 
747 3151 1875 13717.913 1719.611 
765 3140 1875 13716.0 1719.887 
711 3242 1862 13756.105 1725.913 
705 3257 1843 13747.21 1724.217 
705 3254 1866 13757.81 1725.13 
763 3142 1864 13701.71 1717.502 
747 3165 1876 13707.123 1718.351 
707 3243 1857 13753.812 1725.593 
768 3127 1891 13700.396 1717.55 
748 3156 1905 13703.964 1717.272 
755 3153 1874 13712.182 1718.83 
738 3177 1885 13717.348 1720.217 
606 3308 1737 13692.853 1713.996 
713 3243 1873 13749.807 1724.387 
715 3224 1861 13745.544 1722.712 
728 3216 1849 13734.664 1721.349 
617 3289 1746 13692.18 1713.928 
692 3264 1847 13744.208 1722.613 
630 3274 1754 13690.248 1714.704 
757 3166 1867 13727.11 1722.166 
753 3160 1883 13708.688 1718.207 
605 3313 1742 13692.701 1715.306 
713 3245 1863 13751.34 1724.644 
740 3187 1857 13737.472 1720.926 
742 3173 1866 13725.085 1720.658 
743 3183 1860 13720.671 1719.341 
737 3175 1887 13715.164 1719.044 
741 3182 1882 13727.542 1721.067 
755 3161 1876 13709.766 1718.675 
722 3197 1858 13724.424 1722.487 
621 3290 1748 13691.954 1714.496 
725 3214 1845 13740.962 1723.983 
714 3230 1871 13731.504 1722.93 
706 3246 1855 13746.097 1723.487 
736 3186 1860 13723.972 1721.162 
767 3141 1879 13702.927 1718.94 
745 3184 1852 13728.214 1720.955 
613 3296 1744 13694.265 1715.387 
726 3194 1890 13728.441 1721.349 
609 3293 1748 13687.374 1714.147 
768 3126 1892 13700.086 1717.522 
725 3215 1844 13741.509 1724.028 
615 3303 1745 13693.786 1714.716 
749 3155 1906 13704.419 1717.27 
762 3151 1885 13717.048 1720.138 
748 3162 1878 13708.076 1718.694 
728 3211 1854 13743.438 1722.891 
718 3227 1869 13743.867 1721.628 
685 3257 1854 13743.539 1720.748 
719 3231 1871 13742.709 1722.787 
749 3173 1860 13725.732 1720.897 
737 3191 1848 13725.826 1721.587 
714 3232 1862 13738.119 1722.296 
737 3183 1860 13735.125 1719.891 
629 3282 1759 13693.689 1714.372 
720 3217 1860 13738.966 1723.189 
726 3213 1852 13729.904 1721.362 
758 3167 1864 13727.215 1721.095 
721 3230 1857 13751.045 1724.632 
742 3174 1855 13710.931 1720.675 
740 3174 1883 13716.488 1720.092 
757 3154 1873 13708.368 1719.269 
722 3217 1852 13728.933 1720.729 
757 3168 1865 13727.189 1721.087 
618 3288 1746 13692.364 1713.961 
716 3238 1852 13738.847 1722.718 
725 3214 1850 13729.672 1722.394 
621 3293 1742 13692.104 1714.395 
737 3176 1886 13715.561 1719.088 
754 3165 1869 13721.38 1721.567 
612 3306 1745 13693.4 1714.679 
719 3225 1879 13743.858 1724.019 
720 3212 1890 13738.996 1724.147 
748 3168 1870 13732.894 1719.536 
722 3215 1853 13728.843 1721.215 
614 3307 1735 13690.417 1714.251 
615 3306 1735 13690.427 1714.253 
