654 2358 1444 13596.536 1705.213 
666 2359 1448 13597.566 1702.125 
609 2408 1479 13602.289 1700.059 
599 2423 1478 13607.689 1699.595 
471 2573 1409 13632.996 1707.276 
483 2682 1358 13706.903 1718.305 
478 2692 1392 13720.481 1721.055 
497 2677 1379 13741.985 1722.835 
638 2407 1420 13592.31 1701.106 
482 2682 1370 13727.82 1721.519 
517 2587 1397 13675.863 1713.998 
629 2426 1468 13645.825 1711.307 
492 2629 1394 13704.253 1720.1 
507 2633 1381 13686.857 1715.816 
530 2498 1431 13602.04 1700.128 
520 2583 1387 13651.928 1712.796 
548 2542 1404 13640.404 1707.501 
522 2597 1379 13685.992 1712.88 
494 2565 1407 13640.474 1710.942 
499 2661 1385 13714.75 1719.534 
552 2540 1414 13651.104 1709.285 
618 2452 1435 13644.617 1708.25 
591 2463 1459 13618.973 1707.29 
509 2594 1386 13666.279 1710.541 
515 2615 1359 13696.8 1717.015 
510 2622 1375 13705.834 1719.052 
544 2487 1440 13602.512 1701.636 
484 2575 1402 13640.714 1710.592 
508 2636 1374 13693.629 1717.873 
500 2645 1397 13708.266 1718.134 
605 2441 1424 13634.196 1709.338 
627 2428 1466 13645.698 1711.294 
627 2439 1475 13656.626 1710.102 
563 2516 1408 13637.613 1705.866 
561 2510 1417 13630.268 1705.128 
589 2476 1429 13617.441 1701.048 
580 2506 1400 13637.677 1706.544 
656 2374 1443 13611.195 1704.436 
524 2610 1361 13693.314 1717.501 
481 2670 1382 13701.639 1718.309 
515 2597 1391 13665.389 1713.024 
623 2433 1467 13647.819 1710.485 
650 2363 1451 13595.225 1703.63 
514 2603 1363 13700.664 1719.977 
506 2626 1367 13710.727 1718.685 
661 2372 1441 13620.773 1704.02 
648 2369 1436 13605.213 1706.14 
512 2623 1364 13697.506 1715.872 
593 2461 1474 13622.996 1704.767 
533 2570 1364 13660.666 1713.663 
502 2657 1382 13707.525 1719.453 
591 2455 1413 13627.179 1710.296 
639 2379 1454 13603.264 1702.638 
508 2614 1381 13700.265 1716.186 
600 2458 1449 13631.94 1704.1 
507 2586 1400 13661.067 1709.826 
574 2487 1420 13634.365 1706.363 
586 2468 1387 13610.521 1703.332 
550 2503 1429 13620.933 1703.011 
573 2476 1439 13609.799 1704.332 
518 2574 1383 13653.526 1710.756 
554 2529 1415 13644.732 1707.764 
494 2660 1396 13711.67 1719.303 
518 2609 1381 13713.495 1717.447 
621 2447 1422 13648.222 1706.711 
598 2453 1421 13628.432 1707.717 
635 2396 1435 13614.27 1708.05 
504 2641 1362 13710.283 1715.863 
645 2404 1438 13615.176 1702.941 
592 2449 1451 13607.914 1705.616 
556 2530 1406 13642.917 1707.983 
507 2627 1390 13703.432 1718.632 
546 2512 1422 13627.128 1704.742 
647 2395 1427 13623.822 1703.519 
573 2481 1433 13632.69 1705.506 
595 2439 1478 13616.161 1701.839 
567 2493 1426 13625.171 1706.278 
652 2385 1448 13613.235 1702.375 
643 2399 1444 13622.588 1705.963 
653 2384 1455 13602.29 1703.447 
641 2400 1442 13614.099 1702.726 
652 2383 1437 13612.702 1703.992 
579 2493 1406 13625.371 1706.677 
632 2392 1444 13603.549 1706.3 
551 2494 1424 13617.18 1703.288 
571 2491 1415 13625.065 1703.67 
585 2476 1401 13622.856 1705.747 
638 2393 1446 13619.382 1704.923 
546 2497 1435 13607.125 1701.989 
638 2407 1419 13592.356 1701.113 
564 2529 1405 13643.139 1707.125 
505 2644 1360 13713.198 1718.527 
631 2428 1440 13631.828 1704.801 
642 2381 1438 13597.276 1706.771 
595 2459 1416 13619.535 1707.314 
571 2483 1432 13632.869 1705.527 
555 2531 1405 13643.061 1708.014 
523 2611 1360 13693.371 1717.512 
