1121 5153 2924 13731.018 1719.126 
1179 5069 2915 13716.57 1717.197 
1127 5136 2948 13724.237 1718.265 
1109 5165 2929 13731.537 1717.279 
1137 5142 2945 13734.133 1719.064 
1135 5143 2936 13729.895 1718.682 
1099 5174 2893 13721.25 1717.834 
1182 5068 2926 13717.533 1717.189 
1132 5147 2934 13730.673 1718.807 
1134 5146 2934 13730.569 1718.746 
1171 5072 2907 13716.712 1717.753 
1190 5026 2935 13704.702 1716.007 
1139 5092 2949 13712.866 1716.591 
1088 5177 2905 13725.168 1716.213 
1152 5094 2907 13707.204 1717.285 
1111 5169 2930 13733.555 1717.271 
1112 5160 2929 13728.093 1716.765 
1171 5057 2940 13707.066 1716.155 
1136 5146 2929 13733.348 1718.505 
1121 5152 2935 13726.39 1717.459 
1138 5148 2936 13731.646 1718.68 
1134 5144 2935 13729.628 1718.852 
1123 5147 2942 13723.736 1718.218 
1162 5073 2912 13709.072 1717.819 
1128 5159 2920 13735.098 1718.935 
1122 5149 2930 13725.595 1717.815 
1128 5159 2921 13735.057 1718.931 
1122 5152 2924 13730.915 1719.097 
1188 5046 2928 13711.591 1717.198 
1174 5073 2912 13716.496 1717.213 
1183 5066 2927 13717.524 1717.728 
1117 5160 2919 13728.402 1718.76 
1118 5156 2937 13733.486 1718.664 
1096 5181 2892 13730.129 1718.708 
1159 5086 2933 13718.226 1718.057 
1107 5171 2908 13731.215 1719.712 
1197 5038 2932 13711.813 1717.243 
1189 5038 2955 13713.828 1717.425 
1185 5056 2942 13716.302 1717.835 
1105 5158 2920 13731.155 1719.315 
1098 5175 2910 13726.515 1718.391 
1119 5151 2938 13726.594 1718.537 
1111 5161 2927 13725.734 1718.277 
1180 5053 2944 13715.984 1717.723 
1139 5139 2937 13730.694 1718.849 
1091 5174 2917 13727.956 1718.967 
1129 5168 2926 13734.285 1718.597 
1130 5149 2918 13730.193 1718.561 
1099 5175 2919 13728.789 1716.947 
1093 5167 2915 13727.319 1719.239 
1102 5162 2935 13725.893 1718.21 
1166 5072 2928 13714.865 1717.482 
1132 5148 2932 13730.596 1718.748 
1192 5024 2936 13706.764 1716.587 
1142 5133 2939 13730.167 1718.694 
1195 5022 2947 13709.961 1716.489 
1174 5072 2914 13716.974 1717.182 
1136 5147 2935 13730.734 1718.715 
1141 5134 2939 13730.146 1718.658 
1172 5066 2938 13714.335 1717.902 
1094 5179 2912 13723.432 1718.117 
1146 5122 2934 13727.842 1718.097 
1115 5158 2915 13732.29 1719.239 
1114 5173 2919 13732.233 1719.106 
1176 5070 2929 13719.025 1717.739 
1190 5026 2934 13704.779 1716.011 
1194 5043 2928 13711.132 1717.274 
1196 5037 2930 13709.457 1717.394 
1171 5076 2927 13719.966 1717.407 
1156 5089 2907 13712.213 1716.597 
1125 5155 2928 13730.777 1718.271 
1177 5065 2930 13710.927 1717.078 
1140 5091 2949 13712.854 1716.594 
