873 4547 2429 13663.763 1714.158 
1002 4236 2415 13546.42 1695.524 
933 4373 2522 13606.824 1705.069 
890 4548 2447 13674.429 1711.925 
1005 4242 2432 13553.874 1695.283 
1000 4246 2425 13552.664 1694.957 
808 4629 2326 13651.496 1712.372 
963 4334 2463 13595.047 1700.029 
978 4283 2433 13567.263 1697.637 
961 4325 2492 13586.949 1702.335 
915 4474 2330 13635.178 1708.872 
840 4591 2364 13655.57 1711.106 
827 4605 2348 13647.751 1710.234 
901 4485 2390 13643.748 1707.698 
955 4360 2501 13604.781 1701.356 
944 4379 2486 13611.844 1705.704 
835 4604 2343 13650.308 1711.008 
858 4578 2429 13670.928 1713.325 
987 4275 2429 13565.236 1697.485 
951 4358 2479 13605.751 1705.111 
903 4491 2365 13628.525 1706.019 
900 4523 2439 13660.963 1712.009 
938 4434 2374 13624.408 1706.114 
997 4262 2408 13556.512 1695.563 
985 4280 2427 13565.356 1697.057 
815 4612 2351 13654.845 1712.024 
953 4341 2459 13599.781 1703.554 
961 4326 2491 13587.688 1702.418 
956 4357 2488 13601.469 1701.593 
884 4531 2418 13654.591 1712.853 
869 4550 2436 13667.024 1713.624 
931 4415 2454 13618.991 1704.309 
936 4364 2520 13600.533 1702.845 
917 4466 2401 13636.701 1707.956 
929 4451 2368 13627.519 1706.261 
859 4576 2429 13670.358 1713.307 
910 4423 2512 13630.245 1707.055 
930 4416 2453 13619.022 1704.313 
926 4390 2517 13610.957 1705.398 
997 4245 2428 13549.245 1695.652 
905 4483 2406 13640.17 1706.739 
919 4447 2367 13626.928 1706.541 
940 4400 2444 13616.822 1704.894 
941 4386 2492 13608.718 1703.504 
990 4268 2422 13553.057 1696.263 
878 4534 2428 13658.542 1713.274 
940 4394 2496 13631.313 1706.006 
903 4486 2377 13624.947 1706.916 
923 4457 2356 13622.739 1705.484 
992 4256 2431 13554.612 1695.21 
883 4560 2424 13669.117 1711.379 
994 4241 2405 13547.491 1696.323 
823 4605 2343 13651.172 1711.606 
877 4536 2424 13657.42 1713.701 
883 4555 2431 13671.409 1711.507 
918 4477 2411 13640.437 1706.808 
954 4344 2457 13599.594 1702.505 
912 4468 2402 13634.31 1707.125 
814 4621 2345 13656.607 1712.425 
899 4540 2412 13671.125 1711.216 
889 4545 2426 13666.789 1712.832 
826 4603 2347 13648.994 1711.35 
873 4546 2429 13664.063 1714.13 
916 4379 2518 13599.079 1702.164 
917 4479 2387 13628.406 1706.773 
921 4427 2382 13621.74 1705.221 
839 4597 2381 13661.358 1712.205 
911 4469 2401 13634.364 1707.129 
911 4418 2495 13622.052 1706.388 
989 4265 2421 13556.052 1696.577 
949 4371 2502 13618.323 1705.515 
942 4367 2508 13608.657 1704.925 
892 4549 2442 13670.956 1711.689 
894 4535 2435 13663.742 1711.253 
961 4348 2506 13600.447 1701.666 
827 4601 2351 13651.174 1711.221 
894 4525 2439 13662.349 1711.143 
948 4361 2503 13605.836 1701.933 
1001 4238 2414 13546.792 1695.562 
943 4395 2488 13617.166 1706.498 
938 4374 2511 13606.809 1705.063 
931 4377 2515 13605.826 1704.923 
874 4546 2430 13663.645 1714.132 
869 4553 2407 13662.435 1712.036 
885 4550 2429 13670.342 1711.424 
950 4367 2506 13606.659 1701.743 
962 4347 2507 13600.739 1701.682 
949 4361 2503 13605.789 1702.01 
888 4548 2427 13670.646 1712.275 
893 4544 2441 13670.794 1712.125 
932 4374 2521 13606.842 1705.071 
942 4396 2441 13606.148 1705.092 
