786 3899 2119 13717.715 1718.471 
913 3652 2135 13608.383 1702.882 
656 4019 1940 13644.469 1711.458 
640 4022 1955 13649.73 1711.436 
876 3713 2183 13650.282 1708.599 
790 3906 2107 13714.711 1720.129 
890 3711 2104 13619.08 1701.856 
829 3816 2106 13676.672 1714.3 
740 3909 2026 13655.252 1712.22 
711 3931 2000 13664.281 1711.768 
816 3856 2100 13689.332 1716.529 
812 3845 2115 13674.51 1716.208 
777 3904 2123 13703.225 1718.315 
819 3830 2113 13685.522 1715.547 
900 3709 2138 13625.652 1706.233 
906 3683 2129 13617.561 1703.332 
683 3973 1953 13659.526 1713.676 
671 4006 1959 13654.695 1712.831 
907 3682 2129 13617.768 1703.374 
667 3992 1979 13639.296 1709.221 
695 3941 2041 13658.14 1710.219 
865 3749 2074 13633.964 1705.447 
679 3995 1969 13652.615 1712.381 
682 3956 2008 13634.678 1708.782 
841 3786 2117 13655.291 1708.269 
873 3732 2178 13657.837 1709.352 
909 3692 2139 13618.736 1703.303 
811 3837 2146 13682.009 1715.754 
660 3988 1972 13642.273 1710.602 
727 3918 2054 13661.294 1711.825 
859 3750 2091 13634.06 1705.88 
877 3702 2161 13633.026 1704.395 
894 3705 2156 13637.682 1706.855 
888 3724 2117 13627.903 1703.823 
836 3763 2128 13653.387 1709.301 
668 4011 1941 13652.115 1713.011 
876 3744 2131 13648.846 1706.637 
828 3830 2081 13676.665 1713.35 
715 3937 1983 13660.759 1710.897 
880 3722 2152 13654.243 1706.863 
885 3726 2139 13629.213 1704.73 
899 3706 2145 13629.933 1705.036 
857 3735 2171 13651.643 1707.897 
730 3913 2060 13660.95 1712.065 
720 3913 2043 13661.446 1710.238 
725 3914 2064 13659.829 1712.536 
794 3881 2135 13711.861 1717.896 
691 3952 1991 13645.495 1709.673 
855 3760 2079 13633.738 1705.299 
739 3911 2069 13680.499 1714.632 
846 3779 2103 13652.682 1707.253 
677 3968 1993 13643.366 1710.335 
790 3901 2122 13710.468 1717.256 
685 3964 1993 13653.977 1711.112 
702 3927 2031 13657.814 1709.875 
878 3737 2067 13626.542 1705.077 
811 3868 2141 13700.03 1716.2 
796 3878 2110 13701.802 1719.084 
705 3951 1987 13651.844 1711.628 
874 3736 2169 13651.541 1708.22 
641 4021 1955 13649.699 1711.531 
851 3756 2112 13640.714 1705.535 
778 3906 2119 13708.982 1716.286 
882 3705 2156 13646.336 1706.061 
792 3890 2124 13702.547 1717.45 
797 3876 2097 13698.215 1718.313 
679 3978 2006 13650.641 1710.261 
825 3842 2120 13684.257 1714.939 
800 3877 2094 13703.057 1718.751 
844 3774 2117 13647.399 1707.032 
661 4011 1955 13651.365 1712.61 
685 3949 2018 13650.354 1711.933 
794 3862 2135 13698.023 1718.319 
807 3889 2119 13714.648 1718.144 
816 3870 2111 13694.807 1716.476 
846 3756 2084 13628.026 1707.638 
789 3885 2114 13704.244 1718.999 
681 3973 2019 13649.251 1709.477 
853 3757 2083 13639.755 1707.465 
788 3895 2120 13714.283 1718.358 
784 3892 2123 13710.567 1718.64 
790 3886 2110 13701.357 1719.663 
674 3983 2010 13655.727 1711.21 
826 3841 2120 13684.331 1714.946 
791 3884 2124 13707.264 1718.324 
684 3970 2000 13648.65 1709.643 
833 3751 2121 13628.445 1709.349 
819 3840 2114 13679.863 1715.915 
799 3881 2143 13710.995 1718.1 
729 3919 2042 13661.483 1710.679 
713 3940 2000 13656.639 1710.728 
676 3982 1981 13647.964 1711.638 
703 3921 2013 13647.286 1708.64 
793 3884 2102 13700.001 1718.761 
693 3953 1982 13658.3 1710.636 
673 4013 1958 13652.176 1712.139 
