366 1217 771 13743.571 1720.158 
366 1214 772 13738.739 1720.156 
310 1365 816 13969.879 1751.564 
248 1405 717 13860.755 1737.527 
296 1381 788 13970.053 1756.3 
350 1236 764 13731.919 1715.833 
352 1233 760 13730.36 1719.405 
297 1380 804 13974.128 1756.21 
345 1258 766 13764.857 1719.789 
348 1248 749 13745.426 1719.03 
365 1222 774 13750.904 1722.139 
278 1403 755 13960.194 1751.178 
340 1291 785 13865.449 1739.943 
315 1359 811 13970.147 1754.843 
318 1339 786 13904.868 1747.438 
362 1221 780 13736.062 1720.657 
336 1298 797 13890.075 1740.513 
342 1254 767 13759.882 1720.963 
302 1369 808 13952.412 1752.76 
279 1395 768 13929.98 1746.887 
357 1237 758 13748.254 1718.675 
288 1389 775 13942.436 1750.267 
285 1391 781 13944.362 1747.802 
317 1325 802 13921.187 1745.34 
323 1329 790 13927.703 1751.242 
299 1379 774 13947.371 1754.414 
322 1315 805 13917.495 1745.335 
321 1334 795 13935.072 1752.299 
285 1392 772 13946.847 1749.377 
352 1235 762 13735.662 1716.829 
352 1243 759 13754.862 1719.932 
316 1338 788 13901.897 1746.094 
354 1239 756 13763.187 1720.859 
354 1231 773 13739.616 1717.688 
325 1316 790 13897.501 1744.608 
321 1335 790 13936.48 1751.562 
349 1233 761 13737.884 1718.092 
332 1299 795 13889.252 1741.96 
327 1320 779 13874.545 1738.658 
334 1305 784 13877.925 1740.52 
328 1314 792 13880.979 1739.306 
289 1387 764 13957.999 1751.525 
298 1377 796 13964.589 1753.252 
324 1318 791 13872.924 1743.073 
325 1310 799 13912.858 1744.061 
353 1233 758 13733.396 1719.377 
364 1231 766 13753.81 1718.494 
282 1400 765 13951.942 1752.709 
306 1372 801 13963.16 1753.129 
328 1308 800 13888.305 1741.592 
304 1379 812 13970.929 1752.551 
355 1229 767 13734.077 1716.967 
329 1306 801 13885.895 1741.074 
357 1228 770 13741.587 1718.323 
288 1392 771 13949.681 1751.357 
292 1383 788 13967.656 1751.812 
302 1363 815 13955.339 1751.806 
343 1256 766 13764.745 1720.017 
279 1402 756 13961.362 1751.384 
291 1386 798 13967.552 1754.947 
301 1380 789 13964.119 1753.853 
330 1305 788 13875.181 1743.492 
322 1324 797 13922.924 1748.754 
286 1392 765 13960.158 1752.956 
351 1243 756 13760.736 1720.0 
295 1382 786 13967.703 1755.823 
294 1386 787 13965.415 1754.915 
331 1308 798 13882.528 1740.595 
331 1309 777 13874.281 1739.164 
334 1301 787 13871.361 1741.917 
308 1375 812 13968.747 1751.988 
355 1232 770 13743.407 1716.396 
356 1230 771 13741.944 1716.276 
324 1309 802 13906.135 1743.283 
307 1373 815 13971.026 1750.884 
317 1337 788 13902.539 1746.442 
330 1307 795 13892.199 1739.984 
366 1227 774 13743.676 1718.839 
333 1303 786 13873.688 1742.253 
306 1376 813 13972.886 1752.351 
317 1336 797 13917.176 1745.158 
309 1373 814 13971.37 1752.217 
326 1313 793 13910.467 1745.044 
323 1323 797 13922.767 1748.752 
324 1312 803 13896.278 1743.994 
329 1311 793 13894.21 1744.3 
307 1374 814 13966.911 1752.022 
334 1302 782 13873.415 1740.982 
333 1301 803 13893.731 1741.687 
331 1304 789 13896.186 1742.626 
290 1389 771 13952.425 1751.546 
327 1319 779 13873.408 1738.755 
297 1381 796 13963.92 1755.546 
283 1397 766 13943.492 1750.164 
278 1396 767 13929.295 1746.781 
326 1320 778 13873.765 1739.017 
282 1400 766 13952.072 1752.365 
