848 4672 2421 13726.428 1718.784 
848 4672 2422 13726.632 1718.782 
919 4534 2450 13672.518 1712.334 
873 4627 2471 13731.413 1719.63 
942 4498 2454 13670.946 1713.031 
977 4468 2539 13690.327 1716.261 
967 4482 2550 13694.334 1716.669 
890 4611 2475 13725.368 1718.226 
915 4580 2470 13704.577 1716.427 
1004 4439 2559 13685.615 1714.466 
921 4546 2430 13690.445 1715.302 
972 4486 2541 13699.585 1717.247 
928 4540 2439 13693.075 1715.887 
920 4557 2442 13696.779 1715.974 
971 4487 2541 13699.588 1717.247 
910 4564 2465 13703.249 1716.515 
924 4542 2427 13687.974 1715.02 
995 4456 2561 13697.175 1716.307 
916 4567 2447 13689.486 1714.375 
1016 4406 2558 13675.469 1713.642 
976 4470 2551 13688.662 1714.756 
892 4606 2472 13719.256 1717.593 
896 4610 2465 13716.619 1717.568 
1002 4448 2566 13700.409 1715.913 
969 4461 2558 13684.788 1716.165 
932 4522 2444 13678.878 1714.48 
885 4615 2467 13719.892 1717.642 
897 4592 2466 13716.555 1716.516 
849 4666 2431 13723.609 1718.634 
902 4584 2451 13700.847 1714.572 
1014 4404 2561 13675.582 1713.344 
931 4523 2447 13683.314 1712.84 
857 4657 2438 13726.772 1719.523 
1014 4417 2558 13676.376 1713.41 
888 4617 2462 13725.362 1718.763 
916 4539 2450 13679.688 1713.087 
853 4660 2437 13719.521 1718.093 
879 4632 2464 13723.706 1718.444 
902 4593 2440 13703.061 1716.483 
932 4523 2456 13680.693 1712.524 
853 4670 2428 13726.883 1719.169 
864 4663 2433 13725.619 1718.588 
930 4523 2444 13678.089 1714.334 
861 4658 2423 13723.776 1718.999 
889 4621 2448 13718.746 1718.915 
977 4468 2541 13692.887 1715.897 
922 4544 2427 13688.269 1715.099 
922 4532 2447 13679.317 1712.905 
923 4530 2447 13678.89 1712.93 
853 4670 2429 13726.861 1719.167 
922 4538 2442 13684.69 1714.407 
930 4524 2443 13678.802 1714.467 
923 4530 2446 13678.985 1713.057 
964 4496 2542 13696.225 1716.694 
842 4669 2437 13721.545 1718.003 
1013 4425 2568 13687.865 1714.117 
919 4558 2441 13696.359 1715.96 
1018 4404 2559 13675.574 1713.695 
851 4664 2459 13727.435 1717.973 
1009 4438 2576 13699.239 1715.93 
936 4503 2439 13679.407 1714.363 
974 4457 2554 13680.458 1714.408 
919 4527 2451 13675.911 1712.041 
901 4597 2463 13709.799 1716.579 
889 4604 2475 13722.957 1718.576 
877 4622 2440 13726.002 1720.596 
898 4610 2464 13725.13 1717.65 
884 4655 2461 13733.76 1719.833 
888 4614 2445 13724.063 1719.289 
1003 4447 2558 13689.031 1716.387 
1014 4415 2560 13679.081 1712.931 
923 4525 2446 13679.224 1715.453 
992 4454 2550 13693.689 1716.724 
868 4636 2464 13729.201 1718.725 
985 4461 2553 13690.713 1716.323 
995 4455 2553 13695.838 1716.514 
881 4631 2467 13725.05 1718.143 
842 4668 2438 13721.115 1717.91 
