647 3303 1777 13738.899 1722.674 
613 3325 1740 13708.812 1718.44 
737 3083 1815 13609.654 1702.171 
737 3042 1823 13590.93 1698.32 
612 3313 1754 13709.701 1716.636 
683 3158 1863 13639.574 1706.692 
733 3072 1813 13617.005 1701.761 
726 3138 1772 13665.824 1709.432 
696 3211 1781 13701.697 1715.932 
630 3311 1760 13717.295 1719.267 
672 3156 1849 13634.147 1707.182 
701 3197 1776 13689.041 1713.021 
722 3143 1767 13659.24 1708.638 
700 3201 1797 13692.556 1713.863 
706 3115 1827 13612.462 1700.879 
716 3160 1786 13679.066 1709.478 
692 3109 1842 13606.906 1702.192 
684 3151 1834 13631.185 1705.41 
704 3199 1778 13692.644 1712.43 
620 3317 1747 13710.938 1718.205 
621 3316 1749 13713.056 1718.672 
652 3260 1803 13718.664 1720.788 
678 3179 1817 13647.407 1707.464 
704 3193 1787 13683.836 1714.188 
649 3291 1743 13701.866 1716.887 
664 3280 1782 13733.471 1722.438 
673 3148 1855 13633.853 1707.848 
645 3280 1787 13725.864 1721.082 
714 3170 1802 13674.199 1710.655 
689 3212 1804 13688.926 1712.272 
721 3143 1767 13659.289 1708.656 
660 3268 1783 13726.066 1720.551 
710 3105 1854 13614.496 1702.391 
691 3210 1806 13685.95 1715.266 
664 3171 1832 13629.619 1705.653 
693 3229 1794 13711.801 1714.758 
710 3118 1811 13615.565 1703.522 
685 3237 1801 13728.605 1720.114 
676 3160 1845 13631.07 1705.852 
628 3312 1758 13716.484 1719.16 
638 3288 1779 13721.747 1720.553 
706 3183 1758 13668.941 1710.499 
667 3226 1811 13705.026 1717.392 
668 3166 1857 13635.87 1707.702 
688 3222 1814 13707.596 1717.611 
716 3168 1793 13667.24 1710.386 
719 3097 1821 13621.326 1701.884 
640 3291 1780 13724.667 1719.015 
688 3186 1816 13686.434 1714.633 
708 3113 1829 13633.145 1705.563 
685 3142 1826 13624.23 1704.69 
678 3245 1807 13714.483 1719.155 
678 3176 1821 13637.342 1705.977 
667 3251 1783 13714.011 1721.022 
690 3137 1818 13625.32 1704.397 
656 3273 1784 13714.702 1717.574 
699 3205 1815 13713.082 1718.829 
675 3271 1802 13734.16 1720.449 
723 3121 1811 13625.473 1703.157 
615 3322 1744 13713.044 1718.319 
710 3104 1818 13619.314 1702.705 
633 3305 1783 13723.537 1718.19 
655 3274 1783 13715.057 1717.626 
694 3127 1839 13625.323 1706.987 
665 3177 1822 13627.894 1703.495 
687 3238 1792 13718.706 1718.048 
708 3173 1788 13666.002 1711.435 
684 3239 1800 13728.42 1720.077 
691 3133 1819 13625.814 1705.591 
651 3281 1776 13718.512 1719.695 
680 3172 1824 13644.856 1708.784 
691 3124 1841 13623.067 1706.923 
633 3304 1772 13718.556 1718.992 
680 3172 1825 13644.819 1708.783 
689 3227 1799 13719.547 1719.252 
666 3271 1742 13727.64 1720.461 
651 3278 1783 13726.955 1720.281 
721 3143 1768 13659.272 1708.653 
713 3115 1824 13625.314 1702.568 
705 3174 1790 13675.173 1711.736 
709 3101 1825 13620.515 1701.653 
703 3129 1824 13621.238 1701.586 
717 3158 1781 13675.981 1711.795 
645 3284 1786 13717.032 1718.773 
715 3176 1752 13675.224 1711.77 
691 3211 1791 13702.613 1716.729 
612 3314 1752 13716.154 1718.9 
694 3127 1840 13625.299 1706.983 
719 3106 1816 13622.106 1701.492 
638 3286 1782 13724.865 1721.074 
725 3140 1772 13666.266 1709.452 
718 3098 1821 13621.488 1702.0 
706 3177 1794 13668.917 1711.559 
707 3174 1787 13666.065 1711.442 
682 3229 1806 13722.646 1719.079 
