483 2696 1346 13712.886 1718.15 
618 2484 1448 13651.72 1707.755 
634 2480 1444 13672.118 1710.835 
559 2581 1469 13750.763 1725.619 
622 2468 1451 13665.528 1709.112 
564 2528 1514 13705.603 1721.541 
586 2502 1433 13636.126 1707.902 
566 2537 1483 13710.068 1722.067 
494 2675 1361 13700.096 1715.682 
598 2496 1434 13638.237 1709.514 
535 2621 1394 13695.024 1715.086 
565 2541 1493 13703.727 1720.054 
556 2586 1454 13737.142 1723.135 
602 2499 1429 13656.699 1708.846 
518 2561 1475 13693.076 1718.033 
486 2686 1352 13705.121 1718.605 
511 2672 1395 13732.8 1720.588 
490 2683 1366 13713.655 1720.561 
592 2515 1410 13681.937 1712.85 
545 2599 1467 13748.289 1724.489 
497 2668 1373 13710.939 1721.813 
532 2616 1399 13696.419 1715.65 
549 2602 1460 13745.308 1724.701 
632 2480 1448 13667.919 1711.397 
588 2500 1435 13666.755 1711.888 
581 2511 1509 13693.462 1720.333 
525 2666 1385 13730.072 1719.14 
593 2529 1415 13674.953 1711.721 
584 2552 1480 13723.983 1722.535 
601 2503 1429 13676.208 1713.767 
530 2614 1448 13740.909 1722.784 
552 2565 1473 13717.716 1721.288 
582 2529 1508 13727.352 1723.727 
583 2509 1489 13704.566 1722.62 
526 2637 1387 13702.086 1717.183 
559 2532 1502 13711.524 1725.108 
591 2516 1408 13681.876 1712.842 
528 2654 1384 13717.32 1718.368 
492 2675 1350 13702.133 1716.014 
616 2493 1444 13680.343 1713.914 
609 2510 1427 13678.119 1712.931 
596 2515 1398 13661.442 1710.704 
529 2655 1371 13720.158 1719.983 
530 2645 1381 13710.938 1718.96 
508 2674 1382 13723.798 1721.786 
612 2505 1423 13675.589 1712.341 
561 2583 1458 13732.908 1722.5 
627 2483 1447 13675.603 1711.893 
607 2498 1432 13660.658 1711.146 
511 2669 1377 13725.156 1721.735 
590 2519 1410 13679.072 1712.754 
523 2640 1389 13707.725 1718.211 
595 2525 1432 13678.672 1712.338 
605 2485 1450 13660.484 1710.282 
604 2487 1450 13660.255 1710.36 
550 2535 1479 13700.307 1724.276 
628 2491 1424 13668.832 1710.336 
558 2585 1452 13736.729 1722.919 
524 2660 1368 13717.325 1720.415 
524 2630 1390 13706.692 1716.151 
553 2564 1473 13717.598 1721.26 
596 2512 1421 13670.696 1712.735 
613 2490 1449 13677.845 1712.066 
536 2626 1377 13701.873 1717.432 
529 2646 1385 13713.463 1717.652 
541 2620 1386 13700.527 1716.665 
533 2641 1383 13713.702 1718.002 
526 2632 1395 13700.346 1716.316 
614 2495 1412 13661.179 1709.002 
619 2487 1428 13672.559 1711.68 
559 2541 1512 13718.248 1722.164 
557 2584 1453 13733.152 1722.623 
554 2560 1505 13722.283 1723.1 
555 2556 1506 13728.477 1723.987 
522 2665 1400 13737.098 1721.627 
600 2484 1483 13700.718 1721.819 
544 2600 1466 13749.231 1724.569 
559 2532 1503 13711.978 1725.087 
534 2628 1375 13701.514 1717.427 
542 2602 1465 13749.19 1724.45 
552 2603 1448 13742.509 1724.487 
615 2494 1444 13680.275 1713.899 
552 2536 1512 13711.774 1722.315 
618 2488 1427 13672.131 1711.631 
545 2607 1453 13745.264 1724.404 
554 2536 1505 13715.718 1724.082 
529 2629 1386 13715.338 1717.522 
617 2484 1429 13669.321 1711.391 
554 2557 1506 13728.61 1724.017 
509 2673 1383 13724.151 1721.79 
529 2656 1370 13720.782 1720.032 
543 2602 1465 13748.436 1724.471 
