873 4457 2477 13624.91 1706.268 
846 4641 2416 13691.154 1716.379 
938 4443 2386 13637.335 1711.019 
1016 4309 2566 13623.007 1709.151 
1030 4296 2538 13612.385 1707.465 
1030 4296 2539 13612.472 1707.334 
836 4635 2417 13683.116 1715.804 
855 4647 2409 13687.012 1717.918 
991 4366 2519 13635.595 1708.65 
897 4448 2479 13634.93 1709.299 
917 4499 2462 13658.202 1710.811 
990 4381 2555 13647.219 1710.178 
972 4388 2527 13637.238 1709.3 
932 4475 2418 13646.519 1712.253 
969 4411 2530 13645.098 1710.323 
850 4599 2438 13675.501 1713.55 
907 4549 2445 13662.886 1714.397 
919 4523 2396 13657.607 1714.556 
952 4425 2430 13636.948 1711.123 
981 4354 2558 13617.813 1708.473 
939 4434 2464 13639.077 1707.6 
927 4496 2469 13672.051 1714.561 
885 4590 2414 13690.824 1717.757 
969 4410 2531 13644.554 1710.258 
928 4451 2408 13637.959 1712.774 
978 4354 2556 13620.144 1708.776 
1005 4342 2542 13620.706 1708.196 
928 4462 2435 13645.247 1712.644 
856 4643 2399 13687.325 1716.883 
1018 4321 2536 13615.376 1707.258 
887 4576 2392 13663.578 1715.268 
995 4359 2533 13634.923 1709.491 
875 4452 2474 13623.691 1706.389 
927 4456 2470 13642.725 1709.796 
890 4554 2447 13670.796 1716.266 
844 4623 2434 13674.84 1714.839 
917 4528 2440 13679.434 1715.906 
908 4542 2438 13680.505 1717.097 
1003 4349 2550 13632.855 1709.487 
850 4569 2439 13656.6 1714.407 
1023 4311 2552 13623.152 1709.309 
946 4417 2451 13616.186 1706.646 
880 4593 2423 13676.236 1715.593 
902 4543 2455 13669.293 1715.324 
898 4582 2437 13678.661 1714.743 
918 4498 2446 13664.785 1714.099 
930 4455 2419 13641.698 1712.063 
933 4455 2453 13649.902 1709.831 
901 4562 2439 13668.627 1714.427 
933 4455 2453 13649.833 1709.839 
1029 4297 2538 13612.456 1707.473 
854 4619 2420 13684.971 1717.003 
944 4441 2420 13636.968 1710.944 
937 4422 2433 13635.396 1711.252 
911 4547 2440 13679.022 1715.854 
842 4638 2424 13679.456 1716.427 
878 4606 2403 13678.926 1717.229 
899 4561 2417 13671.411 1715.071 
936 4434 2466 13631.542 1707.096 
858 4634 2396 13686.358 1716.15 
1001 4348 2559 13635.154 1709.507 
946 4431 2436 13628.036 1709.536 
1011 4333 2565 13629.23 1708.937 
918 4498 2447 13664.699 1714.079 
1006 4338 2561 13631.966 1709.347 
877 4577 2423 13677.814 1716.678 
882 4603 2405 13680.286 1716.141 
1018 4316 2546 13617.289 1707.976 
864 4630 2394 13682.605 1716.309 
932 4426 2471 13630.081 1707.231 
993 4363 2537 13632.336 1709.242 
867 4627 2412 13685.18 1717.47 
991 4366 2520 13632.62 1709.466 
1008 4341 2554 13631.27 1708.91 
871 4613 2409 13687.055 1717.401 
895 4567 2429 13679.561 1717.26 
1013 4318 2565 13620.425 1709.099 
950 4428 2427 13637.414 1711.042 
929 4415 2464 13627.54 1708.531 
868 4595 2424 13685.141 1716.481 
904 4558 2431 13669.215 1714.549 
937 4445 2386 13637.679 1711.044 
1017 4328 2552 13626.3 1707.998 
948 4415 2453 13616.932 1706.826 
871 4603 2412 13681.619 1717.417 
1005 4329 2546 13625.763 1709.408 
894 4574 2416 13681.69 1716.868 
1016 4334 2545 13629.839 1708.499 
904 4570 2423 13670.146 1714.483 
871 4591 2421 13677.308 1716.811 
856 4626 2424 13683.624 1716.071 
862 4631 2413 13682.073 1716.345 
936 4448 2420 13631.359 1711.566 
1012 4327 2554 13625.959 1709.372 
947 4416 2452 13616.595 1706.723 
861 4624 2419 13680.338 1715.354 
911 4548 2439 13679.668 1715.944 
1014 4320 2560 13625.299 1708.917 
860 4621 2434 13681.832 1717.22 
