388 2067 1089 13891.676 1743.18 
520 1877 1165 13804.274 1730.913 
407 2053 1113 13897.064 1743.42 
396 2073 1096 13890.992 1744.509 
404 2058 1115 13891.532 1745.03 
410 2047 1074 13875.036 1744.0 
519 1855 1168 13782.376 1726.563 
515 1877 1196 13824.919 1731.717 
505 1878 1178 13802.962 1729.365 
442 1982 1094 13826.985 1736.659 
390 2063 1097 13866.118 1741.457 
401 2059 1085 13871.372 1741.421 
452 1968 1102 13826.886 1734.941 
514 1868 1179 13819.783 1731.951 
431 1999 1134 13864.044 1740.525 
446 1963 1104 13804.984 1733.028 
397 2069 1086 13882.718 1742.18 
408 2052 1115 13888.045 1744.98 
502 1888 1169 13807.89 1730.606 
518 1871 1184 13812.773 1729.858 
474 1926 1169 13840.402 1734.47 
482 1907 1181 13809.044 1730.19 
437 1994 1105 13842.905 1738.801 
459 1943 1147 13830.787 1733.976 
517 1872 1183 13811.77 1729.739 
497 1883 1192 13804.509 1730.087 
461 1949 1156 13826.386 1735.871 
509 1885 1175 13814.264 1732.27 
470 1935 1162 13835.323 1735.384 
501 1899 1190 13828.711 1731.772 
435 1993 1114 13837.071 1737.697 
490 1893 1180 13809.634 1732.063 
415 2043 1098 13877.087 1743.376 
438 1988 1112 13838.742 1736.832 
480 1930 1156 13836.416 1736.311 
450 1950 1108 13814.669 1732.374 
511 1878 1164 13807.758 1731.88 
490 1928 1138 13827.843 1734.875 
505 1901 1162 13827.253 1733.319 
432 2003 1102 13850.254 1737.25 
416 2017 1103 13862.942 1743.233 
436 1991 1123 13846.806 1739.275 
454 1947 1159 13815.587 1731.08 
409 2029 1120 13868.029 1740.165 
418 2024 1102 13869.423 1742.67 
412 2012 1118 13856.211 1740.98 
471 1932 1150 13830.118 1735.773 
442 1956 1130 13805.899 1732.975 
487 1904 1169 13806.698 1731.123 
500 1903 1152 13825.009 1732.344 
399 2056 1119 13892.103 1743.678 
439 1989 1101 13838.805 1737.594 
413 2037 1115 13883.365 1741.433 
484 1899 1172 13807.393 1732.509 
411 2030 1107 13864.045 1742.336 
482 1916 1179 13823.715 1733.198 
441 1985 1113 13840.371 1738.4 
456 1939 1160 13824.682 1733.153 
486 1912 1168 13820.804 1729.58 
495 1927 1167 13858.668 1736.17 
418 2032 1109 13869.61 1739.237 
466 1919 1171 13834.525 1733.012 
436 1988 1124 13857.937 1739.026 
474 1924 1169 13817.147 1734.939 
404 2036 1127 13866.711 1740.662 
419 2010 1139 13849.28 1739.282 
422 2005 1122 13850.932 1740.076 
409 2054 1097 13879.515 1742.192 
480 1912 1175 13833.201 1731.921 
491 1902 1178 13804.313 1732.892 
499 1898 1171 13824.667 1734.043 
429 2012 1117 13853.302 1740.053 
418 2018 1117 13849.663 1739.456 
478 1932 1132 13820.473 1733.793 
397 2060 1104 13892.549 1743.254 
414 2025 1106 13853.863 1740.779 
473 1944 1142 13831.295 1736.002 
423 2024 1088 13852.166 1739.996 
435 1997 1094 13838.945 1738.946 
425 2007 1117 13859.032 1738.332 
403 2037 1126 13867.074 1740.664 
407 2053 1114 13896.704 1743.367 
421 2010 1105 13854.803 1737.297 
498 1919 1158 13854.12 1733.951 
467 1942 1158 13833.181 1736.497 
415 2015 1120 13851.947 1739.879 
472 1945 1141 13830.694 1735.935 
417 2041 1105 13883.298 1742.567 
415 2032 1097 13873.206 1744.706 
495 1885 1191 13804.249 1730.013 
439 1958 1123 13804.76 1733.865 
469 1954 1119 13820.636 1729.783 
425 2009 1097 13853.753 1738.555 
466 1941 1166 13820.096 1734.161 
490 1903 1173 13822.318 1732.453 
468 1937 1166 13815.133 1733.295 
419 2008 1117 13856.49 1739.655 
400 2060 1085 13871.398 1741.426 
