447 1938 1154 13788.651 1731.278 
341 2060 1021 13738.83 1724.98 
506 1818 1098 13653.308 1710.796 
434 1990 1143 13841.85 1735.709 
453 1962 1145 13828.509 1736.987 
520 1795 1107 13646.532 1714.85 
372 2022 1033 13738.192 1725.903 
411 1998 1114 13804.799 1731.617 
435 1985 1119 13816.861 1730.198 
369 2012 1037 13718.829 1723.787 
354 2046 1028 13739.7 1724.485 
417 1992 1110 13804.884 1732.012 
441 1972 1139 13813.958 1733.832 
457 1863 1125 13692.373 1719.086 
462 1897 1089 13692.606 1718.95 
480 1830 1081 13691.619 1721.424 
471 1851 1067 13686.204 1721.269 
486 1853 1095 13697.177 1717.26 
463 1876 1080 13664.33 1715.087 
464 1859 1058 13674.601 1718.848 
456 1962 1151 13837.367 1736.632 
417 1992 1112 13802.863 1731.986 
472 1854 1062 13671.576 1720.145 
369 2025 1026 13724.385 1722.977 
450 1968 1153 13832.392 1736.945 
365 2028 1044 13738.241 1725.66 
435 1977 1138 13816.251 1733.975 
465 1842 1077 13652.496 1718.105 
350 2046 1032 13724.851 1723.324 
342 2058 1022 13737.115 1724.636 
436 1984 1117 13815.099 1731.539 
351 2052 1027 13736.811 1724.728 
356 2040 1037 13738.606 1724.564 
519 1805 1114 13678.748 1713.425 
514 1810 1082 13656.706 1714.095 
363 2038 1024 13725.634 1723.554 
353 2035 1025 13730.162 1725.045 
464 1844 1071 13668.382 1718.005 
506 1827 1089 13652.631 1711.903 
368 2023 1027 13728.611 1725.462 
500 1826 1116 13679.577 1716.107 
447 1971 1152 13838.397 1736.01 
508 1801 1109 13653.333 1714.072 
507 1811 1104 13657.911 1713.639 
360 2036 1033 13733.339 1725.021 
488 1837 1103 13669.908 1713.028 
355 2046 1027 13739.569 1724.482 
502 1821 1119 13672.082 1716.584 
513 1826 1092 13679.47 1716.076 
354 2042 1036 13737.135 1724.698 
504 1822 1087 13671.886 1717.384 
365 2028 1043 13738.725 1725.749 
504 1815 1108 13657.693 1714.045 
485 1862 1073 13675.142 1717.195 
510 1819 1097 13658.152 1713.585 
471 1867 1076 13665.147 1714.018 
509 1796 1111 13661.142 1713.618 
494 1843 1086 13676.165 1716.336 
463 1864 1059 13650.376 1717.128 
461 1861 1093 13670.159 1712.398 
485 1827 1109 13661.962 1714.493 
494 1848 1084 13683.996 1716.152 
472 1866 1076 13665.363 1714.039 
495 1832 1100 13681.822 1715.228 
488 1860 1096 13692.113 1717.955 
512 1810 1095 13660.699 1713.066 
492 1843 1088 13670.541 1714.732 
494 1835 1094 13678.383 1715.304 
506 1809 1107 13649.093 1711.904 
488 1836 1102 13671.802 1716.74 
519 1809 1094 13655.601 1713.747 
497 1824 1118 13669.819 1717.07 
366 2032 1028 13725.758 1723.777 
497 1831 1084 13668.357 1715.169 
490 1831 1062 13661.722 1717.21 
469 1866 1088 13657.932 1715.53 
470 1863 1060 13659.364 1714.572 
457 1866 1107 13674.745 1713.904 
496 1834 1092 13674.928 1714.516 
367 2034 1027 13738.106 1725.691 
483 1852 1101 13676.039 1715.257 
364 2033 1030 13738.628 1725.716 
463 1867 1089 13648.417 1715.129 
470 1863 1060 13659.345 1714.612 
495 1833 1099 13665.249 1713.228 
