715 3943 2104 13662.391 1709.207 
838 3879 2182 13736.541 1720.218 
714 3955 2064 13653.861 1710.205 
881 3819 2160 13712.834 1715.365 
815 3918 2160 13745.272 1722.134 
793 3929 2111 13728.014 1718.685 
724 3944 2082 13667.168 1709.996 
820 3902 2128 13734.715 1719.657 
795 3919 2108 13716.759 1715.36 
862 3836 2159 13711.932 1716.498 
870 3821 2149 13707.501 1715.867 
858 3846 2146 13721.695 1717.886 
843 3886 2172 13736.886 1720.841 
815 3918 2161 13744.99 1722.1 
706 3962 2086 13689.411 1714.108 
856 3850 2165 13723.263 1718.129 
710 3972 2053 13654.55 1709.934 
793 3927 2112 13727.578 1718.614 
860 3845 2160 13729.033 1717.181 
847 3867 2179 13731.544 1719.813 
860 3840 2166 13722.276 1718.947 
863 3827 2175 13714.195 1715.862 
680 3992 2058 13684.966 1714.681 
709 3944 2118 13686.076 1713.114 
686 3980 2067 13671.144 1711.99 
719 3937 2090 13675.562 1712.675 
702 3971 2079 13677.551 1713.277 
686 3990 2063 13688.449 1715.179 
834 3887 2173 13731.731 1719.408 
695 4001 2053 13688.384 1715.056 
852 3870 2171 13731.31 1719.344 
848 3879 2162 13727.74 1719.456 
700 3962 2095 13685.185 1712.231 
685 3998 2065 13688.795 1714.583 
844 3884 2172 13736.139 1720.79 
707 3969 2049 13678.972 1714.61 
696 3981 2060 13677.881 1713.417 
855 3870 2168 13728.195 1719.342 
700 3958 2099 13683.228 1712.585 
688 3978 2080 13664.281 1709.969 
713 3939 2086 13678.813 1710.762 
703 3956 2091 13669.603 1711.885 
715 3944 2088 13674.612 1711.302 
689 3952 2114 13678.846 1712.75 
710 3962 2097 13669.797 1710.946 
695 3977 2066 13684.533 1714.191 
835 3886 2174 13731.722 1719.562 
696 3986 2047 13671.791 1711.75 
713 3958 2094 13665.943 1711.615 
700 3979 2058 13679.61 1714.44 
719 3953 2093 13672.61 1713.726 
721 3954 2080 13678.373 1711.639 
701 3966 2083 13683.809 1713.993 
701 3964 2084 13671.775 1712.184 
701 3957 2100 13683.504 1712.631 
695 3945 2113 13671.055 1711.919 
708 3943 2115 13686.919 1712.733 
709 3967 2081 13666.026 1711.392 
704 3953 2087 13675.027 1712.231 
685 3978 2084 13672.222 1710.92 
693 3967 2067 13676.014 1713.478 
705 3957 2097 13684.041 1711.618 
699 3980 2057 13679.34 1714.403 
699 3973 2060 13672.0 1712.634 
695 3972 2093 13688.373 1713.069 
710 3972 2053 13654.546 1709.942 
706 3968 2105 13671.84 1711.561 
699 3974 2094 13673.349 1711.699 
706 3953 2094 13672.75 1711.859 
708 3966 2105 13671.848 1711.729 
843 3892 2174 13737.288 1719.37 
694 4033 2057 13705.918 1716.839 
685 3995 2082 13681.916 1713.155 
833 3893 2160 13730.335 1719.306 
701 3977 2059 13679.746 1714.473 
847 3882 2178 13737.321 1721.159 
871 3820 2152 13707.731 1715.895 
703 3946 2089 13678.63 1711.813 
874 3821 2138 13715.204 1716.026 
873 3827 2144 13714.183 1717.268 
853 3857 2154 13728.51 1717.518 
