778 3103 1804 13641.744 1712.231 
645 3335 1786 13759.12 1724.004 
746 3130 1903 13690.54 1718.113 
792 3073 1774 13654.386 1714.005 
701 3266 1814 13749.429 1725.08 
779 3110 1745 13650.722 1715.385 
668 3309 1817 13767.271 1723.03 
799 3085 1777 13653.358 1710.996 
750 3138 1888 13698.554 1717.583 
790 3076 1762 13652.406 1712.71 
721 3227 1831 13714.085 1719.847 
794 3094 1769 13657.968 1711.778 
770 3113 1754 13652.56 1715.883 
685 3286 1831 13760.101 1724.23 
698 3271 1822 13733.625 1721.517 
729 3192 1857 13725.034 1721.192 
704 3240 1824 13728.192 1722.496 
798 3086 1776 13653.425 1711.013 
755 3084 1893 13665.053 1713.063 
740 3150 1887 13696.696 1719.268 
734 3202 1839 13725.647 1719.38 
779 3102 1805 13642.42 1712.399 
651 3330 1793 13760.55 1724.516 
700 3190 1874 13682.998 1715.262 
711 3167 1868 13684.475 1718.295 
722 3218 1854 13730.651 1720.234 
782 3099 1793 13666.978 1714.779 
717 3226 1827 13718.696 1718.963 
727 3216 1834 13725.116 1718.75 
724 3199 1847 13717.422 1721.496 
745 3132 1902 13691.5 1718.187 
702 3174 1866 13681.123 1717.203 
789 3097 1786 13670.51 1714.246 
721 3153 1883 13689.105 1718.357 
712 3235 1832 13721.032 1721.226 
657 3322 1796 13751.159 1723.205 
776 3115 1800 13655.565 1715.034 
661 3306 1819 13751.997 1721.976 
704 3230 1842 13736.682 1721.356 
670 3299 1806 13740.072 1720.182 
694 3263 1829 13749.142 1723.604 
777 3122 1780 13663.559 1715.26 
726 3153 1873 13676.825 1715.533 
659 3313 1819 13762.71 1722.75 
706 3169 1870 13678.716 1716.68 
792 3096 1767 13656.825 1711.616 
764 3145 1751 13665.94 1716.498 
675 3290 1809 13744.795 1723.774 
665 3303 1800 13749.562 1723.738 
753 3095 1896 13670.382 1715.309 
769 3138 1763 13661.829 1716.359 
743 3134 1893 13687.729 1717.925 
731 3151 1890 13682.166 1715.736 
696 3268 1825 13753.619 1724.634 
707 3177 1864 13681.38 1716.852 
763 3146 1750 13666.406 1716.571 
652 3330 1796 13762.999 1724.138 
767 3138 1788 13659.584 1713.692 
788 3120 1791 13669.185 1713.232 
705 3210 1844 13719.958 1720.4 
771 3125 1791 13656.776 1714.965 
691 3259 1835 13731.295 1723.223 
781 3107 1773 13669.587 1715.181 
721 3228 1830 13714.852 1719.881 
698 3248 1841 13739.766 1722.622 
788 3098 1784 13669.997 1714.203 
766 3133 1765 13662.463 1716.327 
697 3276 1827 13757.261 1723.698 
758 3136 1789 13652.999 1713.446 
667 3320 1793 13755.537 1724.666 
671 3296 1817 13741.574 1720.45 
678 3295 1802 13748.948 1724.055 
681 3278 1844 13743.217 1724.683 
682 3290 1789 13740.705 1723.858 
784 3096 1795 13665.313 1714.098 
738 3146 1895 13690.878 1717.896 
703 3158 1878 13659.98 1712.116 
701 3248 1845 13742.722 1722.283 
702 3251 1815 13743.011 1723.178 
730 3147 1894 13688.399 1717.152 
774 3130 1777 13669.636 1715.624 
714 3207 1837 13718.431 1721.854 
708 3231 1830 13724.157 1719.656 
675 3296 1817 13745.12 1720.236 
646 3334 1786 13758.651 1723.989 
759 3161 1768 13675.008 1718.215 
712 3227 1829 13723.687 1719.089 
672 3289 1819 13742.798 1720.969 
723 3200 1846 13716.765 1721.49 
709 3221 1841 13731.159 1723.11 
739 3152 1887 13697.614 1719.463 
660 3313 1804 13751.243 1723.116 
709 3161 1874 13678.92 1716.751 
745 3129 1903 13690.31 1718.145 
778 3108 1765 13651.121 1715.495 
