942 4510 2519 13717.76 1719.613 
940 4485 2582 13696.009 1713.498 
951 4506 2576 13724.448 1714.277 
917 4540 2539 13723.267 1718.484 
958 4472 2557 13703.705 1713.552 
983 4449 2587 13701.545 1715.571 
943 4513 2520 13716.262 1719.211 
940 4485 2581 13696.045 1713.505 
982 4450 2586 13701.38 1715.53 
940 4509 2521 13721.325 1719.703 
995 4416 2610 13702.807 1716.764 
899 4548 2585 13710.947 1716.269 
947 4528 2557 13733.747 1719.106 
917 4539 2539 13722.871 1718.491 
924 4532 2542 13715.655 1718.623 
914 4548 2523 13719.63 1719.191 
970 4459 2565 13703.139 1716.554 
935 4532 2519 13714.882 1715.36 
952 4504 2577 13723.842 1714.234 
981 4451 2586 13701.71 1715.482 
981 4451 2587 13701.632 1715.589 
1015 4401 2621 13697.534 1715.77 
915 4539 2546 13724.794 1718.724 
916 4537 2575 13720.809 1718.345 
935 4521 2511 13713.653 1719.386 
977 4451 2541 13692.46 1716.889 
998 4437 2608 13705.074 1715.878 
888 4546 2561 13713.83 1717.585 
1008 4414 2618 13702.025 1716.704 
937 4522 2518 13721.352 1719.339 
916 4537 2577 13721.283 1718.325 
887 4577 2551 13721.523 1716.725 
1002 4423 2599 13696.997 1715.537 
970 4459 2564 13703.154 1716.554 
912 4559 2504 13724.551 1720.075 
900 4566 2548 13724.318 1719.142 
975 4454 2563 13700.054 1716.723 
880 4575 2568 13719.963 1718.819 
1026 4388 2623 13700.233 1715.245 
927 4473 2574 13695.542 1715.064 
943 4514 2518 13723.092 1719.463 
937 4517 2569 13722.332 1719.566 
950 4513 2560 13727.663 1719.139 
1003 4418 2642 13703.517 1716.754 
930 4518 2535 13718.266 1719.618 
919 4534 2543 13720.547 1717.993 
976 4452 2540 13692.041 1716.87 
897 4536 2588 13711.692 1716.575 
900 4548 2584 13713.075 1716.993 
957 4511 2572 13732.913 1719.13 
949 4519 2558 13731.836 1719.148 
980 4457 2586 13704.354 1715.885 
888 4575 2553 13721.083 1716.656 
875 4587 2554 13726.409 1717.689 
936 4520 2511 13714.144 1719.485 
895 4565 2555 13725.306 1717.611 
994 4442 2626 13712.036 1716.859 
945 4530 2555 13733.835 1719.117 
966 4467 2563 13700.313 1716.318 
993 4443 2627 13712.026 1716.858 
945 4511 2515 13720.181 1719.527 
941 4518 2519 13724.06 1719.171 
980 4449 2583 13705.382 1715.643 
1001 4433 2615 13706.567 1715.676 
928 4533 2535 13720.978 1718.748 
910 4557 2505 13721.591 1719.427 
958 4469 2530 13699.498 1716.876 
929 4537 2532 13723.628 1719.759 
926 4540 2515 13723.105 1719.534 
957 4508 2559 13729.811 1719.35 
977 4451 2542 13692.357 1716.874 
991 4437 2603 13704.429 1717.511 
959 4468 2531 13699.585 1716.892 
933 4531 2524 13718.74 1719.125 
931 4544 2529 13721.098 1719.384 
877 4581 2562 13721.094 1718.817 
