644 3298 1757 13746.546 1724.138 
684 3112 1788 13610.989 1706.655 
643 3302 1749 13748.994 1723.566 
587 3354 1692 13710.337 1717.331 
601 3327 1690 13698.161 1716.888 
790 3018 1873 13651.288 1715.369 
798 3013 1853 13642.712 1713.532 
747 3100 1822 13668.422 1714.521 
711 3110 1783 13630.033 1711.027 
696 3196 1777 13698.979 1717.407 
703 3121 1775 13623.213 1708.031 
683 3221 1748 13689.681 1715.945 
738 3098 1823 13662.464 1713.727 
630 3307 1731 13732.807 1722.197 
707 3139 1783 13638.271 1707.851 
701 3123 1773 13622.553 1707.956 
709 3109 1803 13651.344 1713.036 
721 3109 1805 13648.754 1712.299 
779 3049 1829 13658.071 1715.068 
605 3312 1717 13717.922 1720.628 
690 3213 1784 13707.975 1719.604 
618 3309 1700 13705.45 1718.252 
734 3100 1826 13642.959 1712.842 
667 3238 1772 13704.963 1716.932 
620 3304 1738 13721.552 1721.96 
675 3223 1768 13703.147 1720.816 
638 3303 1752 13746.897 1723.832 
592 3352 1695 13715.204 1719.075 
598 3345 1705 13716.075 1718.357 
695 3207 1786 13710.4 1719.641 
593 3342 1707 13711.006 1718.451 
728 3105 1810 13650.059 1712.069 
601 3327 1691 13697.58 1716.819 
749 3079 1864 13659.796 1715.235 
592 3342 1706 13710.642 1718.459 
674 3216 1783 13693.977 1718.843 
664 3265 1766 13726.807 1722.161 
706 3111 1806 13639.635 1711.091 
766 3046 1861 13652.789 1713.887 
680 3216 1773 13706.3 1720.006 
711 3110 1782 13629.909 1711.043 
754 3069 1848 13646.92 1711.534 
696 3196 1778 13698.935 1717.399 
795 3021 1850 13646.249 1714.248 
648 3285 1755 13734.185 1722.676 
761 3080 1840 13655.77 1715.188 
759 3054 1858 13643.825 1711.715 
654 3275 1735 13729.604 1722.398 
772 3052 1856 13656.611 1714.547 
653 3282 1764 13737.333 1722.738 
752 3059 1854 13647.685 1713.104 
777 3034 1870 13654.95 1714.499 
615 3323 1701 13716.568 1719.725 
681 3228 1763 13720.008 1720.376 
646 3291 1765 13742.1 1723.451 
731 3105 1809 13658.57 1713.12 
784 3041 1859 13656.553 1715.863 
612 3310 1731 13723.964 1721.95 
659 3266 1732 13719.859 1721.246 
641 3279 1768 13725.231 1720.647 
777 3050 1843 13654.145 1716.218 
796 3025 1852 13646.755 1714.202 
760 3054 1855 13641.417 1711.864 
617 3321 1702 13720.29 1721.0 
788 3030 1854 13652.651 1715.026 
783 3020 1861 13646.581 1714.985 
728 3104 1810 13650.132 1712.056 
671 3252 1745 13708.819 1718.731 
606 3311 1716 13718.58 1720.768 
656 3279 1749 13731.508 1722.067 
617 3316 1707 13715.032 1719.514 
670 3250 1753 13719.311 1721.467 
667 3258 1741 13722.683 1720.578 
651 3288 1766 13738.862 1722.546 
654 3271 1761 13729.146 1720.169 
655 3241 1748 13698.4 1723.065 
666 3245 1763 13709.221 1722.238 
659 3269 1762 13724.312 1721.092 
772 3074 1841 13661.925 1715.012 
650 3287 1764 13740.207 1722.619 
646 3298 1747 13744.756 1723.608 
682 3220 1753 13712.718 1719.466 
647 3273 1740 13723.964 1723.987 
784 3046 1850 13658.453 1715.805 
643 3296 1759 13743.953 1723.699 
669 3257 1743 13724.135 1720.807 
652 3271 1742 13729.188 1723.239 
672 3251 1746 13709.603 1718.963 
671 3251 1748 13722.11 1721.594 
767 3046 1868 13651.242 1713.332 
749 3099 1805 13648.202 1711.592 
