523 1856 1130 13729.533 1720.683 
468 1972 1183 13862.177 1738.256 
399 2087 1136 13908.217 1745.676 
524 1865 1125 13738.071 1722.087 
520 1853 1134 13726.02 1720.776 
356 2095 1055 13820.241 1734.557 
503 1904 1139 13772.779 1727.332 
387 2088 1123 13884.26 1740.852 
446 1995 1143 13831.977 1733.089 
489 1915 1120 13770.499 1727.852 
481 1947 1163 13850.637 1735.615 
400 2079 1128 13895.771 1745.222 
404 2078 1137 13902.806 1745.443 
520 1874 1131 13748.021 1723.433 
518 1878 1119 13757.131 1725.873 
478 1953 1174 13860.459 1738.382 
488 1916 1120 13770.215 1727.839 
518 1872 1125 13751.905 1724.751 
405 2073 1115 13877.595 1742.058 
439 1989 1166 13843.945 1734.066 
447 1978 1170 13839.759 1733.44 
390 2094 1118 13891.877 1741.478 
463 1973 1174 13859.017 1738.323 
510 1895 1130 13763.297 1726.211 
458 1979 1149 13841.34 1733.745 
523 1861 1124 13736.778 1722.5 
472 1959 1164 13853.553 1734.551 
512 1883 1131 13761.681 1727.562 
445 1987 1125 13825.168 1734.807 
516 1887 1132 13771.02 1726.567 
430 2013 1160 13847.653 1737.436 
470 1965 1153 13848.786 1734.481 
418 2038 1150 13867.45 1739.609 
507 1893 1137 13757.537 1726.064 
518 1869 1137 13750.041 1723.281 
481 1950 1162 13851.255 1735.993 
425 2023 1147 13861.021 1737.403 
435 2009 1144 13859.745 1738.815 
520 1853 1133 13726.084 1720.792 
415 2056 1109 13888.428 1743.837 
449 1993 1143 13833.641 1733.781 
436 2014 1150 13857.152 1737.782 
451 1983 1157 13825.971 1735.708 
518 1873 1130 13749.776 1724.3 
443 2005 1145 13848.689 1735.64 
504 1889 1134 13764.958 1726.05 
427 2026 1133 13867.023 1737.683 
470 1959 1165 13842.392 1735.942 
433 1999 1141 13850.015 1739.49 
469 1966 1152 13848.9 1734.497 
450 1984 1158 13826.741 1735.837 
451 1984 1152 13835.444 1736.52 
486 1915 1124 13766.821 1727.245 
423 2042 1136 13878.76 1741.062 
419 2048 1129 13879.184 1740.11 
446 1977 1162 13830.218 1734.113 
488 1912 1123 13768.231 1727.439 
418 2050 1111 13884.323 1742.503 
444 2005 1140 13858.379 1738.594 
419 2024 1159 13850.829 1738.036 
490 1910 1125 13765.845 1727.472 
444 1998 1146 13849.793 1736.416 
448 1995 1136 13830.41 1733.47 
420 2047 1112 13880.192 1742.746 
421 2044 1149 13888.542 1743.247 
416 2026 1160 13851.962 1737.713 
434 1996 1139 13847.931 1739.087 
420 2051 1121 13875.168 1740.497 
417 2049 1137 13876.191 1742.202 
451 1985 1119 13835.743 1734.139 
440 2022 1142 13861.792 1738.541 
420 2045 1148 13886.401 1742.873 
452 1984 1120 13835.468 1734.128 
486 1914 1125 13766.19 1727.09 
523 1866 1124 13737.409 1722.048 
427 2020 1149 13859.778 1739.494 
445 1996 1142 13832.193 1733.15 
432 2016 1157 13850.957 1738.741 
520 1868 1128 13750.703 1724.673 
521 1869 1129 13744.243 1723.161 
495 1909 1133 13760.854 1726.817 
423 2027 1146 13855.275 1739.395 
356 2096 1054 13821.267 1734.61 
392 2091 1120 13893.025 1742.967 
411 2072 1136 13901.547 1745.44 
418 2048 1142 13882.515 1743.27 
429 2022 1134 13865.549 1742.359 
508 1892 1138 13757.72 1726.103 
398 2086 1137 13906.721 1746.26 
517 1873 1125 13752.156 1724.771 
