972 4364 2500 13611.945 1701.544 
835 4579 2356 13683.128 1713.769 
826 4602 2335 13680.586 1715.39 
952 4384 2532 13621.748 1703.362 
974 4393 2475 13628.706 1702.609 
773 4641 2324 13663.733 1711.833 
799 4616 2298 13667.809 1712.385 
953 4409 2494 13635.344 1704.584 
933 4418 2520 13632.195 1704.317 
917 4461 2461 13645.175 1708.364 
901 4513 2437 13650.673 1708.513 
935 4402 2501 13617.229 1702.982 
835 4520 2385 13615.087 1703.373 
962 4415 2490 13632.301 1704.969 
876 4498 2328 13650.692 1710.617 
915 4476 2411 13639.475 1706.828 
915 4475 2411 13639.585 1706.895 
774 4639 2323 13663.485 1711.815 
818 4613 2306 13664.192 1713.226 
814 4589 2356 13649.837 1710.125 
920 4451 2452 13640.981 1706.573 
836 4518 2384 13614.436 1703.365 
907 4482 2423 13653.436 1710.211 
908 4466 2437 13626.661 1703.365 
928 4446 2455 13629.669 1703.482 
847 4571 2354 13683.081 1714.743 
797 4626 2312 13670.031 1712.797 
941 4433 2440 13631.849 1705.652 
928 4465 2444 13653.541 1708.05 
947 4411 2425 13633.323 1705.911 
823 4596 2336 13672.083 1714.278 
922 4425 2484 13615.281 1701.86 
832 4562 2373 13655.912 1710.996 
950 4410 2481 13637.83 1702.955 
791 4634 2308 13673.703 1713.76 
798 4602 2357 13656.755 1710.398 
837 4578 2343 13681.414 1713.958 
924 4422 2461 13620.349 1705.315 
941 4420 2480 13625.145 1701.759 
925 4428 2471 13619.867 1702.596 
875 4499 2328 13650.811 1710.624 
935 4424 2446 13627.365 1705.274 
848 4565 2344 13678.429 1714.547 
947 4416 2481 13624.155 1704.306 
973 4394 2474 13628.484 1702.563 
925 4434 2479 13622.718 1702.077 
929 4444 2455 13628.919 1703.332 
801 4592 2343 13660.337 1710.306 
829 4571 2367 13658.62 1711.487 
965 4398 2496 13631.621 1703.972 
810 4614 2315 13670.6 1713.343 
856 4551 2344 13673.168 1713.615 
870 4528 2345 13665.57 1712.759 
792 4615 2308 13660.662 1713.51 
946 4427 2472 13632.786 1705.175 
785 4629 2345 13666.402 1711.635 
851 4556 2352 13673.6 1713.486 
937 4454 2429 13640.307 1707.564 
919 4473 2424 13638.466 1707.053 
809 4586 2340 13659.262 1712.25 
921 4420 2498 13622.704 1703.209 
904 4473 2442 13642.977 1706.9 
926 4420 2479 13617.267 1701.97 
801 4605 2337 13665.066 1712.7 
821 4582 2367 13669.16 1711.949 
839 4574 2343 13675.215 1713.398 
811 4589 2366 13668.277 1711.513 
800 4615 2299 13667.378 1712.332 
827 4595 2330 13677.134 1714.98 
923 4448 2453 13621.04 1703.441 
794 4636 2335 13674.498 1712.637 
824 4604 2327 13678.322 1714.502 
872 4519 2333 13668.468 1714.143 
830 4584 2333 13674.164 1714.575 
873 4547 2355 13670.079 1711.698 
875 4493 2335 13649.666 1711.296 
922 4430 2465 13631.968 1706.384 
808 4616 2326 13665.385 1712.174 
935 4456 2425 13639.725 1707.66 
814 4590 2356 13649.685 1710.096 
864 4567 2368 13685.352 1713.462 
922 4456 2446 13638.736 1705.639 
930 4456 2431 13640.552 1707.235 
902 4512 2437 13651.109 1708.539 
824 4568 2378 13655.664 1711.292 
935 4436 2427 13649.312 1705.983 
