715 3936 1985 13655.895 1712.476 
734 3938 2016 13662.194 1711.727 
845 3814 2168 13674.54 1712.355 
749 3923 2022 13671.798 1715.23 
904 3603 2085 13536.866 1694.311 
903 3587 2087 13524.43 1693.044 
870 3756 2177 13657.764 1709.321 
766 3854 2021 13635.418 1709.84 
894 3621 2082 13542.144 1695.412 
890 3622 2083 13541.688 1695.698 
771 3854 2024 13635.82 1707.239 
878 3636 2079 13538.671 1694.623 
809 3848 2104 13660.178 1710.228 
743 3898 2050 13656.068 1713.145 
896 3598 2091 13529.384 1694.34 
774 3849 2049 13640.306 1707.585 
889 3627 2079 13537.015 1694.334 
832 3816 2119 13659.876 1712.201 
734 3930 2037 13663.121 1711.423 
899 3606 2085 13536.011 1694.136 
736 3928 1998 13657.548 1711.401 
718 3933 1988 13654.767 1712.484 
877 3762 2143 13651.861 1708.414 
766 3875 2005 13641.161 1710.96 
849 3804 2140 13667.535 1712.076 
857 3788 2137 13662.155 1711.03 
745 3914 2032 13658.947 1712.143 
812 3836 2139 13669.232 1711.621 
841 3821 2162 13673.702 1711.197 
893 3614 2084 13535.061 1694.667 
762 3863 2021 13646.208 1711.653 
750 3903 2041 13660.11 1712.863 
718 3932 1989 13654.81 1712.487 
881 3635 2084 13541.194 1694.786 
815 3831 2108 13660.262 1711.154 
876 3768 2158 13658.16 1709.615 
884 3626 2082 13540.512 1695.045 
774 3849 2049 13640.155 1707.643 
858 3789 2145 13663.301 1710.261 
770 3856 2023 13636.206 1707.296 
759 3878 2021 13647.613 1711.563 
891 3617 2087 13539.915 1695.21 
753 3889 2027 13643.811 1711.724 
766 3855 2020 13636.214 1710.026 
830 3817 2138 13670.368 1711.506 
820 3795 2113 13648.323 1712.481 
754 3882 2043 13643.224 1709.633 
764 3902 2018 13665.995 1711.811 
873 3773 2160 13659.887 1710.661 
823 3793 2114 13649.319 1712.533 
735 3925 2046 13663.829 1712.374 
866 3784 2150 13664.869 1710.842 
868 3778 2166 13662.001 1709.816 
756 3873 2025 13639.759 1711.303 
873 3775 2155 13664.598 1710.786 
858 3776 2172 13655.981 1708.391 
863 3785 2161 13666.117 1710.81 
831 3826 2157 13663.676 1711.526 
826 3822 2142 13666.048 1711.207 
891 3622 2081 13540.73 1694.97 
741 3917 2031 13660.44 1712.755 
752 3883 2045 13647.789 1711.937 
854 3797 2142 13666.122 1711.882 
771 3869 2022 13643.517 1709.833 
870 3780 2160 13670.167 1712.012 
821 3823 2151 13669.625 1711.856 
749 3915 2023 13664.519 1712.229 
859 3786 2169 13665.174 1710.832 
855 3802 2142 13672.522 1711.638 
856 3791 2165 13669.695 1711.714 
822 3794 2114 13649.198 1712.503 
855 3771 2170 13655.643 1709.977 
752 3874 2031 13648.445 1711.816 
750 3890 2044 13655.666 1712.663 
874 3757 2167 13658.254 1711.315 
815 3830 2109 13659.709 1711.069 
740 3918 2026 13659.338 1711.201 
893 3626 2083 13540.039 1695.26 
857 3787 2163 13662.556 1710.905 
845 3812 2169 13673.712 1712.243 
857 3786 2164 13661.613 1710.875 
815 3830 2110 13659.664 1711.062 
821 3822 2151 13669.187 1711.857 
753 3874 2042 13647.705 1711.193 
844 3815 2167 13674.099 1712.253 
866 3785 2150 13665.563 1710.826 
844 3813 2169 13673.774 1712.255 
858 3772 2170 13657.752 1709.834 
