203 666 484 14090.631 1764.559 
190 686 463 14166.139 1778.413 
210 650 483 14072.193 1757.011 
128 740 383 14055.677 1770.887 
193 683 464 14160.828 1780.016 
125 739 386 14050.641 1770.872 
218 651 478 14104.165 1768.493 
147 716 398 14043.211 1767.421 
126 742 385 14075.87 1773.282 
173 706 464 14153.416 1776.348 
150 710 399 14047.858 1768.787 
144 719 416 14054.965 1769.733 
179 697 440 14132.586 1775.65 
214 658 466 14106.296 1766.656 
209 652 483 14062.414 1761.48 
212 653 469 14077.469 1764.32 
210 657 478 14081.566 1761.63 
209 651 483 14072.895 1757.063 
178 702 459 14136.213 1769.269 
218 651 479 14103.77 1768.47 
135 732 392 14083.083 1772.51 
177 698 456 14121.021 1771.403 
143 722 411 14073.674 1772.008 
182 693 463 14116.435 1768.681 
142 721 407 14089.622 1773.487 
182 691 450 14097.321 1770.856 
144 721 404 14067.554 1771.525 
140 728 397 14063.699 1769.409 
207 664 475 14133.072 1771.094 
149 713 408 14071.205 1772.036 
177 698 446 14132.425 1774.797 
186 689 459 14144.659 1775.223 
190 687 466 14160.264 1777.541 
203 671 481 14126.605 1769.575 
178 695 453 14124.658 1771.416 
142 723 403 14059.745 1771.882 
183 691 443 14153.458 1779.757 
192 679 469 14105.024 1772.963 
137 725 396 14064.08 1771.318 
208 669 479 14146.055 1770.536 
187 690 461 14156.451 1774.897 
202 669 477 14140.701 1775.071 
131 733 391 14047.276 1766.87 
197 676 462 14140.313 1776.892 
191 686 464 14155.373 1779.729 
138 729 400 14062.791 1771.251 
181 695 447 14119.192 1773.485 
203 666 483 14091.182 1764.634 
146 718 402 14064.782 1769.933 
127 736 393 14060.773 1769.438 
180 694 466 14151.061 1774.575 
198 678 471 14152.173 1775.813 
200 677 478 14165.494 1775.258 
133 735 389 14073.059 1771.158 
146 717 404 14078.203 1774.112 
209 669 480 14136.879 1766.777 
129 730 402 14049.756 1767.14 
196 681 461 14117.825 1772.556 
195 682 465 14162.119 1779.949 
188 690 455 14117.958 1772.734 
130 730 396 14059.097 1769.982 
132 733 387 14074.166 1771.327 
194 683 465 14162.1 1779.947 
149 715 401 14063.856 1772.068 
131 733 390 14051.76 1769.553 
197 675 460 14125.08 1776.969 
202 673 474 14160.748 1775.877 
128 737 385 14068.57 1769.749 
179 697 445 14119.777 1776.141 
129 731 395 14059.157 1769.958 
126 739 398 14074.36 1770.004 
192 678 472 14118.295 1766.962 
183 688 454 14124.99 1777.26 
210 653 470 14071.542 1765.251 
204 670 475 14153.441 1776.724 
185 692 466 14128.879 1768.609 
205 669 476 14150.57 1776.276 
192 686 463 14148.941 1774.462 
202 675 467 14150.068 1775.269 
128 735 398 14068.385 1768.801 
208 670 480 14133.812 1766.896 
211 660 463 14085.825 1764.984 
143 720 401 14071.154 1772.544 
184 693 466 14128.763 1768.608 
139 724 398 14076.54 1772.014 
189 687 474 14150.733 1776.124 
200 678 465 14153.075 1776.307 
131 736 388 14069.531 1771.31 
181 696 462 14124.896 1771.049 
210 661 463 14086.541 1765.01 
211 661 463 14085.101 1764.919 
201 674 470 14150.809 1775.149 
190 685 467 14142.449 1775.023 
127 741 385 14076.062 1773.289 
196 674 456 14118.284 1777.275 
182 692 446 14119.55 1772.144 
