267 1364 798 13895.945 1740.742 
235 1416 736 13891.252 1740.249 
259 1391 775 13918.273 1747.961 
308 1287 770 13803.317 1729.552 
244 1414 765 13919.908 1743.866 
335 1297 752 13784.158 1717.689 
223 1416 742 13878.785 1739.805 
350 1287 783 13814.178 1724.288 
301 1333 733 13812.682 1726.254 
316 1317 749 13802.808 1727.72 
298 1306 780 13825.817 1733.038 
281 1356 764 13857.196 1736.386 
276 1344 791 13865.082 1732.837 
336 1295 762 13792.615 1720.734 
245 1404 743 13890.503 1740.017 
337 1293 777 13797.851 1722.919 
342 1291 781 13805.641 1723.616 
349 1288 781 13814.772 1724.349 
286 1334 766 13841.846 1737.753 
330 1308 767 13813.572 1724.84 
307 1289 770 13805.536 1729.97 
310 1321 736 13790.55 1725.332 
297 1319 755 13834.397 1735.081 
289 1326 758 13838.381 1736.86 
325 1311 758 13813.082 1727.331 
260 1386 778 13904.626 1744.904 
267 1375 793 13905.56 1741.369 
293 1325 762 13829.476 1737.673 
267 1368 796 13912.362 1743.659 
325 1311 757 13812.826 1727.403 
290 1346 782 13870.903 1736.533 
282 1339 788 13880.47 1735.448 
336 1290 760 13794.942 1725.564 
278 1371 771 13906.623 1742.436 
302 1331 734 13811.853 1726.033 
250 1402 752 13913.135 1741.616 
271 1373 784 13913.491 1743.64 
244 1402 767 13895.815 1746.497 
284 1336 761 13835.513 1738.707 
236 1415 737 13892.479 1740.338 
257 1392 773 13914.357 1747.741 
278 1351 783 13868.972 1737.027 
280 1341 787 13878.876 1735.371 
246 1400 761 13900.006 1745.794 
254 1393 767 13910.152 1745.083 
335 1290 757 13795.673 1726.396 
272 1374 786 13912.588 1744.142 
258 1383 788 13903.627 1741.088 
284 1353 785 13871.118 1736.833 
242 1397 782 13887.006 1741.895 
305 1325 739 13801.686 1724.297 
253 1379 780 13884.563 1741.999 
262 1389 768 13898.491 1741.313 
247 1397 769 13891.052 1745.295 
274 1357 773 13876.178 1738.211 
297 1318 774 13840.589 1738.124 
278 1343 795 13878.269 1735.189 
241 1395 772 13896.951 1743.67 
310 1321 735 13790.631 1725.34 
259 1382 780 13893.673 1741.497 
285 1333 762 13829.946 1738.08 
238 1415 735 13892.85 1740.337 
274 1355 775 13868.614 1735.32 
240 1399 780 13885.81 1741.737 
268 1357 789 13881.082 1736.013 
337 1293 770 13808.609 1725.335 
285 1335 761 13834.81 1738.634 
273 1355 790 13901.842 1742.512 
257 1395 762 13905.983 1742.096 
284 1343 789 13873.749 1737.252 
267 1373 790 13908.473 1740.545 
276 1353 782 13882.775 1740.524 
349 1288 784 13808.529 1724.3 
247 1399 762 13900.952 1745.989 
252 1393 782 13900.975 1747.322 
279 1352 782 13886.89 1742.606 
286 1334 765 13840.63 1737.847 
249 1384 786 13878.712 1740.121 
261 1384 775 13899.075 1741.857 
248 1398 762 13901.258 1746.038 
283 1345 788 13873.884 1737.264 
268 1377 761 13898.213 1739.813 
241 1398 781 13886.766 1741.871 
252 1399 756 13905.426 1740.547 
260 1377 782 13897.151 1737.0 
273 1357 777 13885.264 1740.144 
278 1355 774 13876.819 1737.022 
278 1346 783 13877.645 1737.553 
