494 2609 1345 13647.324 1711.437 
440 2644 1326 13608.265 1700.609 
535 2567 1396 13654.734 1709.721 
524 2577 1407 13647.198 1707.927 
535 2575 1380 13649.916 1709.805 
487 2606 1380 13635.983 1708.106 
490 2620 1373 13650.854 1709.951 
487 2606 1380 13636.011 1708.008 
498 2615 1357 13647.639 1708.838 
477 2624 1345 13612.281 1705.872 
470 2638 1362 13623.334 1706.641 
514 2601 1399 13661.076 1712.687 
526 2606 1377 13657.785 1710.134 
539 2558 1392 13638.499 1708.692 
542 2519 1414 13608.392 1702.842 
524 2608 1375 13657.344 1710.225 
529 2580 1382 13665.819 1709.622 
490 2607 1370 13655.139 1710.623 
520 2604 1386 13675.898 1711.68 
565 2512 1368 13632.728 1699.7 
506 2620 1346 13640.465 1705.231 
558 2529 1400 13639.26 1705.682 
557 2520 1409 13625.532 1702.259 
520 2566 1370 13643.479 1711.692 
514 2610 1371 13649.521 1710.341 
491 2621 1327 13636.501 1705.278 
559 2510 1386 13596.516 1701.389 
546 2535 1405 13628.042 1703.691 
521 2563 1397 13639.965 1710.712 
543 2544 1413 13633.281 1705.482 
568 2479 1398 13583.811 1697.574 
532 2564 1389 13653.394 1711.657 
545 2539 1384 13636.023 1708.627 
553 2554 1366 13646.1 1704.733 
548 2552 1366 13634.7 1709.141 
492 2620 1327 13636.577 1705.286 
557 2514 1412 13608.8 1703.377 
533 2581 1372 13646.798 1706.927 
500 2627 1355 13637.987 1702.449 
511 2617 1375 13657.353 1708.365 
552 2526 1408 13622.924 1701.545 
539 2584 1413 13669.702 1706.664 
513 2612 1413 13669.773 1707.306 
550 2528 1407 13622.194 1701.493 
554 2539 1413 13612.494 1700.963 
528 2589 1397 13651.602 1707.447 
467 2638 1357 13632.225 1700.66 
553 2524 1413 13635.097 1703.969 
527 2586 1365 13654.019 1706.485 
533 2578 1412 13663.472 1707.69 
540 2552 1401 13637.824 1705.449 
488 2623 1334 13624.87 1703.451 
552 2537 1409 13616.164 1701.395 
527 2582 1398 13656.682 1707.102 
523 2598 1426 13677.36 1710.107 
536 2566 1379 13647.765 1708.147 
525 2586 1401 13640.807 1705.836 
567 2491 1384 13599.289 1701.105 
557 2532 1399 13632.274 1703.056 
567 2492 1385 13599.659 1701.001 
553 2544 1403 13638.876 1705.68 
500 2616 1381 13652.217 1707.961 
551 2564 1398 13658.492 1708.183 
541 2571 1391 13645.567 1710.175 
547 2567 1381 13638.879 1703.944 
522 2600 1378 13646.082 1706.015 
