377 2555 1154 13423.658 1681.82 
494 2503 1271 13527.794 1691.813 
507 2490 1281 13535.107 1692.355 
508 2486 1301 13542.477 1693.709 
493 2495 1288 13528.834 1696.295 
492 2503 1292 13537.384 1698.729 
494 2493 1290 13544.181 1699.606 
515 2479 1312 13548.629 1694.759 
501 2473 1321 13544.83 1696.021 
514 2479 1312 13548.632 1694.76 
485 2503 1299 13539.499 1693.871 
485 2501 1275 13537.587 1696.267 
501 2489 1268 13545.025 1698.025 
489 2508 1279 13520.355 1693.342 
544 2356 1318 13462.823 1685.399 
518 2462 1320 13533.092 1694.158 
494 2472 1309 13549.921 1694.94 
498 2497 1307 13566.845 1695.6 
543 2359 1319 13464.257 1685.626 
500 2490 1297 13541.685 1694.352 
549 2430 1294 13513.969 1692.188 
510 2466 1334 13527.258 1692.538 
489 2508 1278 13520.405 1693.351 
509 2468 1334 13528.242 1692.664 
487 2506 1286 13546.051 1692.326 
489 2474 1319 13511.305 1692.891 
482 2536 1316 13577.268 1697.117 
456 2550 1309 13550.688 1697.346 
487 2509 1289 13538.649 1690.021 
507 2481 1250 13543.518 1693.133 
488 2509 1289 13539.107 1690.009 
488 2457 1344 13515.826 1690.711 
551 2370 1336 13468.524 1684.889 
467 2551 1235 13543.182 1695.965 
492 2499 1311 13526.957 1692.56 
486 2505 1302 13529.022 1689.397 
523 2450 1300 13512.866 1690.233 
491 2493 1315 13533.54 1693.328 
485 2506 1301 13528.118 1689.182 
491 2496 1273 13542.2 1696.69 
538 2439 1335 13515.194 1690.876 
492 2508 1267 13521.616 1692.72 
483 2509 1312 13559.524 1696.477 
493 2496 1312 13530.114 1694.526 
474 2496 1368 13529.648 1697.084 
547 2386 1325 13484.813 1683.182 
483 2514 1264 13520.499 1693.186 
543 2418 1305 13508.473 1692.257 
516 2473 1273 13528.89 1691.364 
498 2491 1325 13528.368 1689.195 
510 2434 1344 13503.567 1688.12 
477 2516 1304 13540.046 1697.501 
543 2429 1318 13515.829 1690.81 
522 2457 1343 13540.428 1698.503 
466 2527 1299 13551.852 1700.784 
540 2421 1325 13500.876 1690.594 
536 2432 1368 13546.394 1695.863 
500 2477 1310 13513.297 1695.15 
500 2499 1286 13526.516 1695.465 
510 2473 1313 13535.889 1693.124 
486 2473 1331 13516.059 1689.403 
497 2498 1319 13538.738 1691.286 
479 2488 1333 13545.842 1694.02 
527 2448 1311 13535.043 1694.488 
506 2490 1318 13540.206 1694.394 
480 2490 1321 13530.155 1693.486 
484 2520 1241 13515.853 1688.054 
505 2459 1277 13522.695 1695.28 
504 2479 1287 13543.975 1697.328 
