650 3201 1697 13635.648 1708.15 
665 3189 1698 13660.298 1709.586 
646 3198 1721 13638.639 1709.638 
665 3189 1757 13648.485 1710.765 
664 3168 1715 13649.612 1710.655 
653 3195 1734 13658.308 1713.043 
645 3197 1684 13633.778 1710.002 
639 3216 1673 13637.126 1712.264 
637 3207 1676 13651.023 1712.018 
655 3186 1750 13649.848 1710.386 
661 3166 1729 13641.607 1711.628 
648 3203 1697 13649.792 1707.876 
642 3199 1669 13630.082 1709.867 
648 3211 1688 13629.821 1707.479 
641 3211 1705 13644.42 1710.217 
629 3214 1730 13643.071 1711.472 
641 3226 1725 13656.693 1708.3 
628 3204 1732 13628.461 1708.735 
634 3201 1732 13623.727 1706.508 
647 3205 1722 13648.79 1709.083 
645 3201 1675 13620.206 1709.623 
642 3208 1669 13623.668 1709.449 
643 3196 1698 13641.017 1709.276 
643 3203 1715 13646.783 1709.172 
639 3222 1722 13652.207 1711.836 
637 3227 1715 13636.527 1707.387 
633 3249 1723 13673.559 1713.649 
676 3148 1701 13619.705 1710.808 
636 3201 1728 13624.408 1707.19 
659 3177 1764 13636.197 1711.907 
643 3198 1692 13639.399 1709.22 
671 3158 1676 13621.452 1711.385 
692 3111 1751 13617.315 1707.661 
660 3194 1732 13642.924 1714.056 
693 3160 1766 13645.5 1706.95 
698 3125 1736 13618.25 1704.554 
687 3139 1705 13621.028 1707.363 
690 3135 1711 13620.599 1708.355 
661 3178 1731 13641.17 1712.737 
658 3195 1716 13644.473 1707.152 
636 3216 1701 13651.831 1712.468 
667 3202 1709 13631.263 1709.073 
640 3230 1710 13650.057 1711.599 
690 3162 1748 13650.5 1707.003 
696 3124 1752 13623.137 1701.853 
668 3200 1710 13630.288 1709.047 
696 3123 1753 13623.115 1701.869 
651 3198 1729 13628.902 1708.852 
661 3171 1760 13638.53 1709.251 
666 3163 1708 13621.277 1709.517 
670 3197 1710 13647.196 1708.565 
670 3198 1710 13647.675 1708.564 
642 3206 1693 13635.957 1708.757 
652 3197 1716 13629.605 1705.051 
657 3196 1725 13640.636 1710.168 
676 3159 1714 13635.598 1710.092 
650 3202 1697 13635.252 1705.226 
628 3196 1741 13622.26 1709.412 
694 3147 1743 13633.554 1706.145 
632 3196 1736 13629.29 1703.858 
645 3205 1724 13643.113 1706.687 
635 3204 1730 13642.399 1710.941 
638 3202 1727 13640.816 1711.399 
684 3194 1758 13659.162 1709.426 
