789 3884 2087 13674.067 1712.999 
824 3871 2125 13687.723 1714.146 
824 3871 2125 13687.9 1714.098 
805 3867 2130 13683.959 1713.464 
772 3886 2100 13661.269 1710.997 
793 3869 2131 13670.3 1713.674 
785 3878 2119 13660.774 1710.334 
798 3865 2138 13696.551 1715.988 
777 3881 2088 13662.355 1711.83 
844 3864 2213 13716.977 1717.516 
784 3878 2118 13689.715 1715.847 
873 3766 2184 13668.418 1711.339 
882 3743 2165 13650.448 1710.141 
870 3838 2220 13707.868 1717.188 
795 3884 2096 13672.301 1710.791 
866 3834 2223 13705.983 1715.546 
864 3850 2215 13717.07 1717.714 
870 3827 2226 13705.947 1715.682 
871 3825 2222 13705.399 1715.536 
