249 1282 707 13658.027 1719.383 
257 1249 728 13603.785 1703.737 
249 1298 703 13654.771 1709.761 
263 1275 721 13649.855 1711.584 
260 1289 693 13624.255 1710.528 
252 1303 692 13650.558 1709.297 
250 1305 688 13678.998 1712.609 
276 1254 720 13648.298 1708.33 
259 1284 707 13675.596 1706.863 
269 1241 721 13620.586 1706.808 
263 1247 723 13613.142 1703.209 
269 1243 725 13602.699 1706.579 
256 1299 659 13651.923 1715.987 
253 1306 686 13689.481 1712.599 
252 1307 686 13689.19 1712.586 
263 1261 717 13650.612 1710.604 
261 1289 660 13676.829 1713.18 
232 1318 673 13644.733 1709.513 
259 1290 677 13685.178 1715.238 
253 1300 702 13671.156 1713.468 
248 1286 701 13653.065 1715.305 
271 1288 682 13683.664 1713.677 
264 1287 695 13637.626 1709.222 
243 1319 667 13664.52 1712.747 
246 1297 683 13642.684 1714.402 
271 1255 703 13674.89 1713.211 
287 1224 685 13627.607 1712.025 
234 1307 694 13684.008 1711.659 
263 1289 670 13624.935 1707.889 
283 1262 670 13640.99 1711.413 
265 1285 686 13628.091 1705.745 
241 1299 678 13676.929 1717.272 
240 1300 677 13675.828 1717.204 
259 1304 678 13648.966 1709.551 
283 1255 715 13662.194 1713.078 
262 1296 677 13676.49 1713.536 
268 1265 697 13673.59 1716.787 
232 1320 641 13622.243 1705.181 
279 1228 691 13638.783 1713.266 
228 1297 705 13628.693 1707.013 
258 1263 708 13663.471 1713.891 
265 1273 708 13684.342 1713.767 
278 1272 689 13680.325 1717.115 
277 1282 700 13685.851 1714.286 
257 1302 673 13682.618 1711.793 
278 1273 675 13645.733 1709.555 
249 1296 670 13680.679 1715.992 
264 1295 667 13657.641 1708.357 
257 1298 669 13674.66 1712.031 
232 1304 698 13661.543 1709.736 
231 1306 670 13674.409 1717.892 
281 1258 706 13636.628 1708.249 
241 1296 689 13678.671 1721.193 
277 1253 714 13659.782 1715.391 
251 1300 652 13665.197 1713.655 
289 1239 718 13613.639 1703.015 
264 1266 714 13674.679 1711.43 
250 1302 652 13667.712 1714.245 
280 1259 705 13636.485 1708.213 
286 1247 704 13623.605 1706.083 
231 1331 675 13698.695 1716.702 
264 1293 698 13660.91 1707.643 
253 1311 682 13666.188 1713.143 
298 1218 710 13626.737 1702.561 
296 1211 724 13632.312 1703.164 
228 1298 679 13652.961 1717.725 
261 1268 705 13664.04 1718.874 
287 1257 701 13629.934 1711.525 
254 1308 638 13640.49 1706.456 
263 1304 649 13668.402 1710.655 
244 1309 666 13668.593 1718.214 
255 1291 675 13660.318 1716.678 
263 1288 690 13711.011 1719.919 
279 1256 689 13658.369 1714.384 
249 1276 705 13664.071 1714.041 
278 1232 725 13635.151 1701.291 
288 1237 685 13616.984 1712.046 
270 1275 686 13684.167 1719.979 
277 1236 721 13625.968 1710.65 
299 1211 698 13615.627 1703.839 
275 1259 716 13681.429 1710.707 
244 1317 690 13694.758 1716.286 
227 1335 679 13693.755 1720.225 
237 1318 671 13657.288 1710.456 
258 1294 719 13703.677 1713.756 
257 1302 675 13658.193 1715.806 
281 1269 688 13684.207 1710.887 
290 1256 700 13666.382 1707.672 
255 1276 696 13653.567 1715.956 
258 1284 708 13657.142 1715.87 
297 1243 717 13684.854 1711.125 
