618 3254 1705 13662.752 1712.239 
611 3254 1713 13657.222 1711.63 
637 3197 1763 13641.079 1710.998 
681 3175 1768 13673.589 1716.636 
633 3244 1718 13662.16 1713.047 
632 3231 1747 13653.853 1713.341 
651 3213 1745 13672.983 1713.188 
607 3278 1682 13655.04 1710.211 
667 3193 1752 13669.24 1713.293 
660 3222 1735 13670.012 1714.698 
662 3210 1742 13666.672 1713.855 
626 3238 1707 13664.953 1713.39 
696 3167 1718 13636.167 1710.864 
686 3173 1741 13645.55 1711.993 
692 3164 1761 13644.646 1710.945 
652 3228 1710 13663.548 1714.833 
638 3229 1728 13675.348 1717.312 
640 3213 1729 13661.158 1716.673 
644 3225 1708 13674.293 1716.156 
637 3230 1730 13676.225 1717.341 
663 3223 1683 13639.877 1708.116 
662 3225 1685 13640.779 1708.156 
650 3216 1745 13660.055 1711.776 
626 3240 1739 13650.181 1712.649 
598 3253 1693 13669.008 1713.911 
627 3257 1700 13654.607 1709.97 
657 3224 1710 13656.628 1710.637 
669 3189 1719 13642.971 1714.98 
621 3262 1711 13662.351 1711.413 
639 3217 1756 13650.418 1713.039 
649 3232 1739 13655.656 1713.643 
639 3229 1712 13667.238 1714.712 
686 3167 1746 13647.27 1710.311 
626 3241 1707 13656.214 1714.248 
617 3261 1695 13661.922 1714.102 
644 3211 1773 13636.948 1708.507 
624 3249 1703 13661.825 1713.077 
634 3242 1706 13650.83 1713.49 
623 3244 1681 13653.556 1714.087 
682 3195 1740 13658.354 1712.536 
677 3198 1738 13665.085 1712.892 
661 3222 1688 13660.79 1712.584 
673 3219 1737 13673.301 1714.387 
651 3228 1714 13652.446 1711.207 
654 3215 1737 13652.864 1714.851 
705 3127 1719 13600.769 1706.276 
650 3228 1718 13671.367 1715.292 
695 3161 1740 13634.404 1710.686 
694 3138 1731 13629.538 1710.872 
628 3243 1720 13670.964 1713.357 
698 3118 1753 13619.584 1706.414 
674 3205 1736 13657.289 1709.54 
688 3151 1738 13639.347 1711.902 
683 3182 1739 13646.564 1710.366 
654 3226 1712 13657.608 1714.011 
635 3234 1749 13659.523 1711.872 
690 3197 1730 13664.853 1714.282 
622 3253 1671 13642.751 1710.669 
669 3207 1738 13659.225 1712.44 
703 3148 1727 13630.405 1708.837 
688 3169 1756 13640.184 1710.207 
667 3182 1767 13641.914 1709.671 
691 3176 1736 13645.885 1708.64 
680 3195 1747 13646.619 1709.747 
672 3205 1750 13639.036 1707.865 
630 3239 1684 13653.735 1713.127 
676 3188 1761 13638.288 1709.134 
667 3205 1754 13645.126 1709.545 
664 3203 1766 13650.352 1709.856 
679 3184 1764 13643.852 1709.846 
641 3248 1747 13668.181 1711.054 
641 3232 1701 13658.654 1714.646 
645 3224 1767 13641.421 1708.693 
687 3180 1732 13641.046 1707.718 
651 3239 1758 13670.756 1711.173 
656 3214 1748 13671.695 1711.881 
695 3161 1734 13637.041 1707.171 
661 3218 1757 13657.402 1709.76 
653 3220 1741 13655.538 1712.013 
675 3195 1759 13664.821 1713.995 
627 3218 1764 13641.959 1710.627 
655 3211 1755 13661.797 1711.973 
653 3221 1744 13646.0 1711.201 
654 3212 1754 13661.411 1711.91 
672 3203 1760 13661.487 1713.165 
640 3236 1702 13653.263 1714.045 
618 3272 1723 13643.827 1709.207 
671 3204 1759 13660.986 1713.061 
595 3276 1701 13655.842 1712.102 
641 3252 1734 13672.551 1712.274 
658 3207 1755 13654.454 1710.612 
657 3235 1740 13650.936 1711.472 
682 3174 1742 13637.076 1709.425 
645 3236 1707 13643.418 1711.869 
636 3243 1721 13662.774 1712.836 
656 3224 1729 13660.333 1708.856 
644 3245 1731 13676.631 1712.769 
675 3200 1709 13640.782 1706.378 
