704 3831 1933 13570.534 1700.451 
702 3848 1943 13578.815 1701.786 
682 3850 1883 13535.945 1697.692 
666 3852 1876 13530.784 1697.602 
665 3859 1940 13566.298 1700.489 
722 3820 1966 13574.821 1701.57 
773 3746 2016 13582.103 1702.328 
777 3729 2034 13585.139 1703.729 
770 3756 2020 13591.455 1703.351 
738 3817 1974 13595.748 1702.781 
817 3690 1953 13542.049 1695.822 
752 3813 1977 13599.537 1703.605 
730 3825 1950 13584.165 1701.702 
758 3803 1972 13594.444 1703.507 
751 3815 1976 13599.688 1703.632 
791 3683 1997 13562.694 1700.332 
767 3817 1965 13597.816 1702.934 
795 3713 2007 13565.489 1700.284 
769 3802 1976 13600.711 1704.833 
785 3733 1989 13582.73 1704.361 
754 3804 1971 13600.429 1703.61 
719 3829 1973 13575.975 1701.427 
789 3723 2001 13581.403 1699.847 
766 3742 2025 13568.352 1702.007 
767 3767 2028 13576.2 1699.208 
722 3828 1964 13590.746 1701.587 
791 3768 1971 13586.074 1701.112 
794 3749 1979 13586.02 1702.3 
806 3716 1982 13571.048 1699.272 
792 3746 2004 13579.751 1699.086 
785 3778 2005 13599.035 1703.742 
812 3700 2023 13578.776 1698.058 
799 3719 2019 13578.814 1699.01 
762 3757 2049 13585.849 1699.122 
779 3754 2014 13593.264 1701.34 
720 3825 1965 13564.7 1701.689 
792 3734 1999 13573.577 1699.586 
785 3675 2030 13550.84 1696.191 
785 3737 2020 13580.278 1700.821 
773 3784 1950 13591.577 1703.442 
778 3782 1930 13603.924 1706.662 
761 3796 2027 13599.9 1702.812 
775 3760 2010 13578.562 1699.438 
740 3821 1953 13587.992 1700.933 
749 3743 2048 13569.104 1700.997 
739 3823 1952 13587.994 1700.991 
716 3814 1948 13585.014 1704.908 
721 3819 1973 13589.27 1698.941 
814 3701 2016 13570.886 1699.965 
779 3756 2026 13586.778 1701.685 
778 3757 2013 13590.942 1702.2 
743 3818 2003 13594.914 1702.536 
751 3753 2038 13575.949 1702.125 
811 3715 1976 13559.069 1698.426 
728 3761 2037 13562.875 1699.097 
763 3787 2020 13586.6 1702.413 
787 3735 2002 13570.007 1699.422 
723 3784 2037 13575.939 1700.692 
779 3755 1993 13593.805 1705.269 
756 3722 2050 13569.396 1700.245 
812 3715 1977 13559.041 1698.425 
772 3795 2010 13608.777 1708.221 
778 3756 1992 13593.53 1705.23 
752 3805 2023 13602.864 1702.822 
798 3731 1984 13570.875 1699.997 
747 3804 1976 13610.052 1706.873 
793 3723 1988 13567.354 1696.764 
703 3848 1965 13575.878 1700.351 
704 3831 1952 13558.822 1697.922 
787 3766 2001 13599.624 1702.321 
710 3829 1976 13563.5 1700.677 
708 3820 1934 13569.686 1701.874 
711 3827 2014 13596.8 1701.608 
775 3700 2040 13540.731 1698.645 
763 3800 2017 13606.493 1705.831 
755 3802 1981 13591.888 1702.107 
783 3749 2012 13568.658 1700.094 
