1062 4954 2660 13571.392 1700.588 
1063 4960 2651 13561.651 1698.871 
1037 5035 2683 13601.66 1704.768 
982 5098 2623 13592.355 1701.392 
1048 5017 2691 13600.288 1704.457 
1042 5054 2671 13612.19 1704.848 
1038 5024 2689 13596.949 1704.192 
1037 5026 2688 13597.084 1704.165 
1054 5033 2682 13605.474 1703.677 
1048 5030 2662 13599.489 1703.774 
1043 5033 2687 13603.918 1704.541 
1010 5097 2652 13605.662 1704.102 
1035 5084 2670 13620.16 1705.325 
1022 5060 2672 13604.63 1704.174 
1035 5084 2671 13620.417 1705.306 
1054 4977 2708 13579.058 1700.701 
1018 5066 2681 13611.701 1703.756 
1018 5068 2673 13606.308 1702.845 
1038 5051 2681 13607.015 1704.379 
1038 5040 2684 13607.298 1703.222 
1060 5015 2705 13603.188 1703.141 
1060 5016 2704 13603.811 1703.161 
1037 5071 2668 13615.234 1705.24 
1023 5060 2686 13603.108 1702.895 
1015 5080 2684 13607.754 1703.125 
1047 5044 2659 13605.746 1703.44 
1039 5057 2668 13602.424 1702.513 
1047 5038 2674 13607.704 1704.338 
991 5108 2619 13593.25 1701.975 
1018 5056 2685 13599.392 1703.337 
1008 5047 2693 13586.247 1701.598 
1055 5019 2677 13605.375 1703.971 
1047 5043 2676 13609.205 1704.084 
1043 5047 2681 13615.83 1705.016 
1036 5038 2687 13602.349 1703.738 
1042 5048 2680 13615.503 1704.982 
1019 5088 2672 13619.899 1705.319 
1033 5058 2682 13613.376 1704.554 
1013 5093 2664 13618.108 1705.571 
1038 5070 2665 13609.678 1702.7 
1042 5073 2662 13615.192 1704.909 
1011 5065 2682 13595.814 1703.797 
1052 5044 2661 13607.483 1703.002 
1038 5032 2695 13595.18 1703.052 
1047 5040 2687 13603.14 1702.801 
1027 5094 2657 13620.856 1703.996 
1029 5058 2683 13615.797 1705.212 
1048 5042 2665 13608.643 1703.655 
1015 5083 2667 13616.073 1705.335 
