373 1858 971 13518.426 1690.368 
320 1917 930 13492.887 1691.639 
375 1859 967 13503.885 1695.023 
318 1909 956 13543.947 1698.168 
317 1923 915 13488.078 1681.84 
317 1924 914 13488.276 1681.826 
372 1852 950 13504.018 1693.649 
372 1857 974 13507.024 1685.793 
328 1909 937 13483.405 1691.712 
384 1857 938 13496.846 1690.382 
336 1885 963 13518.165 1697.441 
357 1868 954 13516.734 1696.129 
394 1810 939 13486.566 1689.088 
382 1848 965 13496.737 1689.908 
353 1899 937 13544.752 1692.007 
365 1867 974 13540.165 1691.069 
358 1855 984 13504.858 1695.522 
312 1918 922 13513.664 1694.037 
338 1891 972 13504.754 1690.074 
393 1810 977 13484.017 1685.764 
378 1806 988 13505.055 1694.051 
388 1821 980 13499.456 1690.271 
354 1878 967 13535.9 1697.271 
362 1848 982 13503.331 1695.761 
368 1881 951 13530.962 1697.19 
394 1836 973 13498.805 1688.644 
337 1892 971 13504.347 1691.997 
375 1847 974 13510.394 1696.348 
394 1837 974 13499.535 1688.578 
384 1805 1003 13478.746 1687.99 
390 1818 971 13484.851 1689.88 
335 1861 985 13495.746 1694.678 
351 1880 969 13503.596 1693.947 
350 1881 978 13542.126 1699.878 
322 1908 978 13495.669 1693.212 
408 1804 1004 13518.304 1695.724 
400 1805 944 13486.712 1691.802 
386 1815 984 13479.38 1692.107 
375 1841 989 13521.23 1693.513 
326 1889 914 13514.822 1697.921 
371 1863 984 13507.473 1688.705 
326 1889 914 13515.035 1697.814 
387 1839 990 13502.581 1692.061 
349 1877 991 13497.925 1690.639 
376 1835 977 13491.337 1694.627 
385 1811 973 13509.106 1685.998 
356 1907 966 13537.192 1695.842 
347 1878 989 13496.194 1690.594 
369 1879 982 13528.641 1695.165 
393 1814 983 13454.312 1682.481 
315 1890 948 13498.508 1698.957 
326 1909 911 13490.614 1687.871 
329 1886 980 13470.405 1687.213 
387 1794 1006 13492.201 1692.887 
359 1883 976 13529.354 1689.413 
343 1865 981 13529.203 1695.354 
350 1847 1006 13533.568 1696.225 
359 1846 1016 13549.344 1698.099 
383 1846 970 13515.097 1695.315 
312 1922 952 13507.852 1692.677 
349 1830 1020 13457.27 1684.074 
359 1882 977 13527.676 1689.039 
355 1855 999 13487.292 1691.034 
312 1921 953 13507.38 1692.687 
358 1905 961 13541.974 1689.606 
383 1845 970 13513.668 1695.391 
354 1857 1000 13488.729 1691.397 
313 1920 953 13507.361 1692.686 
360 1882 976 13527.649 1689.131 
371 1867 961 13503.644 1688.063 
367 1817 986 13493.132 1695.282 
341 1884 997 13539.002 1693.056 
376 1856 997 13533.563 1692.338 
378 1811 975 13468.382 1695.231 
377 1830 999 13505.028 1691.715 
371 1861 976 13535.81 1695.649 
347 1903 957 13542.386 1697.467 
336 1905 974 13541.1 1695.174 
373 1844 1010 13545.707 1694.093 
354 1877 965 13538.095 1690.051 
314 1923 914 13474.704 1682.877 
364 1865 997 13518.681 1690.668 
325 1917 910 13479.718 1689.889 
342 1908 960 13486.36 1687.95 
383 1844 1004 13526.839 1690.133 
377 1827 1012 13486.013 1690.606 
374 1862 922 13492.299 1688.742 
383 1844 1003 13527.546 1690.134 
392 1820 1022 13505.172 1687.454 
374 1863 921 13493.7 1689.038 
358 1878 953 13532.611 1698.433 
385 1831 993 13476.155 1690.626 
361 1882 979 13526.798 1691.184 
392 1820 1020 13505.269 1687.531 
355 1851 1004 13482.075 1688.04 
386 1830 994 13477.692 1690.904 
