856 4989 2425 13440.095 1682.676 
856 4997 2394 13455.094 1682.069 
931 4939 2471 13471.663 1684.463 
879 5017 2400 13472.186 1681.265 
831 5012 2444 13443.164 1683.704 
1024 4775 2584 13436.192 1679.307 
970 4806 2519 13427.185 1684.162 
931 4925 2523 13472.42 1687.403 
969 4798 2547 13417.294 1677.543 
906 4932 2488 13471.208 1688.305 
896 4902 2566 13464.208 1685.388 
987 4812 2529 13423.528 1680.731 
970 4847 2535 13442.029 1679.889 
911 4947 2496 13471.922 1687.044 
998 4803 2486 13421.233 1679.283 
907 4960 2459 13458.129 1686.068 
998 4803 2485 13421.2 1679.306 
911 4947 2497 13471.846 1686.922 
888 4964 2477 13469.071 1687.902 
968 4857 2559 13458.013 1682.208 
905 4953 2453 13462.897 1686.723 
956 4916 2501 13469.564 1686.275 
866 4948 2545 13443.303 1679.986 
904 4955 2533 13493.427 1689.37 
852 5039 2425 13450.313 1682.431 
846 5005 2460 13469.855 1684.764 
972 4817 2526 13428.25 1681.055 
888 4952 2535 13468.367 1683.784 
877 4982 2522 13474.094 1686.541 
864 4994 2389 13446.135 1681.442 
917 4927 2577 13464.999 1682.5 
928 4793 2581 13410.637 1677.325 
957 4837 2574 13455.956 1684.425 
893 4957 2460 13475.918 1685.781 
886 4981 2476 13470.818 1684.856 
912 4925 2496 13464.331 1689.613 
941 4872 2551 13431.671 1678.455 
971 4853 2528 13457.833 1681.398 
873 4987 2484 13446.974 1682.82 
889 4984 2468 13466.432 1685.753 
878 4973 2505 13467.873 1685.733 
939 4917 2474 13457.424 1682.002 
932 4848 2562 13449.175 1680.676 
944 4929 2517 13454.754 1682.005 
926 4946 2524 13482.31 1687.672 
972 4802 2528 13430.355 1681.354 
957 4890 2527 13456.752 1681.593 
896 4985 2498 13468.404 1682.507 
926 4946 2525 13482.037 1687.712 
909 4953 2509 13463.38 1684.23 
920 4910 2589 13468.287 1685.209 
932 4917 2553 13488.65 1685.988 
972 4822 2499 13447.829 1685.77 
996 4798 2483 13431.515 1680.483 
955 4913 2547 13487.421 1689.201 
918 4968 2497 13479.824 1684.865 
959 4852 2548 13451.736 1683.419 
974 4834 2506 13441.813 1679.511 
954 4914 2546 13487.391 1689.275 
924 4952 2517 13470.158 1684.305 
928 4876 2555 13447.838 1683.888 
893 4973 2440 13473.229 1685.549 
968 4888 2536 13487.226 1687.249 
890 4985 2458 13468.956 1685.679 
904 4920 2540 13459.48 1683.81 
901 4973 2499 13470.832 1685.723 
933 4845 2573 13451.019 1680.687 
933 4930 2514 13471.422 1685.074 
912 4982 2499 13460.424 1682.967 
925 4853 2582 13416.089 1677.857 
920 4938 2539 13472.355 1685.355 
980 4829 2497 13451.166 1683.434 
