693 3154 1741 13610.332 1703.478 
639 3203 1672 13601.103 1702.384 
672 3128 1756 13595.359 1700.247 
612 3234 1692 13607.183 1703.287 
641 3200 1727 13616.824 1702.779 
592 3238 1676 13594.992 1701.106 
631 3201 1707 13612.695 1702.387 
670 3148 1744 13626.799 1704.343 
665 3127 1757 13599.492 1702.272 
646 3211 1643 13605.629 1704.145 
658 3134 1761 13604.758 1701.044 
602 3248 1659 13623.966 1706.108 
646 3210 1644 13604.511 1704.077 
646 3210 1643 13605.667 1704.147 
660 3156 1774 13603.138 1701.977 
647 3194 1728 13618.261 1704.232 
629 3196 1689 13611.62 1703.419 
635 3191 1729 13607.481 1706.449 
648 3178 1703 13613.33 1705.941 
701 3116 1717 13604.947 1703.369 
678 3124 1771 13590.71 1701.079 
678 3156 1734 13611.794 1702.47 
669 3148 1731 13607.482 1705.068 
636 3210 1679 13619.351 1705.649 
663 3145 1758 13590.071 1700.214 
625 3227 1698 13639.405 1707.9 
666 3173 1749 13618.46 1706.584 
617 3250 1654 13598.567 1705.207 
696 3118 1722 13599.981 1701.155 
629 3187 1738 13618.421 1704.893 
695 3120 1721 13600.947 1701.19 
687 3111 1746 13587.788 1699.434 
681 3127 1756 13597.156 1700.396 
635 3214 1673 13613.008 1705.356 
607 3230 1695 13609.924 1702.251 
640 3202 1706 13607.009 1703.957 
622 3217 1699 13612.553 1701.896 
673 3152 1712 13591.417 1706.173 
668 3133 1772 13593.596 1703.419 
685 3144 1736 13618.389 1707.549 
712 3069 1736 13598.691 1700.954 
628 3203 1685 13597.245 1701.197 
670 3153 1706 13620.449 1704.732 
671 3155 1720 13598.83 1707.31 
645 3176 1716 13604.654 1706.226 
634 3229 1682 13617.432 1704.651 
703 3091 1698 13574.288 1698.667 
642 3180 1721 13611.739 1705.968 
612 3228 1714 13626.994 1705.164 
666 3161 1753 13615.599 1705.958 
631 3194 1701 13628.868 1704.389 
652 3183 1715 13601.127 1701.142 
684 3117 1746 13594.194 1701.476 
627 3211 1719 13618.326 1703.336 
693 3090 1752 13576.177 1699.22 
649 3192 1754 13617.788 1702.746 
658 3144 1759 13606.249 1701.293 
633 3199 1660 13619.047 1706.575 
709 3064 1741 13575.697 1701.287 
701 3084 1736 13577.022 1697.738 
666 3150 1691 13615.158 1708.834 
665 3151 1690 13614.929 1708.809 
660 3156 1723 13620.409 1701.732 
666 3171 1720 13626.342 1705.819 
665 3172 1720 13626.445 1705.838 
658 3180 1702 13600.335 1702.866 
712 3090 1700 13577.636 1699.113 
666 3135 1711 13617.728 1710.479 
669 3162 1716 13614.078 1704.98 
629 3195 1711 13601.402 1703.784 
664 3152 1730 13618.99 1706.078 
638 3181 1739 13606.676 1703.544 
667 3114 1709 13595.512 1708.982 
644 3194 1692 13613.609 1705.538 
666 3150 1727 13616.316 1708.025 
673 3107 1712 13611.591 1708.01 
668 3190 1688 13636.948 1710.906 
639 3208 1650 13597.805 1703.142 
665 3179 1697 13609.807 1708.671 
658 3198 1688 13619.62 1708.132 
672 3131 1740 13599.507 1703.889 
665 3169 1701 13618.265 1707.207 
661 3195 1673 13607.569 1705.579 
684 3162 1707 13607.015 1705.615 
699 3108 1731 13593.049 1702.899 
697 3113 1742 13619.993 1705.785 
684 3122 1737 13616.667 1705.875 
646 3174 1706 13604.618 1705.415 
595 3226 1703 13627.5 1704.475 
