675 3807 2000 13552.859 1697.264 
756 3746 2052 13550.686 1695.646 
721 3809 1981 13582.859 1700.307 
742 3777 2025 13572.766 1698.256 
718 3787 2035 13570.034 1698.151 
720 3783 2003 13557.392 1698.357 
739 3775 2046 13563.292 1696.638 
793 3621 2026 13511.552 1690.635 
733 3790 1987 13578.185 1697.898 
727 3804 1947 13569.43 1698.193 
754 3775 1982 13574.725 1702.403 
751 3762 2024 13586.882 1701.423 
744 3781 1952 13557.092 1701.31 
735 3784 1972 13570.914 1698.563 
735 3788 1989 13559.347 1696.164 
728 3794 1985 13576.711 1702.122 
695 3803 2000 13563.872 1697.703 
739 3776 2015 13580.088 1701.53 
714 3800 2039 13577.668 1699.796 
711 3788 2000 13556.371 1700.044 
788 3727 2004 13574.095 1698.535 
746 3766 2020 13569.062 1699.216 
747 3765 2021 13569.54 1699.287 
766 3739 2051 13565.246 1700.281 
747 3730 2059 13579.016 1696.865 
788 3731 2035 13570.226 1698.664 
734 3794 2086 13588.261 1697.82 
714 3802 2004 13570.533 1697.666 
772 3727 2058 13571.406 1699.763 
689 3876 1984 13605.029 1705.79 
733 3774 2018 13579.976 1699.702 
698 3823 1990 13579.143 1702.235 
743 3772 2067 13585.1 1698.692 
749 3770 2008 13579.241 1698.718 
757 3752 2027 13557.108 1699.092 
739 3780 2004 13563.729 1696.468 
760 3767 1997 13552.7 1695.078 
709 3812 1995 13567.61 1702.013 
741 3758 2027 13558.357 1699.991 
720 3806 1969 13573.166 1702.373 
733 3812 1993 13562.301 1701.087 
756 3753 2026 13556.868 1698.96 
741 3758 2026 13558.302 1699.994 
696 3781 2002 13542.942 1700.709 
696 3780 2003 13542.681 1700.691 
742 3765 2012 13574.62 1700.335 
758 3748 1988 13550.994 1701.779 
732 3778 1998 13570.202 1699.151 
790 3715 2020 13561.086 1701.288 
719 3781 2008 13568.644 1700.228 
761 3744 1987 13550.608 1701.722 
759 3747 1987 13551.237 1701.911 
759 3747 1988 13551.512 1701.878 
707 3817 1999 13565.505 1697.85 
753 3774 2020 13579.004 1699.181 
755 3745 1999 13554.166 1702.094 
754 3746 1996 13553.431 1701.918 
761 3735 1991 13555.703 1700.769 
755 3748 2008 13561.289 1699.264 
754 3773 2021 13579.009 1699.185 
774 3744 2041 13577.802 1698.939 
718 3805 1993 13577.548 1699.507 
755 3748 2009 13561.274 1699.263 
750 3776 1981 13572.3 1697.908 
736 3778 1974 13560.757 1697.03 
780 3755 2023 13581.3 1698.734 
721 3845 1987 13583.954 1700.258 
725 3804 1957 13569.569 1696.272 
