580 3205 1618 13553.483 1695.006 
656 3093 1637 13546.657 1696.214 
663 3068 1644 13557.174 1698.395 
647 3115 1673 13595.554 1702.195 
654 3091 1670 13569.557 1697.967 
605 3163 1628 13581.266 1701.408 
614 3191 1658 13576.382 1698.829 
647 3127 1659 13546.563 1693.392 
606 3174 1629 13563.94 1699.274 
609 3119 1711 13539.409 1696.285 
594 3204 1634 13579.534 1700.718 
642 3120 1665 13553.347 1696.469 
635 3133 1663 13559.875 1697.622 
650 3107 1659 13541.295 1692.985 
600 3161 1649 13580.951 1700.356 
615 3163 1658 13573.223 1701.474 
598 3177 1619 13563.28 1699.85 
642 3121 1664 13553.611 1696.586 
587 3198 1635 13577.096 1701.792 
599 3181 1611 13572.933 1700.243 
651 3078 1670 13558.931 1699.203 
668 3083 1631 13529.475 1691.81 
634 3137 1663 13562.104 1697.909 
609 3159 1650 13563.56 1702.129 
626 3135 1641 13571.884 1701.517 
640 3125 1674 13571.463 1699.544 
652 3092 1644 13556.948 1694.195 
644 3122 1627 13548.069 1693.568 
621 3139 1638 13568.804 1702.483 
651 3093 1643 13556.536 1694.161 
651 3100 1670 13550.214 1695.862 
610 3162 1620 13575.719 1701.574 
651 3100 1669 13550.098 1695.888 
625 3151 1662 13583.541 1699.786 
618 3165 1649 13578.694 1698.009 
626 3150 1663 13583.423 1699.758 
616 3166 1655 13585.31 1697.579 
607 3169 1663 13564.885 1700.394 
642 3103 1675 13546.573 1696.275 
642 3103 1676 13546.522 1696.265 
582 3168 1682 13556.776 1696.82 
676 3057 1629 13527.61 1696.279 
610 3164 1670 13572.98 1697.781 
609 3178 1664 13564.87 1697.514 
678 3027 1655 13519.692 1694.459 
582 3135 1681 13546.543 1698.805 
649 3104 1606 13530.19 1695.601 
672 3029 1653 13503.482 1692.233 
675 3009 1684 13512.449 1690.65 
607 3151 1664 13571.741 1698.198 
634 3157 1655 13598.202 1700.88 
676 3062 1648 13527.931 1695.637 
635 3156 1657 13599.219 1700.941 
676 3063 1647 13528.416 1695.715 
639 3134 1651 13585.372 1701.429 
640 3115 1677 13564.494 1697.576 
627 3162 1641 13562.735 1699.36 
658 3102 1659 13548.847 1694.874 
648 3119 1669 13581.115 1700.133 
628 3161 1642 13562.732 1699.343 
644 3096 1694 13549.48 1698.045 
595 3199 1647 13582.272 1701.245 
566 3179 1679 13566.112 1699.901 
571 3171 1651 13558.147 1699.935 
635 3100 1686 13521.101 1692.418 
654 3069 1610 13528.596 1698.344 
666 3055 1661 13554.149 1698.762 
663 3023 1695 13522.764 1690.957 
664 3088 1688 13568.198 1697.109 
627 3138 1703 13572.524 1697.334 
631 3123 1710 13560.028 1694.548 
631 3172 1622 13586.085 1700.191 
602 3141 1666 13555.849 1699.197 
665 3067 1650 13536.772 1695.831 
630 3103 1692 13552.635 1697.158 
633 3142 1680 13585.925 1699.095 
544 3208 1582 13530.087 1691.537 
665 3072 1656 13547.032 1693.511 
661 3050 1699 13529.189 1694.011 
