700 3808 2006 13561.428 1699.57 
735 3757 1999 13553.901 1699.592 
709 3777 2003 13556.888 1698.341 
702 3792 1993 13566.279 1700.374 
702 3791 1994 13566.334 1700.377 
708 3784 2004 13566.223 1699.145 
804 3659 1995 13534.478 1696.618 
730 3767 1967 13565.522 1699.527 
804 3659 1996 13534.229 1696.624 
753 3763 1994 13563.445 1697.462 
766 3730 2026 13566.585 1695.622 
760 3732 1989 13566.083 1698.345 
780 3715 1982 13545.929 1694.491 
789 3648 2015 13520.268 1695.876 
789 3640 2012 13520.118 1696.469 
712 3744 2045 13545.305 1695.531 
798 3636 2044 13531.928 1696.621 
807 3588 2042 13510.55 1694.531 
720 3776 2042 13551.994 1695.72 
788 3707 2002 13563.282 1696.519 
789 3678 1994 13529.368 1692.412 
760 3767 2010 13560.521 1698.699 
787 3683 2009 13540.037 1697.592 
774 3719 2026 13556.994 1698.112 
769 3754 1983 13557.709 1697.625 
766 3746 1982 13548.305 1697.973 
794 3664 2004 13518.582 1691.583 
732 3797 2013 13563.488 1698.212 
755 3756 2044 13559.162 1696.911 
789 3675 1983 13528.273 1693.524 
728 3764 2031 13560.013 1700.624 
760 3718 2031 13548.235 1694.891 
743 3763 1999 13566.745 1698.684 
768 3737 2012 13559.761 1700.63 
755 3744 2008 13558.6 1699.638 
745 3749 1998 13556.972 1701.079 
754 3744 2009 13559.001 1699.677 
690 3814 1921 13546.229 1696.956 
746 3761 2011 13555.303 1694.28 
746 3754 1982 13571.936 1700.122 
742 3754 2006 13562.819 1700.745 
767 3742 1984 13555.907 1698.82 
762 3728 2023 13555.815 1697.775 
758 3734 2020 13560.354 1698.959 
732 3771 1988 13569.66 1698.921 
767 3742 1985 13555.453 1698.789 
709 3802 1968 13562.937 1697.651 
742 3775 1982 13561.172 1696.841 
745 3774 1984 13570.172 1698.822 
766 3733 1986 13562.871 1696.882 
730 3767 2028 13551.186 1697.233 
717 3798 1989 13577.119 1700.438 
724 3773 2028 13543.894 1694.432 
739 3767 1989 13564.391 1701.372 
767 3697 2012 13554.193 1701.447 
782 3655 2012 13536.724 1692.224 
792 3669 2062 13532.654 1693.689 
797 3679 1987 13530.721 1691.069 
782 3674 2015 13530.712 1697.152 
747 3758 2013 13566.722 1699.518 
735 3776 2020 13566.213 1699.395 
761 3738 2036 13534.869 1693.154 
746 3760 2014 13553.717 1695.288 
760 3739 2035 13534.372 1693.04 
761 3738 2035 13534.934 1693.157 
755 3734 2047 13538.61 1693.346 
757 3695 2078 13534.229 1691.706 
721 3784 1978 13558.155 1698.714 
765 3724 2038 13539.086 1696.098 
801 3625 2001 13501.141 1690.088 
704 3783 2021 13558.982 1696.721 
745 3759 2037 13571.615 1698.799 
780 3670 2034 13532.917 1693.248 
697 3824 1983 13552.313 1694.703 
779 3717 2064 13577.933 1700.609 
772 3729 2018 13573.193 1697.495 
746 3731 2054 13555.227 1697.936 
675 3822 1972 13553.861 1697.264 
789 3701 2037 13527.829 1694.68 
784 3696 2009 13538.694 1691.44 
711 3796 1996 13565.2 1698.937 
785 3695 2011 13538.741 1691.449 
764 3738 1986 13551.247 1697.024 
683 3811 1947 13531.732 1695.234 
738 3773 2000 13558.794 1697.283 
735 3771 2027 13557.253 1698.259 
730 3776 1963 13573.048 1697.342 
