899 4295 2281 13498.934 1691.745 
862 4365 2311 13537.032 1693.482 
896 4271 2293 13479.999 1688.205 
806 4445 2303 13532.74 1696.806 
863 4371 2285 13544.841 1695.855 
860 4377 2266 13532.656 1694.436 
826 4431 2257 13529.302 1694.399 
845 4406 2272 13536.731 1695.695 
824 4435 2257 13529.752 1694.435 
890 4199 2335 13456.812 1684.908 
839 4385 2349 13547.135 1697.54 
823 4411 2320 13545.764 1695.907 
852 4357 2316 13528.531 1696.066 
875 4345 2321 13514.871 1694.077 
862 4330 2348 13531.777 1691.541 
850 4398 2337 13553.359 1698.406 
888 4267 2319 13499.205 1691.263 
820 4421 2282 13543.176 1697.263 
795 4432 2230 13527.959 1698.155 
840 4384 2349 13547.176 1697.54 
834 4419 2279 13536.25 1697.919 
833 4421 2302 13538.839 1698.042 
870 4360 2295 13529.277 1695.087 
873 4348 2304 13528.493 1693.614 
843 4412 2287 13537.143 1698.045 
783 4447 2255 13511.276 1689.884 
841 4412 2222 13542.57 1697.44 
915 4206 2260 13467.807 1683.233 
909 4270 2276 13498.677 1690.973 
915 4206 2260 13467.715 1683.324 
826 4424 2276 13536.64 1695.628 
804 4425 2238 13514.456 1697.134 
861 4334 2264 13521.928 1698.257 
883 4352 2254 13546.281 1697.932 
878 4349 2261 13543.136 1697.545 
897 4313 2283 13537.617 1696.285 
818 4349 2350 13514.49 1692.529 
887 4322 2342 13544.973 1695.897 
870 4351 2278 13522.848 1696.274 
811 4348 2365 13510.813 1691.763 
856 4378 2308 13538.576 1694.191 
854 4337 2349 13530.555 1695.6 
851 4366 2332 13543.479 1697.451 
864 4338 2351 13530.466 1695.569 
866 4345 2314 13524.327 1696.814 
872 4355 2287 13525.644 1696.211 
895 4344 2312 13529.233 1697.804 
859 4354 2288 13521.118 1695.526 
870 4348 2288 13530.884 1693.969 
867 4344 2315 13524.707 1696.816 
878 4344 2269 13533.274 1695.626 
837 4405 2314 13553.634 1695.854 
837 4406 2313 13554.385 1695.9 
870 4302 2344 13529.79 1695.989 
813 4439 2296 13552.416 1696.716 
889 4237 2331 13481.447 1688.174 
855 4371 2249 13529.914 1696.792 
861 4360 2288 13522.907 1695.494 
856 4367 2284 13537.966 1697.769 
873 4356 2266 13536.823 1696.156 
890 4238 2314 13481.149 1688.235 
888 4336 2301 13533.963 1694.548 
851 4395 2313 13547.606 1698.912 
865 4352 2323 13528.333 1694.917 
803 4410 2301 13548.357 1700.125 
874 4276 2353 13502.573 1693.548 
826 4375 2247 13528.672 1699.246 
857 4350 2285 13521.259 1696.422 
825 4418 2267 13551.204 1696.481 
822 4422 2245 13538.048 1695.023 
826 4427 2265 13542.507 1694.895 
880 4355 2268 13521.161 1693.924 
852 4307 2360 13509.507 1692.45 
859 4370 2269 13533.756 1696.129 
860 4278 2325 13519.087 1696.922 
766 4462 2244 13524.443 1690.803 
900 4279 2284 13500.916 1690.836 
770 4467 2202 13515.353 1693.571 
