385 1951 1046 13672.451 1713.927 
388 1949 1049 13683.011 1715.525 
345 1958 1028 13628.403 1706.081 
417 1893 1078 13660.803 1714.811 
372 1952 1053 13678.758 1714.62 
414 1907 1052 13690.518 1720.732 
416 1896 1088 13673.59 1712.707 
418 1904 1068 13681.4 1712.86 
381 1948 1040 13674.442 1717.906 
436 1880 1071 13667.442 1714.465 
369 1955 1021 13668.852 1715.393 
431 1883 1079 13670.967 1713.069 
441 1838 1065 13632.61 1712.927 
374 1950 1004 13671.544 1714.129 
412 1913 1082 13687.509 1714.267 
409 1911 1070 13679.993 1718.762 
408 1912 1069 13680.075 1718.765 
425 1880 1073 13675.266 1716.114 
424 1896 1069 13671.649 1715.569 
424 1877 1074 13652.975 1713.18 
353 1970 1027 13662.649 1716.162 
437 1856 1084 13657.757 1711.146 
415 1918 1065 13696.91 1720.589 
423 1866 1081 13637.449 1712.799 
407 1907 1085 13672.464 1717.195 
408 1912 1068 13680.086 1718.767 
405 1945 1099 13717.497 1722.775 
417 1914 1066 13684.768 1717.934 
417 1873 1087 13651.528 1713.159 
370 1947 1041 13675.726 1716.062 
