825 4377 2214 13500.048 1689.114 
826 4301 2305 13497.742 1688.929 
860 4290 2275 13522.103 1692.684 
866 4199 2299 13453.496 1682.414 
875 4312 2225 13494.836 1686.874 
832 4365 2241 13513.831 1693.325 
789 4378 2215 13502.119 1690.602 
789 4370 2255 13511.674 1693.12 
878 4292 2252 13492.959 1684.898 
887 4276 2251 13488.202 1686.963 
803 4369 2272 13492.85 1687.743 
897 4192 2257 13454.849 1683.35 
891 4199 2238 13445.68 1681.596 
847 4267 2302 13471.495 1686.848 
890 4202 2221 13454.797 1684.144 
770 4404 2170 13494.325 1690.486 
832 4335 2293 13493.371 1687.499 
880 4247 2276 13488.616 1687.102 
846 4319 2318 13492.457 1689.286 
855 4333 2288 13511.106 1688.711 
818 4328 2268 13513.559 1692.214 
817 4358 2217 13520.427 1694.088 
802 4361 2222 13519.49 1691.719 
815 4360 2198 13521.152 1692.1 
833 4335 2292 13493.525 1687.649 
835 4332 2294 13493.548 1687.716 
832 4367 2265 13500.827 1689.061 
830 4361 2316 13508.139 1688.016 
836 4330 2296 13493.171 1687.344 
833 4334 2295 13493.674 1687.452 
887 4254 2287 13483.238 1689.885 
807 4405 2248 13518.873 1690.2 
824 4343 2302 13493.472 1688.253 
834 4333 2295 13493.576 1687.438 
814 4372 2257 13504.736 1690.718 
807 4407 2247 13519.581 1690.296 
853 4328 2297 13505.443 1690.466 
808 4392 2265 13501.675 1690.365 
755 4429 2152 13504.774 1689.164 
813 4373 2256 13504.712 1690.719 
839 4339 2281 13503.243 1687.785 
759 4406 2213 13502.125 1690.364 
827 4327 2288 13493.132 1692.731 
882 4260 2286 13486.326 1688.597 
814 4369 2268 13504.931 1690.736 
816 4357 2255 13499.065 1691.884 
794 4366 2233 13502.311 1694.467 
825 4354 2259 13511.812 1692.325 
874 4282 2274 13490.918 1689.635 
819 4336 2260 13518.771 1691.996 
870 4260 2291 13482.411 1686.703 
843 4280 2310 13492.894 1689.07 
762 4415 2156 13498.871 1690.208 
788 4374 2282 13510.186 1691.404 
777 4380 2196 13516.365 1692.888 
804 4366 2218 13507.649 1691.585 
818 4334 2214 13500.475 1695.258 
875 4299 2257 13501.251 1691.355 
790 4368 2152 13488.569 1691.229 
749 4405 2130 13488.689 1690.459 
819 4366 2221 13509.724 1690.992 
801 4358 2278 13492.403 1689.254 
860 4327 2247 13510.758 1689.257 
800 4358 2278 13492.422 1689.258 
841 4298 2310 13493.991 1687.578 
761 4443 2187 13493.679 1688.211 
800 4353 2292 13500.902 1688.816 
857 4289 2299 13494.042 1690.215 
786 4380 2154 13493.331 1691.735 
829 4346 2184 13498.139 1693.896 
868 4326 2262 13515.14 1689.155 
829 4293 2308 13506.626 1691.613 
811 4367 2251 13515.471 1690.629 
873 4213 2298 13472.132 1684.222 
886 4286 2224 13494.042 1687.498 
872 4303 2290 13517.304 1691.903 
862 4312 2289 13512.381 1693.328 
871 4304 2290 13517.404 1691.912 
812 4377 2208 13510.097 1690.605 
808 4330 2331 13513.295 1692.875 
850 4342 2257 13513.566 1692.324 
836 4344 2267 13506.735 1691.673 
855 4341 2268 13514.048 1691.287 
767 4382 2227 13488.898 1691.306 
831 4369 2216 13503.821 1690.106 
790 4348 2257 13515.438 1693.709 
863 4323 2286 13519.789 1694.586 
831 4370 2215 13504.169 1690.111 
850 4342 2257 13513.516 1692.328 
868 4323 2277 13519.259 1695.673 
885 4269 2268 13493.629 1691.618 
800 4395 2215 13504.598 1690.528 
806 4335 2280 13504.415 1692.506 
836 4331 2271 13489.857 1689.63 
834 4346 2194 13477.368 1685.004 
