769 3607 1891 13447.636 1684.485 
692 3680 1968 13473.219 1685.827 
651 3782 1862 13493.385 1687.943 
771 3552 1889 13401.862 1677.412 
717 3723 1882 13494.989 1687.449 
645 3761 1891 13487.406 1686.395 
706 3729 1903 13496.297 1691.203 
718 3715 1925 13480.77 1687.532 
654 3769 1874 13482.354 1686.693 
646 3800 1840 13476.727 1685.508 
646 3800 1841 13476.704 1685.504 
650 3764 1876 13477.679 1687.867 
667 3760 1903 13474.444 1685.623 
671 3762 1859 13487.82 1689.095 
707 3739 1899 13491.278 1687.734 
636 3764 1896 13473.795 1686.014 
700 3746 1928 13517.273 1692.306 
679 3760 1852 13484.61 1687.543 
678 3761 1851 13484.935 1687.528 
668 3751 1853 13498.087 1688.879 
679 3760 1852 13484.834 1687.521 
661 3759 1862 13472.93 1689.067 
628 3753 1882 13467.277 1690.402 
701 3721 1918 13489.579 1689.696 
663 3757 1859 13494.12 1691.953 
667 3756 1870 13489.178 1689.012 
646 3763 1860 13484.121 1688.672 
640 3757 1861 13488.701 1691.55 
650 3749 1912 13466.48 1685.642 
653 3758 1903 13474.823 1684.029 
658 3763 1858 13500.687 1688.777 
623 3765 1907 13462.03 1681.923 
654 3757 1904 13475.064 1684.08 
756 3633 1952 13485.5 1683.988 
747 3667 1983 13491.691 1690.984 
660 3763 1843 13492.1 1688.728 
747 3670 1961 13501.649 1690.475 
750 3670 1922 13493.103 1686.083 
705 3752 1899 13499.608 1688.875 
736 3678 1963 13506.281 1693.286 
655 3751 1872 13482.513 1691.129 
762 3638 1937 13485.021 1688.02 
721 3672 1965 13494.795 1688.458 
736 3688 1885 13494.105 1691.51 
667 3761 1890 13498.064 1687.886 
667 3774 1870 13479.495 1686.778 
668 3773 1870 13479.572 1686.781 
701 3722 1872 13477.543 1692.274 
671 3755 1888 13471.742 1686.575 
633 3758 1777 13470.779 1689.743 
659 3755 1908 13474.513 1688.625 
737 3678 1899 13498.497 1690.7 
670 3747 1861 13476.713 1689.897 
711 3679 1962 13463.152 1682.04 
748 3610 1988 13470.645 1691.143 
751 3620 1929 13483.388 1688.824 
747 3613 1990 13472.036 1691.301 
746 3613 1989 13472.067 1691.303 
769 3599 1966 13462.719 1687.826 
744 3612 1993 13461.005 1687.091 
638 3763 1873 13491.444 1688.809 
709 3714 1912 13504.365 1690.399 
611 3766 1890 13479.208 1685.963 
659 3753 1911 13492.783 1688.972 
692 3730 1947 13479.062 1687.853 
686 3729 1957 13496.105 1688.707 
685 3743 1930 13501.592 1688.156 
687 3684 1966 13472.181 1685.957 
684 3731 1930 13501.822 1690.216 
692 3679 1971 13468.771 1689.286 
692 3680 1970 13468.573 1689.18 
636 3781 1884 13470.771 1686.77 
712 3718 1891 13494.918 1686.806 
732 3710 1958 13515.738 1691.428 
671 3671 1980 13465.794 1686.587 
675 3670 1981 13459.883 1687.058 
662 3748 1888 13493.322 1690.27 
707 3715 1930 13509.479 1690.618 
648 3768 1850 13482.785 1688.817 
639 3753 1884 13482.748 1689.736 
632 3779 1837 13488.738 1692.211 
645 3786 1869 13482.284 1689.444 
657 3769 1855 13478.452 1688.236 
644 3753 1860 13466.206 1689.873 
726 3701 1890 13493.042 1692.313 
674 3753 1869 13485.669 1689.357 
715 3692 1918 13496.808 1691.56 
745 3700 1929 13506.951 1689.533 
666 3771 1883 13472.896 1684.149 
665 3772 1883 13472.903 1684.15 
751 3671 1895 13483.658 1685.244 
