150 670 406 13893.639 1746.286 
169 628 397 13818.816 1726.363 
158 650 406 13888.422 1742.588 
162 661 406 13913.946 1741.496 
167 650 392 13853.587 1738.974 
167 651 389 13869.18 1743.044 
163 650 404 13870.679 1735.082 
159 666 390 13885.334 1741.958 
165 660 390 13896.658 1743.441 
166 643 408 13862.257 1739.586 
161 663 390 13898.949 1744.147 
166 649 402 13883.298 1740.633 
148 674 406 13924.59 1746.405 
163 648 396 13872.883 1742.75 
157 667 390 13904.38 1744.753 
173 652 388 13896.92 1744.058 
170 641 394 13854.815 1737.753 
165 653 373 13864.698 1747.34 
155 675 378 13921.592 1749.958 
171 640 394 13852.707 1737.598 
142 691 382 13938.623 1752.963 
147 676 403 13922.766 1747.875 
152 670 372 13887.548 1750.446 
154 679 378 13933.504 1747.308 
174 630 386 13828.457 1734.875 
168 644 395 13835.334 1734.376 
143 695 380 13965.914 1752.279 
157 662 393 13879.895 1747.764 
139 692 395 13938.616 1744.539 
169 643 396 13838.024 1734.399 
163 652 376 13856.206 1748.385 
133 695 381 13881.6 1742.079 
152 647 414 13865.096 1743.885 
151 654 410 13874.154 1742.269 
158 676 389 13926.551 1749.545 
162 668 384 13925.596 1750.662 
156 640 411 13877.311 1746.873 
149 682 393 13963.658 1752.495 
159 665 387 13906.271 1751.06 
147 689 399 13980.444 1757.509 
134 693 393 13897.264 1740.779 
148 689 394 13970.371 1752.514 
151 655 391 13878.508 1751.997 
161 646 425 13879.988 1740.715 
146 653 415 13833.37 1737.233 
131 701 380 13937.145 1748.877 
126 706 378 13940.393 1751.645 
132 700 381 13937.96 1748.937 
150 680 383 13912.538 1745.646 
149 666 405 13937.694 1755.065 
129 697 386 13942.525 1750.236 
155 657 408 13908.848 1743.672 
145 690 397 13974.207 1757.792 
147 690 373 13926.563 1754.604 
145 693 386 13935.156 1757.144 
153 664 375 13879.326 1752.356 
131 702 393 13911.306 1750.429 
163 637 401 13856.93 1742.449 
135 673 407 13861.702 1747.453 
142 660 414 13864.161 1737.005 
143 659 415 13864.582 1737.079 
142 685 405 13984.321 1759.051 
157 650 410 13822.994 1733.319 
158 644 407 13833.055 1741.836 
151 663 409 13846.253 1735.013 
141 673 421 13903.201 1744.031 
140 677 408 13869.77 1738.538 
139 675 419 13901.841 1743.747 
132 692 390 13948.197 1753.223 
145 667 413 13888.017 1746.004 
148 685 393 13956.489 1755.247 
146 659 413 13850.965 1745.58 
142 693 391 13961.877 1751.248 
134 697 392 13863.438 1746.714 
164 646 389 13861.171 1746.857 
143 670 411 13872.633 1734.744 
132 687 400 13883.345 1741.594 
172 627 399 13821.398 1730.92 
164 651 392 13848.588 1739.517 
168 629 403 13825.983 1737.532 
162 661 403 13936.379 1751.761 
156 672 394 13916.863 1744.826 
156 671 397 13914.543 1740.256 
149 675 398 13900.906 1741.19 
110 707 370 13864.794 1735.795 
128 694 397 13929.808 1753.483 
111 703 379 13843.183 1745.453 
117 707 363 13882.558 1744.545 
116 709 358 13884.698 1750.649 
122 700 374 13926.031 1755.936 
143 679 404 13896.528 1743.775 
144 684 402 13934.9 1745.465 
144 680 403 13924.945 1741.251 
152 677 386 13930.105 1750.046 
148 679 404 13932.072 1743.554 
147 656 413 13882.162 1745.687 
151 681 402 13858.026 1735.375 
161 650 407 13830.468 1737.211 
135 699 371 13937.771 1750.74 
135 699 372 13938.118 1750.725 
