441 1978 1097 13786.728 1726.249 
447 1944 1117 13753.869 1727.624 
437 1944 1118 13745.808 1727.623 
441 1944 1111 13763.388 1726.861 
421 2001 1106 13788.928 1731.211 
451 1974 1110 13790.142 1731.272 
440 1969 1102 13790.785 1729.139 
443 1956 1116 13759.228 1727.617 
397 2019 1087 13799.086 1732.765 
399 2000 1109 13792.655 1731.851 
409 2014 1080 13803.732 1733.309 
392 2006 1112 13781.469 1729.156 
416 2007 1094 13799.023 1730.723 
411 2007 1097 13795.021 1728.975 
423 1993 1091 13800.053 1730.768 
435 1973 1120 13786.561 1730.725 
430 1981 1132 13799.178 1731.497 
403 2011 1087 13788.166 1734.847 
389 2026 1068 13803.324 1733.768 
413 2000 1109 13796.585 1731.69 
404 2005 1107 13788.266 1730.323 
389 2036 1087 13790.502 1736.567 
379 2039 1069 13784.521 1731.86 
432 1986 1106 13779.214 1731.886 
436 1959 1128 13756.238 1729.564 
425 1991 1094 13779.08 1730.949 
386 2036 1071 13793.716 1731.132 
396 2001 1110 13785.846 1732.869 
427 1986 1107 13775.922 1730.209 
423 1997 1093 13787.315 1733.596 
435 1981 1107 13791.984 1732.546 
383 2025 1065 13799.13 1735.384 
372 2038 1071 13763.861 1726.999 
401 2001 1095 13798.746 1733.377 
393 2017 1090 13809.843 1734.166 
412 2005 1096 13789.729 1729.664 
415 1999 1091 13791.132 1734.045 
403 2014 1107 13784.041 1728.919 
372 2040 1034 13764.044 1726.312 
361 2040 1056 13771.166 1730.659 
406 2029 1096 13798.115 1732.992 
418 2000 1089 13795.838 1732.571 
429 1980 1113 13787.937 1732.945 
433 1982 1095 13785.884 1727.675 
438 1959 1115 13789.364 1733.239 
393 2009 1115 13779.448 1726.691 
401 2008 1105 13799.008 1731.638 
432 1982 1109 13782.953 1730.123 
375 2026 1103 13760.156 1727.741 
387 2027 1068 13794.715 1734.603 
417 2014 1102 13785.143 1728.082 
422 1997 1096 13758.772 1727.212 
442 1930 1124 13742.358 1726.19 
407 2000 1103 13794.295 1731.969 
408 2019 1059 13778.362 1726.546 
432 1983 1108 13756.109 1726.959 
419 2013 1109 13797.297 1728.858 
426 1993 1135 13793.945 1730.47 
439 1954 1120 13752.422 1726.979 
410 2003 1131 13796.116 1731.228 
416 1992 1127 13786.978 1731.655 
439 1933 1122 13729.447 1722.57 
439 1933 1121 13729.525 1722.4 
411 2002 1132 13796.217 1731.247 
416 2002 1118 13782.174 1730.654 
420 1997 1121 13782.378 1731.001 
406 2008 1102 13778.96 1731.569 
427 1985 1132 13786.648 1731.321 
372 2038 1062 13785.33 1731.826 
424 1990 1143 13809.029 1735.212 
404 2004 1114 13778.583 1731.952 
405 2003 1115 13778.623 1731.954 
434 1976 1145 13806.83 1734.46 
426 1990 1141 13804.484 1733.77 
404 2010 1106 13791.453 1732.352 
419 1999 1120 13800.879 1732.757 
394 2006 1110 13783.564 1729.248 
431 1982 1128 13788.108 1732.597 
388 2036 1089 13787.185 1728.417 
408 1993 1123 13776.01 1732.034 
405 2006 1107 13787.798 1730.738 
412 1991 1125 13788.324 1732.684 
436 1957 1146 13775.923 1729.679 
395 2018 1108 13803.298 1731.736 
416 2006 1107 13786.655 1735.262 
429 1980 1135 13799.417 1731.587 
