641 3255 1723 13683.772 1719.876 
694 3208 1752 13694.395 1715.204 
688 3221 1698 13682.65 1715.174 
683 3213 1700 13688.765 1716.931 
672 3231 1710 13687.52 1716.873 
683 3214 1742 13697.512 1716.553 
688 3209 1746 13700.06 1716.653 
679 3222 1739 13701.352 1716.297 
683 3204 1747 13693.527 1717.705 
670 3230 1726 13688.167 1717.215 
681 3218 1734 13700.552 1716.961 
684 3212 1736 13698.836 1716.882 
705 3200 1765 13697.745 1718.889 
676 3220 1733 13696.326 1717.32 
673 3212 1754 13686.782 1716.213 
654 3262 1725 13703.365 1719.387 
627 3271 1701 13686.702 1717.83 
610 3272 1730 13670.659 1714.657 
653 3245 1753 13685.553 1717.869 
691 3224 1718 13692.69 1715.095 
690 3195 1760 13692.293 1719.425 
684 3239 1717 13694.489 1713.841 
637 3271 1723 13691.792 1717.299 
659 3232 1753 13687.189 1717.678 
692 3223 1719 13692.742 1715.098 
680 3241 1741 13698.706 1716.048 
671 3224 1757 13679.87 1718.15 
687 3229 1742 13696.058 1716.774 
673 3154 1782 13662.969 1711.021 
671 3224 1756 13680.645 1718.273 
678 3230 1761 13703.271 1715.993 
646 3252 1744 13692.438 1718.603 
669 3238 1741 13694.079 1719.601 
683 3217 1740 13685.895 1717.433 
634 3257 1730 13677.849 1716.545 
616 3284 1698 13688.545 1719.308 
679 3206 1747 13684.719 1718.189 
658 3235 1761 13696.42 1720.372 
648 3238 1763 13691.009 1718.219 
658 3235 1760 13696.421 1720.372 
669 3227 1769 13706.528 1720.881 
703 3203 1766 13704.736 1718.609 
711 3150 1711 13659.777 1715.234 
627 3268 1685 13686.971 1717.455 
676 3214 1748 13693.179 1719.0 
700 3162 1772 13660.218 1714.296 
710 3150 1712 13659.793 1715.237 
713 3149 1714 13660.874 1715.268 
691 3169 1743 13661.898 1718.904 
642 3263 1716 13688.798 1719.559 
671 3192 1767 13677.486 1714.677 
708 3145 1754 13663.059 1714.855 
683 3164 1768 13644.864 1711.987 
647 3248 1727 13692.126 1716.433 
634 3260 1726 13684.975 1715.747 
665 3239 1743 13701.427 1721.421 
636 3253 1735 13682.817 1714.863 
663 3242 1726 13693.949 1721.351 
637 3262 1728 13684.04 1717.655 
677 3207 1721 13675.603 1720.357 
679 3221 1746 13689.827 1719.3 
671 3220 1734 13688.88 1720.314 
