479 2520 1325 13532.398 1689.702 
445 2555 1317 13563.0 1698.225 
471 2527 1325 13551.563 1693.184 
418 2586 1254 13543.772 1693.072 
475 2519 1347 13559.807 1695.333 
456 2546 1303 13555.267 1697.35 
467 2524 1326 13550.243 1697.323 
465 2523 1337 13554.447 1701.025 
489 2517 1305 13553.729 1692.301 
469 2556 1299 13568.006 1699.777 
486 2506 1356 13545.152 1694.761 
529 2423 1348 13505.694 1691.737 
482 2512 1341 13550.99 1694.789 
420 2582 1288 13528.192 1695.368 
457 2538 1331 13543.441 1694.993 
457 2538 1332 13543.429 1694.991 
495 2496 1355 13548.343 1696.877 
489 2510 1329 13592.533 1698.641 
490 2491 1322 13553.539 1702.337 
490 2505 1323 13563.142 1701.075 
489 2493 1323 13555.091 1702.482 
491 2490 1321 13553.6 1702.346 
488 2507 1321 13562.692 1701.068 
472 2508 1329 13549.539 1699.27 
488 2498 1323 13564.54 1700.971 
485 2509 1346 13549.925 1699.107 
486 2516 1325 13553.394 1697.28 
435 2565 1298 13547.663 1692.982 
434 2566 1298 13547.901 1692.991 
433 2568 1295 13548.128 1692.901 
450 2557 1268 13532.518 1693.408 
442 2558 1306 13549.606 1696.112 
431 2574 1290 13540.388 1693.304 
426 2574 1268 13526.127 1694.83 
471 2518 1358 13542.276 1694.901 
539 2406 1341 13496.382 1690.878 
478 2512 1342 13538.414 1695.808 
511 2501 1300 13574.339 1699.871 
463 2556 1306 13557.305 1697.138 
515 2488 1373 13565.983 1698.699 
541 2438 1302 13533.884 1694.64 
542 2437 1303 13534.314 1694.69 
517 2436 1345 13517.096 1689.839 
543 2436 1333 13535.825 1690.21 
515 2507 1334 13572.916 1699.845 
515 2487 1372 13564.768 1698.729 
549 2401 1322 13495.723 1686.464 
485 2512 1326 13529.638 1691.803 
479 2536 1323 13550.628 1695.969 
487 2516 1340 13528.67 1690.565 
487 2501 1341 13544.082 1697.021 
520 2484 1292 13533.437 1692.407 
521 2483 1297 13562.107 1696.614 
526 2483 1324 13558.857 1696.366 
510 2467 1385 13534.942 1697.868 
531 2475 1303 13546.38 1692.154 
540 2438 1321 13537.328 1693.592 
539 2473 1337 13574.314 1701.697 
528 2432 1364 13532.532 1694.47 
520 2475 1342 13572.057 1700.052 
494 2529 1323 13550.979 1699.32 
519 2478 1342 13573.503 1700.366 
517 2442 1353 13509.39 1685.575 
511 2410 1382 13491.787 1689.165 
489 2511 1353 13559.186 1695.475 
486 2542 1321 13569.374 1701.576 
502 2502 1331 13542.05 1700.049 
541 2434 1321 13532.992 1696.673 
527 2474 1339 13533.133 1696.26 
492 2477 1351 13544.729 1698.836 
493 2476 1352 13545.251 1698.906 
