220 1288 662 13562.492 1698.881 
221 1287 663 13563.714 1699.026 
213 1307 649 13570.126 1701.04 
269 1190 672 13498.272 1687.046 
252 1247 683 13560.032 1696.579 
212 1308 669 13589.775 1703.001 
247 1204 693 13500.125 1692.232 
248 1206 690 13501.004 1688.167 
246 1244 660 13536.766 1700.409 
255 1251 658 13569.606 1701.64 
256 1254 650 13587.821 1701.33 
220 1292 637 13554.525 1696.876 
244 1242 685 13536.886 1692.099 
267 1215 672 13526.295 1695.714 
265 1225 644 13474.839 1688.057 
270 1225 644 13499.682 1686.727 
244 1241 686 13523.999 1691.995 
260 1215 652 13504.427 1697.631 
233 1272 646 13598.281 1704.103 
260 1233 644 13526.538 1701.254 
257 1217 645 13510.515 1701.123 
241 1273 661 13530.054 1700.666 
281 1162 641 13419.673 1681.903 
287 1148 657 13411.376 1684.71 
227 1219 694 13497.69 1680.299 
225 1268 662 13544.218 1699.21 
270 1223 656 13531.787 1693.165 
252 1247 682 13562.564 1691.751 
243 1258 648 13561.59 1707.795 
260 1212 665 13536.284 1705.155 
242 1238 669 13526.668 1702.593 
272 1217 627 13511.766 1690.674 
249 1241 663 13548.493 1702.614 
261 1229 646 13547.033 1697.967 
223 1249 688 13490.17 1696.481 
243 1276 633 13537.837 1699.905 
249 1240 664 13548.383 1702.567 
226 1240 687 13500.253 1692.438 
252 1262 632 13560.613 1700.059 
276 1216 649 13553.448 1700.178 
237 1278 653 13563.058 1703.195 
279 1205 663 13527.636 1694.056 
245 1274 654 13569.184 1703.389 
258 1211 685 13504.019 1689.357 
263 1229 640 13566.178 1702.464 
247 1233 667 13522.013 1700.433 
226 1272 672 13557.814 1698.816 
232 1290 676 13587.112 1698.662 
234 1264 673 13574.655 1697.952 
233 1266 672 13575.718 1698.159 
228 1282 658 13590.741 1701.112 
258 1258 680 13556.533 1700.025 
253 1228 647 13546.252 1703.987 
245 1269 658 13548.055 1695.839 
242 1277 665 13575.938 1698.886 
243 1276 647 13568.262 1697.372 
252 1245 673 13556.715 1696.907 
241 1278 673 13565.822 1696.111 
264 1243 675 13576.181 1695.883 
274 1217 655 13502.828 1691.536 
242 1288 655 13576.069 1700.33 
252 1245 672 13556.913 1696.944 
237 1289 651 13563.673 1698.418 
274 1184 664 13454.671 1684.951 
222 1289 642 13582.536 1701.966 
272 1183 664 13468.022 1686.982 
247 1261 656 13585.732 1699.893 
259 1214 650 13523.31 1698.125 
230 1263 666 13550.779 1699.313 
268 1214 651 13515.906 1696.48 
218 1284 643 13564.495 1703.015 
257 1245 635 13558.304 1701.327 
237 1231 658 13543.327 1704.2 
232 1255 662 13538.074 1701.476 
216 1294 655 13551.251 1700.466 
228 1214 687 13466.377 1685.962 
282 1157 652 13417.604 1676.883 
263 1236 655 13548.712 1697.372 
242 1258 655 13551.577 1700.458 
235 1274 684 13571.731 1697.543 
243 1257 656 13553.035 1700.695 
