785 3702 2040 13535.028 1698.407 
790 3720 2027 13549.008 1695.91 
800 3711 2035 13551.607 1698.063 
789 3714 2028 13551.011 1697.115 
746 3788 2024 13580.054 1699.189 
767 3755 2035 13582.873 1700.131 
776 3723 2070 13567.408 1699.712 
718 3819 1952 13578.773 1702.799 
773 3747 2038 13567.629 1696.264 
747 3771 2040 13579.822 1703.368 
741 3780 2024 13571.733 1701.106 
742 3797 1989 13586.456 1701.744 
713 3798 1999 13563.731 1698.959 
770 3744 2051 13586.006 1701.681 
755 3748 2047 13576.833 1700.656 
735 3785 2031 13574.931 1700.476 
738 3777 2038 13570.768 1699.967 
724 3791 2015 13561.891 1703.599 
798 3695 2021 13559.976 1698.481 
795 3723 2011 13567.263 1700.918 
750 3795 1965 13577.77 1702.928 
709 3821 2012 13574.13 1701.934 
751 3792 1975 13577.096 1700.231 
749 3768 2040 13561.371 1697.924 
783 3733 1989 13566.295 1702.134 
797 3729 2007 13565.004 1698.578 
793 3694 2034 13556.068 1696.486 
779 3759 1962 13551.862 1699.697 
780 3737 2054 13569.075 1699.651 
711 3840 1936 13574.798 1701.132 
742 3821 1973 13585.751 1701.463 
748 3772 2026 13572.69 1702.581 
756 3789 1971 13593.077 1703.958 
768 3746 2051 13564.26 1698.756 
790 3720 1992 13571.82 1699.029 
742 3792 1999 13586.688 1704.179 
745 3815 1994 13574.12 1701.143 
800 3709 1989 13558.927 1699.889 
721 3837 1974 13584.425 1702.535 
788 3712 2011 13567.906 1698.651 
772 3722 1983 13559.435 1702.302 
795 3739 2019 13565.399 1696.617 
788 3710 2020 13557.33 1695.549 
805 3717 2011 13556.913 1698.884 
805 3658 2027 13545.522 1699.197 
787 3726 2017 13578.156 1701.515 
689 3840 1954 13558.575 1700.077 
775 3749 2027 13553.058 1698.763 
781 3742 2038 13554.63 1698.347 
762 3774 2014 13573.811 1699.285 
791 3731 1998 13559.889 1697.922 
770 3765 2005 13564.429 1699.607 
762 3771 2006 13587.868 1703.0 
759 3757 2033 13576.58 1700.388 
793 3677 2047 13549.302 1695.778 
763 3791 2002 13589.251 1702.802 
799 3705 2025 13561.056 1697.616 
799 3706 1985 13551.226 1701.976 
821 3690 2009 13562.557 1700.327 
759 3780 2017 13582.008 1700.194 
760 3761 2012 13560.173 1699.746 
787 3712 2034 13561.346 1697.348 
802 3703 2041 13555.589 1698.172 
809 3650 2028 13536.198 1696.353 
770 3761 1970 13559.794 1700.182 
808 3667 2051 13551.185 1696.688 
830 3644 2041 13540.809 1693.927 
792 3689 2040 13554.063 1699.602 
788 3699 2034 13572.876 1700.716 
815 3651 2042 13549.256 1694.645 
815 3657 2037 13549.546 1695.984 
754 3756 2023 13575.547 1705.068 
717 3803 1997 13564.719 1699.604 
733 3827 1973 13574.159 1702.157 
808 3672 2013 13547.067 1694.41 
807 3673 2013 13546.909 1694.372 
765 3764 2001 13581.565 1702.713 
771 3753 2011 13575.3 1702.078 
766 3762 1972 13582.306 1704.796 
791 3712 2031 13552.221 1697.463 
806 3693 2033 13559.126 1698.151 
732 3799 1981 13575.229 1699.812 
761 3756 2029 13577.615 1696.727 
774 3746 2003 13571.153 1698.316 
744 3795 2000 13573.76 1700.082 
784 3704 2022 13556.379 1698.429 
766 3770 1974 13550.453 1697.01 
776 3741 1989 13560.718 1697.777 
789 3690 2058 13551.112 1696.083 
726 3799 1995 13566.781 1698.823 
780 3736 2028 13581.42 1698.605 
737 3784 2007 13566.633 1701.799 
767 3783 1966 13584.94 1701.065 
779 3742 2000 13576.126 1697.2 
745 3783 1995 13570.031 1703.43 
724 3800 2010 13561.061 1699.332 
718 3804 1980 13571.69 1701.265 
799 3696 1996 13555.782 1700.684 
700 3824 1959 13592.916 1704.784 
699 3825 1958 13592.787 1704.73 
