100 674 320 13612.367 1706.137 
158 568 351 13471.913 1688.981 
126 662 323 13682.57 1715.408 
168 594 347 13599.57 1711.721 
154 619 369 13697.081 1725.848 
143 611 378 13594.372 1710.425 
128 633 380 13668.149 1721.684 
110 663 346 13648.377 1708.497 
149 637 368 13696.032 1718.558 
142 611 387 13650.036 1710.825 
148 628 366 13740.922 1731.077 
114 667 339 13672.412 1714.335 
128 647 360 13683.524 1719.615 
147 634 373 13737.021 1728.167 
129 635 361 13666.757 1729.152 
131 647 352 13685.557 1728.339 
134 647 366 13705.534 1718.842 
130 636 359 13710.129 1718.827 
139 645 358 13722.877 1718.814 
131 647 352 13686.171 1728.333 
134 641 367 13671.841 1712.772 
137 647 360 13717.005 1717.129 
141 641 353 13707.298 1715.805 
114 671 326 13696.417 1717.245 
133 653 356 13717.346 1723.976 
132 646 352 13682.047 1728.02 
133 641 367 13695.837 1718.667 
157 613 351 13642.9 1712.441 
134 650 357 13694.078 1716.033 
136 656 344 13718.801 1725.084 
115 664 333 13656.294 1713.662 
139 640 374 13707.415 1728.301 
134 648 366 13700.515 1719.611 
143 638 369 13691.946 1715.744 
118 667 333 13650.632 1712.482 
119 660 342 13627.396 1710.929 
147 623 376 13655.865 1719.39 
143 646 346 13734.334 1718.386 
148 610 373 13667.903 1721.437 
117 661 325 13634.424 1721.818 
142 643 362 13684.124 1722.25 
133 641 364 13708.091 1723.875 
125 649 367 13689.178 1720.84 
142 640 356 13697.258 1723.42 
122 658 357 13705.754 1724.61 
