143 659 357 13721.778 1728.043 
153 637 371 13733.045 1728.683 
133 641 382 13730.625 1737.474 
125 655 381 13724.71 1722.748 
137 643 374 13769.354 1732.623 
156 633 358 13687.374 1726.938 
158 631 374 13735.868 1727.753 
152 639 381 13739.242 1726.441 
155 634 357 13686.906 1726.878 
139 665 353 13746.439 1733.244 
144 647 362 13790.326 1733.121 
133 654 374 13802.164 1728.396 
160 612 376 13659.021 1719.659 
95 689 337 13718.227 1728.426 
153 631 378 13766.187 1725.984 
138 656 351 13818.532 1734.69 
96 690 319 13645.334 1714.65 
158 621 382 13697.329 1718.813 
152 627 397 13771.999 1733.509 
146 632 383 13746.871 1724.699 
116 689 337 13749.529 1726.632 
145 644 379 13740.058 1733.869 
139 660 376 13770.148 1731.891 
158 620 383 13694.318 1718.962 
140 637 385 13695.351 1727.643 
156 626 377 13705.656 1710.434 
136 659 376 13736.414 1732.628 
154 630 390 13761.871 1729.838 
139 639 369 13704.066 1739.009 
140 638 369 13703.172 1738.974 
144 651 378 13758.416 1725.134 
137 673 364 13771.318 1728.233 
137 652 386 13757.487 1730.467 
138 644 393 13736.459 1720.285 
109 682 355 13752.339 1732.353 
138 664 364 13755.185 1732.808 
138 658 369 13745.847 1733.98 
141 652 374 13756.658 1730.831 
130 679 380 13836.874 1742.318 
131 675 379 13830.353 1741.287 
132 660 374 13779.95 1732.679 
153 642 381 13721.814 1724.65 
136 671 363 13815.711 1737.987 
162 609 370 13669.957 1716.408 
142 658 364 13786.978 1729.762 
133 679 365 13829.753 1737.943 
145 657 369 13781.615 1726.501 
169 590 370 13610.326 1715.389 
160 614 379 13668.534 1717.532 
144 661 356 13817.731 1743.829 
152 643 364 13754.947 1721.485 
143 658 362 13744.763 1728.416 
158 616 383 13674.967 1719.379 
117 683 353 13768.199 1734.456 
157 608 377 13674.69 1719.913 
146 648 374 13737.37 1717.908 
110 685 342 13711.749 1720.48 
142 659 363 13748.26 1728.597 
151 656 371 13781.489 1735.161 
145 647 378 13743.025 1734.269 
157 631 358 13705.716 1730.756 
146 647 375 13733.408 1717.933 
142 657 371 13805.881 1730.506 
145 662 369 13777.579 1725.655 
145 648 376 13735.587 1717.751 
141 648 383 13741.795 1726.992 
142 654 375 13727.264 1717.889 
140 664 370 13755.1 1728.206 
163 608 372 13628.692 1708.85 
141 636 386 13689.741 1724.142 
147 633 382 13718.839 1708.445 
161 613 347 13633.639 1704.562 
153 644 364 13724.171 1722.304 
152 642 379 13780.293 1737.227 
159 601 366 13662.526 1719.151 
143 637 382 13705.581 1715.524 
