133 701 378 13886.666 1744.172 
118 708 362 13839.923 1738.067 
124 703 363 13837.586 1735.346 
115 707 365 13849.418 1742.323 
154 681 419 13948.826 1748.47 
159 669 415 13874.257 1737.329 
156 667 424 13904.83 1748.24 
144 698 401 13954.265 1753.294 
155 671 415 13922.732 1747.071 
151 688 403 13961.722 1758.347 
171 656 407 13911.584 1742.115 
153 679 407 13928.516 1749.735 
142 696 392 13955.395 1752.836 
152 679 412 13934.582 1750.015 
153 687 395 13969.484 1757.068 
132 702 385 13920.736 1755.416 
149 680 414 13942.848 1751.099 
148 681 413 13940.074 1750.47 
150 673 406 13931.897 1755.4 
167 668 398 13915.501 1750.504 
161 684 403 13967.39 1755.081 
160 685 402 13967.654 1755.091 
158 676 411 13944.903 1754.012 
172 642 415 13861.585 1742.691 
131 701 399 13893.884 1743.229 
173 640 415 13858.325 1742.606 
173 640 415 13858.37 1742.594 
172 642 414 13862.023 1742.728 
151 688 416 13951.256 1748.438 
169 651 425 13878.546 1745.671 
150 695 409 13978.22 1755.321 
165 662 422 13969.59 1758.397 
154 682 408 13921.78 1751.838 
153 684 409 13926.33 1752.398 
155 668 418 13932.864 1754.018 
157 675 410 13927.038 1757.615 
175 657 413 13901.043 1753.258 
131 700 407 13907.865 1745.507 
143 682 420 13939.933 1750.561 
157 667 421 13967.787 1753.986 
163 674 400 13942.487 1754.575 
152 684 404 13936.917 1753.084 
146 698 405 13935.229 1744.749 
154 670 416 13938.372 1752.938 
154 679 404 13924.35 1755.902 
139 693 398 13938.985 1755.395 
161 654 432 13896.841 1744.125 
178 650 411 13924.686 1751.4 
161 669 408 13915.353 1750.932 
168 635 435 13845.159 1736.003 
174 642 416 13867.519 1741.557 
163 668 408 13920.813 1754.088 
170 622 425 13789.485 1731.061 
155 674 405 13930.535 1756.733 
159 678 414 13952.698 1752.806 
170 643 419 13885.208 1737.084 
169 656 412 13922.348 1750.539 
168 665 429 13968.638 1757.236 
142 683 407 13913.436 1756.58 
157 669 422 13942.935 1750.867 
151 689 412 13977.423 1753.526 
