570 2678 1496 13816.929 1731.957 
572 2663 1521 13822.467 1730.418 
606 2612 1550 13808.863 1732.914 
598 2648 1518 13831.147 1733.317 
561 2672 1507 13816.283 1730.864 
592 2647 1526 13825.048 1732.641 
564 2669 1499 13814.518 1732.522 
559 2681 1480 13813.882 1732.821 
600 2644 1516 13820.12 1732.155 
564 2669 1498 13815.501 1732.55 
591 2654 1533 13832.138 1733.559 
606 2639 1530 13826.508 1732.747 
604 2640 1525 13823.171 1731.695 
599 2651 1490 13822.987 1731.836 
571 2659 1521 13809.899 1730.524 
587 2648 1529 13830.621 1735.445 
593 2649 1523 13818.825 1732.246 
584 2656 1515 13830.102 1732.171 
608 2630 1516 13831.773 1733.599 
602 2643 1529 13828.402 1732.503 
613 2625 1535 13823.224 1731.911 
595 2647 1526 13817.873 1731.032 
578 2658 1517 13815.218 1730.697 
565 2670 1505 13811.821 1731.377 
594 2648 1542 13819.331 1733.875 
604 2628 1539 13812.365 1732.613 
548 2684 1462 13803.076 1730.895 
609 2615 1529 13814.323 1732.252 
572 2660 1523 13808.548 1729.614 
582 2674 1493 13841.809 1735.342 
574 2675 1481 13827.161 1734.555 
607 2637 1518 13829.152 1733.131 
595 2648 1514 13829.946 1734.503 
594 2646 1531 13829.131 1732.493 
624 2590 1533 13803.362 1731.966 
577 2664 1513 13822.213 1732.15 
573 2676 1480 13826.424 1734.531 
582 2661 1494 13827.405 1734.581 
592 2659 1506 13832.826 1735.728 
600 2610 1527 13817.074 1733.664 
602 2643 1514 13831.093 1734.999 
615 2614 1526 13806.191 1732.872 
611 2642 1521 13828.765 1735.223 
597 2655 1513 13827.104 1735.023 
604 2647 1509 13828.816 1735.789 
603 2635 1538 13831.092 1732.631 
612 2605 1537 13803.535 1730.057 
612 2621 1527 13825.296 1731.576 
597 2645 1538 13831.577 1734.16 
612 2626 1535 13823.302 1731.928 
