769 4323 2217 13467.338 1687.59 
748 4377 2125 13456.44 1685.014 
820 4268 2242 13465.997 1685.395 
730 4384 2156 13453.506 1680.194 
795 4325 2176 13464.997 1683.922 
778 4307 2235 13451.711 1682.28 
777 4335 2229 13488.627 1685.948 
743 4374 2124 13431.376 1685.193 
793 4363 2223 13495.942 1686.995 
794 4340 2199 13484.824 1684.872 
844 4269 2224 13458.877 1684.722 
820 4326 2179 13470.467 1683.784 
818 4290 2241 13447.679 1683.781 
778 4370 2201 13483.814 1682.866 
783 4367 2193 13502.095 1690.333 
833 4293 2216 13474.174 1682.842 
722 4374 2157 13454.783 1683.125 
827 4234 2259 13452.805 1682.792 
833 4227 2219 13443.389 1688.773 
795 4324 2226 13467.454 1685.12 
751 4329 2188 13471.921 1690.345 
815 4296 2171 13452.441 1688.817 
826 4307 2167 13471.189 1687.187 
824 4303 2212 13474.49 1686.103 
796 4302 2245 13482.289 1684.002 
780 4328 2225 13466.399 1684.803 
819 4319 2221 13489.143 1686.966 
719 4369 2150 13440.198 1683.938 
853 4258 2247 13469.12 1682.497 
807 4322 2198 13476.968 1684.657 
804 4360 2167 13478.225 1688.76 
790 4334 2186 13476.227 1687.147 
735 4365 2199 13467.282 1683.453 
719 4388 2154 13444.87 1683.187 
790 4310 2198 13474.091 1687.56 
784 4317 2244 13454.284 1682.012 
746 4381 2137 13463.715 1683.924 
831 4301 2204 13466.192 1684.491 
721 4381 2161 13444.412 1681.628 
860 4260 2206 13482.666 1686.136 
785 4348 2188 13458.023 1687.616 
890 4272 2219 13494.115 1685.605 
872 4196 2253 13457.101 1682.874 
822 4324 2154 13466.735 1681.578 
800 4330 2199 13454.567 1680.924 
796 4291 2202 13464.929 1688.424 
794 4292 2200 13464.233 1688.353 
801 4330 2200 13454.395 1680.949 
809 4318 2228 13474.607 1684.936 
800 4273 2232 13460.874 1688.741 
801 4272 2233 13461.377 1688.829 
831 4277 2202 13458.054 1684.805 
810 4340 2183 13473.677 1683.615 
771 4326 2233 13457.278 1684.944 
712 4386 2172 13455.296 1684.524 
851 4264 2257 13477.669 1688.737 
798 4334 2180 13457.214 1684.83 
821 4301 2240 13484.689 1687.689 
775 4393 2121 13478.893 1686.648 
799 4329 2205 13460.644 1684.848 
829 4276 2213 13462.806 1683.142 
