613 2588 1537 13796.674 1731.253 
617 2571 1540 13774.177 1729.21 
607 2608 1544 13795.153 1731.262 
608 2596 1564 13790.13 1730.006 
600 2611 1555 13799.396 1730.683 
610 2601 1556 13793.847 1731.857 
595 2639 1507 13791.214 1729.964 
606 2605 1557 13793.657 1730.752 
599 2636 1511 13789.998 1729.257 
570 2658 1505 13790.63 1730.751 
563 2665 1510 13797.447 1728.259 
562 2664 1488 13791.222 1728.305 
582 2651 1518 13812.651 1732.287 
587 2652 1512 13806.75 1731.464 
610 2608 1548 13795.09 1729.123 
612 2604 1519 13785.476 1726.838 
613 2587 1543 13777.957 1728.906 
614 2603 1518 13789.812 1729.381 
624 2593 1539 13788.853 1729.079 
615 2601 1506 13789.38 1728.484 
606 2631 1547 13813.209 1733.852 
595 2638 1539 13815.638 1733.971 
581 2652 1509 13804.296 1732.704 
580 2654 1533 13817.218 1733.388 
617 2607 1501 13790.266 1729.5 
608 2627 1515 13803.446 1734.566 
614 2606 1501 13784.473 1730.813 
613 2601 1528 13778.541 1726.599 
611 2616 1529 13796.638 1731.229 
613 2621 1511 13790.699 1729.574 
626 2584 1519 13790.915 1729.005 
626 2586 1517 13786.291 1727.864 
618 2602 1521 13787.296 1731.492 
599 2635 1545 13809.741 1733.544 
593 2649 1541 13829.316 1735.88 
614 2603 1512 13789.257 1730.417 
624 2595 1528 13796.503 1732.231 
599 2634 1539 13811.932 1733.482 
612 2598 1523 13786.556 1730.095 
568 2658 1531 13802.486 1731.433 
