846 3782 2127 13651.842 1711.592 
865 3746 2141 13659.654 1709.783 
733 3943 2063 13670.103 1712.626 
833 3802 2070 13664.903 1715.006 
761 3900 2090 13666.321 1709.892 
800 3854 2093 13675.069 1714.169 
841 3835 2121 13688.721 1714.134 
841 3807 2132 13670.791 1713.094 
782 3873 2117 13670.93 1713.041 
810 3858 2073 13687.001 1713.869 
810 3865 2082 13678.298 1714.689 
767 3914 2053 13672.351 1712.099 
869 3748 2109 13656.802 1709.921 
882 3728 2114 13654.851 1709.138 
798 3871 2088 13682.531 1715.084 
757 3915 2103 13683.049 1715.003 
791 3882 2099 13677.498 1714.861 
809 3851 2120 13681.552 1715.567 
862 3761 2099 13666.366 1711.364 
865 3752 2101 13666.115 1711.441 
747 3931 2064 13677.508 1712.728 
805 3865 2119 13677.458 1712.667 
807 3860 2123 13683.027 1713.832 
753 3925 2042 13672.993 1713.16 
757 3920 2047 13676.22 1713.554 
876 3743 2125 13664.818 1710.621 
782 3899 2082 13677.796 1714.646 
791 3883 2113 13682.424 1713.915 
795 3880 2107 13682.005 1713.852 
784 3887 2089 13667.651 1712.712 
803 3837 2129 13676.475 1712.516 
805 3843 2132 13673.861 1712.076 
850 3781 2081 13667.916 1708.953 
851 3782 2084 13661.296 1708.952 
809 3856 2085 13663.766 1711.118 
814 3854 2086 13667.307 1713.848 
803 3870 2056 13670.815 1714.01 
806 3869 2062 13671.088 1714.904 
781 3889 2093 13672.988 1713.882 
750 3925 2060 13671.194 1711.727 
734 3929 2032 13664.996 1713.232 
859 3780 2110 13669.12 1711.764 
858 3775 2114 13669.893 1711.891 
753 3924 2065 13675.189 1712.877 
753 3924 2059 13676.624 1713.413 
782 3894 2089 13676.666 1714.405 
777 3893 2090 13674.886 1714.47 
729 3933 2031 13665.993 1713.486 
779 3896 2097 13676.523 1714.274 
772 3897 2097 13678.147 1714.505 
775 3894 2098 13677.157 1713.327 
780 3901 2074 13684.611 1714.672 
780 3904 2073 13686.689 1715.244 
798 3872 2087 13670.493 1713.8 
867 3766 2125 13669.231 1711.182 
843 3794 2084 13664.079 1709.655 
842 3795 2086 13664.924 1709.687 
838 3831 2141 13689.939 1714.385 
837 3832 2140 13689.318 1714.343 
867 3763 2124 13668.172 1711.229 
866 3764 2123 13668.011 1711.206 
826 3853 2095 13681.998 1714.379 
826 3852 2096 13681.173 1714.189 
774 3912 2071 13690.036 1715.846 
774 3911 2070 13689.636 1715.858 
730 3938 2031 13668.039 1712.799 
729 3938 2030 13667.661 1712.868 
784 3898 2088 13682.752 1715.382 
785 3897 2088 13682.753 1715.382 
797 3870 2090 13669.653 1713.25 
798 3870 2090 13669.42 1713.195 
788 3891 2085 13676.992 1714.794 
788 3891 2085 13677.016 1714.736 
754 3920 2095 13681.754 1714.479 
754 3920 2095 13681.787 1714.476 
832 3850 2126 13688.716 1714.679 
821 3841 2111 13679.64 1714.968 
852 3783 2102 13653.111 1709.775 
812 3855 2109 13669.347 1711.366 
789 3884 2073 13666.393 1712.945 
829 3833 2128 13679.717 1714.139 
848 3800 2121 13663.388 1711.295 
763 3911 2085 13684.63 1714.367 
873 3744 2097 13649.328 1708.81 
883 3717 2113 13648.894 1708.241 
850 3791 2094 13666.681 1710.801 
793 3877 2106 13672.912 1714.208 
868 3743 2122 13664.45 1711.36 
