883 4608 2406 13699.685 1716.614 
893 4602 2420 13698.59 1716.532 
915 4586 2406 13699.49 1718.74 
1001 4442 2472 13682.011 1713.828 
939 4538 2428 13680.836 1715.209 
926 4551 2452 13691.789 1716.884 
993 4463 2501 13691.778 1715.298 
972 4513 2471 13705.57 1716.73 
970 4520 2453 13703.325 1716.99 
960 4522 2451 13699.51 1716.859 
940 4523 2445 13685.88 1717.363 
983 4501 2450 13701.43 1716.93 
998 4462 2489 13692.392 1716.126 
994 4454 2493 13689.557 1714.842 
936 4542 2449 13690.693 1717.642 
969 4519 2480 13706.091 1717.648 
938 4553 2440 13695.802 1717.417 
924 4571 2446 13706.674 1718.177 
925 4573 2421 13704.385 1719.021 
985 4501 2466 13699.784 1715.445 
993 4476 2495 13693.021 1715.853 
983 4496 2459 13700.153 1716.653 
975 4503 2492 13703.773 1716.875 
951 4533 2444 13698.233 1716.341 
958 4531 2446 13702.013 1716.755 
984 4480 2494 13689.299 1714.969 
925 4575 2430 13703.744 1718.446 
940 4558 2417 13698.919 1718.064 
938 4554 2423 13697.447 1717.119 
961 4526 2462 13703.945 1716.814 
959 4527 2469 13705.326 1717.18 
932 4550 2429 13696.609 1718.094 
937 4547 2433 13694.481 1718.105 
968 4503 2501 13697.23 1714.742 
920 4577 2433 13708.68 1718.867 
1002 4458 2462 13683.997 1714.71 
1001 4458 2469 13685.338 1714.919 
971 4508 2459 13699.446 1716.869 
976 4508 2454 13699.342 1716.929 
914 4573 2447 13700.695 1716.94 
909 4588 2449 13704.784 1718.764 
907 4594 2448 13706.238 1717.253 
973 4501 2496 13695.771 1715.207 
970 4499 2497 13701.227 1716.02 
913 4575 2431 13706.82 1718.966 
931 4569 2440 13706.892 1719.414 
930 4571 2435 13703.49 1718.334 
963 4520 2473 13703.756 1717.627 
967 4524 2470 13704.337 1716.798 
979 4503 2476 13706.584 1717.553 
979 4504 2472 13701.998 1715.574 
980 4497 2492 13698.507 1716.255 
914 4575 2439 13695.534 1717.686 
938 4533 2446 13687.536 1717.601 
975 4494 2493 13694.452 1715.082 
980 4491 2493 13696.645 1715.201 
916 4582 2423 13699.737 1718.116 
919 4581 2421 13706.056 1718.497 
971 4490 2497 13694.156 1714.788 
988 4480 2488 13693.182 1715.776 
983 4487 2473 13694.295 1716.415 
987 4486 2470 13697.155 1716.491 
924 4572 2437 13704.853 1718.911 
907 4587 2423 13705.468 1718.024 
980 4491 2462 13694.312 1716.615 
980 4489 2463 13699.624 1716.299 
973 4482 2502 13693.07 1714.771 
975 4486 2499 13694.098 1714.331 
919 4574 2436 13702.948 1718.486 
987 4484 2479 13696.749 1716.515 
914 4576 2437 13702.733 1718.408 
975 4508 2478 13696.655 1716.597 
973 4506 2479 13700.92 1717.044 
911 4579 2434 13703.44 1717.435 
982 4487 2485 13693.154 1715.772 
987 4471 2491 13692.832 1716.282 
979 4493 2481 13695.327 1716.291 
981 4475 2489 13694.777 1715.415 
981 4487 2482 13696.1 1716.478 
907 4585 2431 13705.025 1718.257 
908 4585 2428 13707.395 1718.165 
983 4492 2481 13694.553 1715.966 
904 4595 2436 13702.928 1718.157 
905 4594 2439 13702.804 1718.245 
990 4480 2473 13696.957 1716.226 
991 4482 2474 13694.929 1715.334 
985 4487 2483 13696.1 1716.226 
984 4490 2483 13696.364 1716.193 
912 4579 2435 13698.531 1716.837 
926 4556 2442 13704.023 1717.341 
928 4555 2442 13702.26 1716.744 
911 4580 2438 13697.71 1717.702 
910 4581 2436 13698.668 1717.007 
941 4532 2439 13689.382 1716.547 
941 4532 2441 13689.349 1716.54 
986 4474 2489 13694.801 1715.317 
985 4475 2488 13694.323 1715.277 
911 4579 2445 13700.357 1716.98 
910 4580 2444 13699.929 1716.876 
915 4579 2425 13705.146 1718.692 
