1107 4910 2834 13591.695 1700.067 
1141 4921 2758 13600.752 1700.892 
1103 4945 2839 13600.814 1699.05 
1043 5061 2829 13629.059 1704.678 
1072 4989 2848 13607.374 1701.629 
1000 5106 2741 13622.321 1704.032 
1050 5022 2859 13614.702 1702.186 
1106 4967 2771 13620.477 1706.885 
1141 4910 2799 13600.866 1701.385 
1082 5069 2748 13633.952 1705.072 
1147 4888 2741 13586.425 1699.342 
1023 5078 2781 13615.629 1701.505 
996 5133 2703 13635.886 1703.387 
1133 4951 2818 13609.899 1704.031 
998 5107 2652 13622.9 1706.432 
971 5123 2675 13623.461 1705.713 
1143 4906 2781 13583.554 1698.466 
1147 4893 2765 13585.763 1699.039 
996 5118 2707 13617.696 1701.019 
1003 5121 2689 13622.146 1705.951 
1139 4966 2802 13623.551 1704.478 
1122 4968 2794 13627.776 1706.446 
1033 5063 2741 13630.315 1707.12 
1081 4953 2860 13604.387 1701.084 
1092 5007 2833 13625.495 1705.085 
1083 5065 2786 13644.528 1706.878 
1057 5017 2834 13612.687 1702.702 
1061 5028 2824 13622.225 1705.134 
1032 5104 2701 13628.162 1705.854 
1061 5037 2788 13622.397 1704.079 
1110 5015 2803 13634.95 1705.104 
1052 5041 2808 13621.37 1703.486 
1046 5042 2793 13618.997 1703.16 
1118 4962 2827 13622.296 1704.102 
1120 4968 2813 13618.021 1704.048 
1117 5009 2777 13629.591 1704.965 
1008 5085 2716 13628.107 1706.968 
1022 5079 2718 13630.024 1707.763 
1005 5119 2669 13622.426 1705.562 
1062 5025 2812 13609.12 1700.679 
1024 5117 2738 13638.663 1705.571 
1104 5038 2776 13635.388 1705.835 
1109 4998 2829 13620.295 1704.663 
1100 4996 2839 13614.236 1703.056 
1072 5074 2725 13638.271 1705.618 
1097 5019 2770 13627.043 1706.766 
1103 5012 2781 13625.978 1707.467 
1055 5084 2742 13636.816 1706.593 
1070 5027 2809 13621.359 1703.627 
1115 5005 2759 13632.065 1706.167 
1104 5007 2764 13624.843 1706.559 
1104 5001 2799 13623.6 1705.196 
1025 5084 2747 13624.143 1703.858 
1026 5090 2759 13620.863 1702.964 
970 5155 2680 13618.433 1703.224 
970 5144 2679 13626.309 1703.946 
1115 4987 2785 13622.453 1705.85 
1112 4994 2774 13620.564 1706.58 
1105 5014 2788 13639.054 1705.508 
1131 4990 2806 13630.816 1705.843 
1046 5075 2778 13631.301 1704.269 
1043 5078 2769 13622.929 1701.881 
1087 5052 2766 13644.788 1707.382 
1095 5058 2774 13642.504 1706.087 
989 5130 2651 13620.851 1705.196 
998 5128 2659 13625.381 1705.477 
1035 5103 2744 13639.09 1705.761 
1028 5104 2736 13632.748 1703.696 
1111 4984 2810 13625.201 1704.031 
1123 4981 2810 13626.986 1705.039 
1055 5079 2760 13624.357 1704.621 
1059 5077 2749 13627.534 1704.208 
1035 5029 2836 13613.612 1702.491 
1034 5017 2837 13612.863 1702.868 
1095 5034 2788 13641.226 1705.717 
1111 5025 2755 13630.661 1706.288 
1112 5019 2763 13636.844 1704.841 
1095 5021 2792 13635.948 1703.966 
1103 4998 2806 13635.474 1705.8 
1083 5013 2805 13618.927 1703.434 
1079 5017 2813 13618.676 1702.488 
1050 5071 2747 13639.939 1706.534 
1051 5070 2743 13631.095 1706.124 
1111 5025 2784 13633.505 1705.244 
1102 5027 2786 13634.833 1704.711 
1061 4963 2851 13593.971 1700.402 
1068 4958 2850 13595.712 1699.769 
987 5143 2745 13634.732 1704.855 
1066 5102 2740 13646.404 1706.883 
1110 4962 2822 13613.506 1704.112 
1096 5003 2813 13634.605 1705.514 
1068 5069 2773 13632.729 1705.688 
1089 5027 2789 13634.399 1705.395 
1065 5011 2821 13604.708 1701.915 
1021 5079 2718 13630.04 1707.766 
