1142 4937 2820 13609.202 1704.864 
1141 4938 2819 13609.16 1704.867 
1127 5106 2851 13685.973 1713.373 
1078 5160 2806 13692.698 1716.831 
1096 5171 2855 13704.25 1715.993 
1075 5185 2833 13693.543 1712.824 
1063 5200 2807 13695.022 1712.161 
1082 5156 2885 13696.483 1716.166 
1094 5176 2857 13711.927 1716.705 
1039 5234 2803 13701.41 1715.283 
1087 5182 2860 13703.5 1715.141 
1118 5096 2855 13681.866 1713.553 
1074 5172 2838 13702.774 1716.835 
1121 5102 2870 13680.182 1712.187 
1060 5195 2843 13701.664 1717.197 
1125 5149 2846 13705.686 1714.439 
1087 5181 2826 13711.569 1716.62 
1083 5183 2847 13694.701 1714.164 
1092 5178 2796 13708.368 1714.786 
1078 5177 2828 13700.511 1716.6 
1127 5106 2852 13686.331 1713.363 
1120 5106 2861 13682.942 1713.456 
1124 5091 2852 13683.479 1714.17 
1059 5201 2814 13700.62 1716.126 
1128 5125 2838 13690.93 1714.585 
1057 5228 2826 13714.874 1717.722 
1081 5195 2826 13710.566 1716.813 
1117 5169 2879 13710.939 1716.616 
1072 5193 2849 13704.113 1715.865 
1078 5177 2872 13699.362 1715.396 
1131 5096 2849 13684.366 1713.221 
