515 2699 1367 13738.922 1720.792 
528 2691 1396 13761.203 1724.11 
549 2685 1448 13798.82 1728.929 
574 2644 1469 13787.949 1725.628 
545 2644 1451 13772.49 1726.85 
568 2601 1492 13745.401 1721.729 
571 2584 1486 13719.398 1718.353 
606 2561 1451 13740.89 1722.978 
575 2535 1497 13687.89 1718.18 
592 2576 1441 13741.537 1723.671 
581 2532 1476 13688.065 1718.373 
592 2583 1452 13732.475 1719.688 
578 2625 1456 13777.85 1728.9 
585 2561 1475 13716.834 1716.463 
584 2568 1486 13723.071 1717.479 
531 2666 1449 13765.644 1724.534 
583 2595 1461 13733.666 1723.28 
584 2624 1438 13761.85 1723.221 
566 2623 1461 13768.254 1727.148 
568 2646 1442 13763.653 1724.123 
589 2507 1495 13680.313 1716.31 
579 2588 1479 13740.808 1720.439 
585 2617 1443 13748.162 1719.148 
580 2613 1453 13747.921 1722.809 
575 2633 1427 13747.946 1719.14 
579 2629 1416 13748.361 1718.994 
568 2603 1470 13756.302 1725.176 
562 2649 1417 13756.895 1724.377 
584 2601 1449 13738.091 1723.721 
570 2629 1459 13757.443 1725.637 
568 2636 1456 13766.259 1726.293 
604 2574 1462 13750.487 1723.656 
600 2582 1458 13756.966 1722.319 
593 2526 1499 13682.627 1714.888 
569 2637 1440 13773.317 1727.538 
566 2639 1450 13777.152 1727.566 
566 2623 1476 13759.261 1726.109 
581 2604 1460 13759.573 1721.944 
590 2599 1448 13760.219 1723.372 
589 2604 1440 13764.581 1725.853 
604 2508 1490 13687.336 1716.234 
558 2663 1452 13784.451 1726.817 
578 2615 1458 13766.875 1727.341 
593 2623 1430 13767.886 1723.165 
596 2521 1473 13677.281 1714.343 
601 2519 1478 13683.799 1716.146 
552 2626 1464 13764.937 1726.744 
556 2618 1462 13760.986 1727.061 
571 2619 1484 13757.091 1721.954 
590 2524 1486 13692.771 1718.471 
605 2513 1492 13678.815 1713.684 
576 2600 1467 13742.786 1720.19 
579 2603 1462 13747.002 1724.613 
527 2692 1437 13780.502 1726.448 
531 2686 1441 13777.082 1726.57 
588 2627 1425 13751.87 1723.872 
591 2625 1425 13759.687 1721.615 
595 2531 1484 13690.078 1716.38 
608 2471 1473 13649.864 1710.48 
611 2470 1478 13655.3 1712.235 
579 2615 1450 13760.867 1725.154 
590 2585 1470 13757.145 1724.775 
590 2579 1467 13753.806 1725.345 
582 2604 1443 13748.239 1723.348 
583 2600 1448 13750.912 1725.814 
597 2516 1494 13676.698 1713.39 
600 2521 1492 13680.242 1713.806 
588 2589 1468 13743.182 1723.801 
589 2586 1473 13740.407 1724.325 
562 2645 1427 13768.087 1727.201 
560 2647 1422 13767.343 1724.952 
559 2650 1432 13756.736 1723.18 
559 2651 1437 13758.388 1722.024 
579 2599 1467 13754.627 1726.421 
596 2517 1493 13685.928 1716.62 
597 2515 1492 13684.717 1716.419 
593 2531 1492 13693.201 1716.513 
594 2529 1492 13691.978 1716.276 
585 2591 1450 13744.22 1722.846 
583 2591 1449 13744.73 1723.74 
588 2609 1431 13743.297 1721.828 
587 2611 1431 13742.528 1721.778 
591 2581 1457 13748.077 1726.197 
590 2582 1458 13749.466 1726.418 
581 2609 1446 13759.964 1723.312 
581 2610 1445 13761.406 1723.358 
581 2595 1469 13755.596 1726.677 
581 2597 1469 13755.843 1726.666 
595 2506 1511 13674.501 1713.484 
594 2507 1510 13673.976 1713.258 
607 2485 1480 13660.754 1712.326 
532 2661 1456 13776.397 1727.975 
553 2663 1461 13783.104 1726.268 
575 2620 1482 13765.241 1722.819 
587 2541 1487 13697.685 1717.937 
