926 4484 2388 13638.754 1711.491 
965 4318 2415 13586.308 1701.974 
922 4498 2413 13642.192 1711.148 
840 4566 2430 13640.137 1710.924 
844 4553 2417 13627.391 1707.774 
932 4483 2419 13658.074 1712.791 
962 4339 2433 13597.903 1702.971 
918 4517 2438 13660.782 1712.793 
891 4541 2400 13654.748 1714.202 
834 4575 2377 13641.732 1710.256 
834 4576 2414 13643.242 1710.148 
950 4415 2404 13624.676 1705.736 
947 4404 2406 13616.669 1704.888 
974 4339 2410 13596.692 1702.378 
941 4459 2405 13640.996 1711.811 
935 4462 2417 13643.097 1711.025 
961 4343 2411 13593.438 1702.169 
901 4536 2407 13663.361 1714.145 
869 4564 2399 13652.883 1711.845 
947 4379 2406 13615.18 1705.144 
938 4465 2430 13629.656 1708.441 
929 4464 2430 13635.355 1710.541 
895 4546 2423 13663.275 1713.164 
863 4532 2439 13634.44 1710.717 
947 4360 2434 13604.349 1702.59 
895 4540 2436 13667.286 1713.309 
875 4555 2393 13644.183 1711.633 
920 4492 2428 13655.164 1713.669 
896 4540 2427 13656.119 1713.53 
896 4533 2428 13654.357 1713.409 
919 4516 2413 13655.981 1712.373 
914 4517 2418 13655.637 1713.041 
836 4575 2396 13637.878 1710.457 
840 4579 2393 13641.034 1710.017 
902 4526 2435 13664.89 1713.495 
906 4529 2435 13660.677 1713.715 
913 4483 2449 13634.289 1709.962 
915 4484 2444 13634.851 1710.307 
900 4533 2428 13663.031 1713.361 
899 4535 2433 13663.267 1713.294 
956 4360 2404 13609.68 1703.694 
894 4532 2413 13654.821 1713.606 
919 4489 2438 13656.423 1713.101 
829 4585 2423 13647.15 1712.619 
831 4583 2425 13647.4 1712.678 
877 4550 2414 13653.567 1712.298 
879 4548 2416 13653.503 1712.281 
869 4550 2395 13650.179 1712.333 
870 4553 2395 13649.737 1712.047 
958 4358 2411 13609.662 1703.774 
957 4359 2410 13609.313 1703.701 
899 4528 2415 13654.856 1713.901 
898 4529 2414 13654.715 1713.896 
912 4497 2437 13654.809 1712.867 
924 4483 2444 13659.123 1712.428 
924 4482 2443 13658.714 1712.434 
844 4565 2385 13641.096 1709.758 
844 4566 2384 13640.863 1709.72 
913 4496 2436 13654.375 1712.835 
913 4496 2437 13654.317 1712.831 
955 4361 2409 13608.615 1703.639 
955 4361 2410 13608.583 1703.639 
947 4357 2444 13606.145 1702.521 
947 4357 2443 13606.151 1702.522 
946 4405 2446 13621.402 1706.37 
848 4557 2408 13650.645 1712.255 
817 4597 2419 13647.052 1712.02 
842 4563 2403 13635.223 1710.604 
958 4344 2417 13605.19 1703.232 
951 4371 2415 13609.343 1704.075 
949 4350 2431 13595.177 1701.251 
951 4355 2423 13601.404 1702.861 
954 4387 2404 13618.009 1705.24 
912 4495 2447 13657.374 1714.948 
876 4554 2386 13650.914 1712.275 
864 4525 2439 13628.12 1708.486 
907 4525 2401 13652.356 1712.655 
907 4520 2408 13651.254 1711.919 
834 4584 2390 13638.958 1710.804 
952 4365 2407 13602.09 1703.076 
919 4489 2434 13658.504 1712.573 
958 4362 2397 13607.996 1703.872 
