702 3248 1842 13756.761 1727.046 
704 3244 1810 13751.124 1725.192 
637 3324 1778 13746.407 1725.153 
628 3351 1764 13752.527 1724.083 
687 3261 1832 13753.188 1725.629 
711 3222 1829 13746.604 1724.623 
714 3213 1828 13739.796 1723.64 
657 3327 1790 13760.663 1724.516 
650 3329 1789 13752.501 1723.081 
640 3336 1776 13759.277 1725.385 
650 3321 1783 13754.3 1724.752 
724 3200 1791 13726.611 1723.455 
686 3278 1793 13760.659 1724.65 
653 3320 1777 13758.538 1726.119 
713 3203 1819 13736.382 1724.026 
714 3202 1821 13736.679 1724.096 
647 3320 1789 13748.113 1725.6 
597 3356 1719 13720.986 1719.044 
598 3354 1719 13721.405 1719.07 
710 3258 1816 13754.465 1724.691 
693 3258 1821 13753.503 1725.796 
692 3259 1821 13753.476 1725.795 
611 3352 1708 13736.918 1719.954 
689 3261 1784 13738.538 1724.605 
654 3319 1771 13756.966 1725.611 
689 3278 1811 13757.955 1724.248 
661 3322 1762 13748.025 1723.415 
678 3318 1849 13789.312 1729.666 
659 3319 1772 13749.056 1722.412 
589 3356 1689 13720.161 1719.789 
659 3323 1760 13746.958 1723.354 
722 3199 1797 13723.467 1722.649 
652 3324 1771 13760.107 1725.585 
650 3320 1773 13758.0 1726.142 
684 3256 1833 13755.163 1726.386 
656 3326 1766 13766.13 1724.708 
712 3257 1817 13755.519 1724.709 
650 3333 1756 13752.91 1724.067 
635 3339 1770 13760.509 1725.088 
720 3208 1803 13737.254 1724.29 
651 3325 1771 13760.042 1725.574 
706 3248 1819 13751.439 1725.061 
711 3257 1830 13751.943 1724.214 
590 3355 1689 13720.428 1719.783 
720 3203 1821 13737.879 1723.267 
717 3211 1800 13729.899 1723.3 
648 3319 1790 13748.165 1725.612 
685 3277 1814 13756.821 1724.72 
647 3335 1768 13761.726 1725.771 
655 3324 1776 13749.705 1724.549 
645 3321 1777 13754.47 1725.656 
689 3260 1784 13738.666 1724.633 
714 3228 1815 13744.416 1725.123 
697 3251 1840 13765.92 1728.445 
686 3273 1826 13760.53 1725.475 
711 3221 1818 13740.606 1724.973 
647 3338 1775 13769.355 1725.083 
653 3323 1772 13760.499 1725.71 
648 3328 1767 13755.453 1724.662 
716 3227 1800 13742.886 1722.293 
715 3215 1789 13731.926 1722.743 
724 3183 1800 13713.963 1721.115 
636 3321 1784 13747.058 1724.817 
659 3323 1754 13753.238 1724.076 
683 3290 1816 13764.327 1727.5 
