161 709 409 14078.295 1764.312 
181 694 429 14091.891 1769.708 
185 676 439 14082.601 1774.3 
193 665 445 14083.585 1774.166 
162 708 419 14065.404 1769.231 
141 722 407 14050.304 1768.608 
175 684 436 14052.737 1773.914 
189 667 451 14062.959 1767.798 
181 682 435 14102.75 1775.305 
185 685 424 14091.98 1772.897 
147 721 394 14060.086 1770.286 
196 668 446 14071.676 1769.557 
170 687 436 14059.133 1769.176 
141 723 406 14066.966 1770.11 
189 667 437 14064.194 1770.66 
186 671 448 14078.096 1772.634 
182 674 446 14074.083 1770.137 
145 718 412 14074.513 1772.531 
146 719 408 14070.1 1770.025 
180 684 436 14060.526 1767.96 
174 685 437 14066.133 1769.863 
183 683 438 14073.844 1770.464 
172 682 431 14090.085 1776.938 
184 675 442 14060.243 1769.648 
186 675 439 14065.063 1770.128 
145 718 412 14084.522 1772.11 
179 681 444 14059.423 1767.005 
184 684 431 14060.981 1770.959 
177 681 436 14065.137 1773.814 
178 683 440 14068.1 1772.574 
150 712 408 14054.655 1769.22 
146 713 411 14055.515 1770.561 
173 685 434 14078.096 1771.694 
192 671 427 14036.65 1767.291 
139 723 413 14079.281 1768.67 
142 720 414 14080.761 1769.895 
152 711 417 14082.334 1769.195 
153 707 416 14081.822 1770.93 
189 666 437 14053.802 1773.414 
190 668 435 14056.106 1771.268 
190 671 435 14069.645 1768.804 
145 714 415 14064.573 1769.456 
148 715 413 14063.239 1770.164 
178 681 436 14075.17 1772.21 
177 683 433 14076.163 1773.171 
179 685 428 14098.901 1772.417 
179 683 429 14095.841 1771.203 
194 659 447 14022.631 1764.204 
154 709 417 14074.645 1771.253 
153 711 419 14070.397 1769.604 
154 710 420 14073.541 1769.773 
183 680 427 14061.864 1770.613 
194 656 450 14024.03 1764.106 
188 670 445 14069.412 1768.524 
187 671 444 14070.579 1770.657 
182 686 435 14067.286 1772.602 
181 682 441 14063.997 1767.88 
180 683 442 14065.54 1768.481 
180 688 433 14065.976 1772.413 
180 687 435 14065.796 1771.691 
150 714 400 14065.348 1766.401 
151 714 402 14065.62 1765.862 
188 668 444 14072.557 1774.513 
187 669 444 14071.831 1774.019 
178 690 433 14069.418 1772.793 
179 689 433 14069.117 1772.75 
173 687 429 14092.155 1774.177 
174 686 429 14092.43 1774.246 
192 659 449 14026.407 1764.306 
193 658 449 14026.256 1764.315 
147 715 416 14045.833 1763.381 
147 715 415 14045.94 1763.389 
160 700 411 14048.119 1771.465 
150 713 394 14049.46 1767.882 
167 700 404 14076.882 1769.33 
173 699 427 14103.724 1773.167 
143 721 407 14075.948 1771.18 
188 675 435 14073.197 1772.278 
171 689 435 14083.001 1767.785 
177 682 437 14071.505 1772.786 
193 675 431 14054.616 1766.831 
179 682 437 14071.024 1772.619 
170 685 438 14044.84 1766.376 
174 695 432 14090.877 1771.761 
183 680 427 14081.109 1768.46 
169 700 421 14065.367 1766.026 
179 689 425 14112.498 1775.739 
187 679 438 14092.207 1776.209 
189 671 427 14052.714 1770.295 
154 713 420 14070.308 1767.816 
181 695 429 14091.757 1769.071 
191 660 449 14023.722 1766.208 
189 670 437 14058.485 1770.066 
182 681 431 14100.798 1776.392 
