284 1370 768 13928.64 1746.426 
294 1358 816 13979.279 1752.405 
272 1375 798 13937.792 1744.948 
349 1290 821 13913.431 1746.017 
274 1373 789 13956.797 1749.291 
318 1332 826 13931.421 1745.869 
315 1331 847 13944.073 1751.622 
313 1334 820 13951.765 1745.481 
286 1367 800 13954.041 1749.402 
351 1282 843 13928.932 1745.476 
348 1289 840 13933.402 1748.223 
293 1359 790 13947.998 1749.882 
297 1348 813 13965.706 1750.909 
301 1353 818 13961.704 1749.035 
301 1340 816 13946.408 1751.11 
290 1359 809 13962.224 1751.893 
305 1342 816 13957.412 1749.336 
332 1305 854 13933.92 1749.975 
336 1299 857 13942.062 1748.665 
281 1371 772 13948.403 1749.238 
344 1298 837 13938.964 1745.667 
333 1306 848 13950.89 1749.362 
342 1293 846 13921.095 1744.977 
306 1340 824 13953.171 1748.817 
304 1343 821 13951.034 1746.536 
313 1332 838 13948.452 1748.564 
313 1328 835 13948.528 1750.295 
332 1306 853 13947.809 1750.923 
336 1307 836 13952.107 1750.282 
326 1323 852 13947.462 1751.881 
336 1303 847 13945.323 1748.296 
333 1303 850 13945.059 1750.038 
313 1337 818 13937.803 1748.386 
315 1335 819 13939.504 1748.538 
337 1302 841 13949.664 1750.246 
335 1306 841 13948.304 1749.662 
336 1304 841 13951.565 1750.374 
295 1353 804 13957.937 1752.813 
295 1354 805 13959.027 1751.322 
334 1305 840 13951.661 1750.871 
323 1325 848 13949.74 1753.166 
326 1321 852 13957.327 1751.298 
327 1320 853 13957.99 1751.314 
331 1316 852 13961.087 1751.861 
330 1317 852 13961.97 1751.886 
285 1368 777 13945.994 1745.999 
284 1369 777 13945.461 1745.933 
281 1366 802 13930.589 1746.281 
282 1365 802 13930.308 1746.242 
310 1338 833 13951.421 1752.125 
310 1338 834 13951.398 1752.123 
316 1333 829 13945.331 1751.375 
328 1325 849 13957.185 1753.04 
341 1294 845 13919.688 1744.904 
335 1302 851 13942.452 1745.88 
340 1303 838 13947.074 1747.488 
317 1329 842 13939.861 1751.625 
331 1315 835 13962.349 1752.751 
289 1364 814 13973.257 1751.825 
337 1306 836 13951.524 1750.308 
338 1302 846 13942.57 1748.512 
343 1301 844 13961.348 1753.879 
334 1300 852 13936.79 1749.457 
286 1365 790 13954.988 1749.979 
319 1330 835 13951.765 1749.997 
326 1326 839 13952.74 1750.53 
338 1297 856 13934.818 1745.779 
278 1371 798 13948.667 1749.869 
305 1352 811 13956.536 1747.902 
299 1349 810 13955.22 1750.267 
297 1358 798 13969.272 1750.102 
296 1355 809 13954.968 1748.054 
333 1311 841 13957.112 1751.245 
302 1345 821 13947.973 1748.312 
348 1289 850 13933.264 1745.926 
342 1292 865 13948.812 1751.7 
333 1311 847 13945.432 1752.204 
337 1298 853 13931.795 1746.613 
336 1302 848 13947.137 1750.485 
