1131 4962 2882 13617.692 1708.824 
1103 5038 2879 13649.742 1710.475 
966 5213 2783 13631.03 1709.958 
1078 5119 2863 13670.049 1714.239 
1118 5004 2882 13644.868 1710.171 
1093 5059 2855 13641.25 1709.94 
1124 5004 2861 13635.286 1710.867 
1090 5028 2918 13648.483 1710.49 
968 5200 2767 13624.466 1708.764 
1096 5024 2868 13637.859 1711.278 
991 5176 2753 13621.809 1708.891 
1070 5137 2874 13670.481 1713.055 
1092 5036 2904 13642.327 1709.223 
1067 5149 2894 13681.354 1714.941 
1050 5166 2870 13679.983 1714.444 
1065 5033 2935 13639.152 1708.668 
994 5185 2750 13630.062 1707.492 
995 5193 2743 13630.65 1708.709 
1101 5048 2835 13640.942 1709.503 
1056 5162 2877 13684.557 1715.358 
1104 5043 2853 13640.673 1708.41 
990 5206 2766 13639.04 1709.001 
985 5215 2765 13637.963 1709.424 
1093 5024 2881 13639.822 1709.263 
1092 5045 2839 13641.035 1711.835 
1095 5044 2848 13641.488 1709.968 
1063 5144 2903 13683.894 1715.348 
990 5213 2738 13633.078 1708.661 
993 5206 2742 13634.056 1709.533 
1079 5027 2926 13641.632 1709.498 
967 5221 2766 13636.67 1710.18 
974 5220 2765 13636.764 1709.604 
1100 5034 2839 13636.125 1710.868 
1105 5010 2888 13636.232 1706.89 
970 5189 2796 13624.496 1708.457 
969 5193 2796 13626.28 1708.664 
972 5185 2769 13622.091 1707.987 
1095 5013 2890 13625.527 1706.73 
1096 5011 2889 13624.925 1706.621 
1072 5030 2928 13642.122 1708.995 
1073 5029 2930 13642.455 1709.018 
1106 5031 2839 13632.121 1710.423 
1105 5032 2838 13631.695 1710.344 
1069 5139 2862 13671.623 1712.975 
994 5203 2734 13631.298 1708.88 
995 5202 2735 13631.272 1708.874 
1108 5006 2900 13638.604 1707.679 
1060 5137 2904 13678.019 1714.316 
1060 5137 2905 13678.299 1714.299 
1111 5010 2841 13631.704 1709.01 
1111 5010 2842 13631.966 1708.953 
982 5181 2771 13622.677 1708.459 
982 5180 2771 13622.46 1708.502 
1085 5051 2943 13644.286 1708.46 
1043 5166 2847 13676.33 1714.558 
1092 5088 2876 13659.311 1710.567 
954 5236 2750 13630.296 1709.286 
1090 5105 2913 13682.387 1714.134 
969 5229 2751 13634.581 1709.908 
970 5227 2751 13634.453 1709.903 
990 5169 2772 13625.44 1710.261 
1116 5005 2906 13642.672 1713.234 
1082 5115 2905 13681.237 1714.336 
1068 5153 2888 13688.192 1715.071 
1083 5025 2935 13644.745 1709.118 
1078 5062 2923 13643.886 1708.652 
1076 5126 2921 13687.768 1715.323 
1007 5175 2785 13635.063 1710.026 
1064 5136 2890 13678.229 1715.005 
1097 5010 2899 13636.393 1709.116 
976 5194 2767 13623.652 1708.418 
1000 5183 2757 13629.724 1707.911 
986 5193 2766 13630.881 1710.1 
1094 5011 2889 13626.929 1708.324 
1108 5023 2884 13638.148 1709.752 
1095 5025 2867 13637.762 1711.263 
984 5216 2765 13638.063 1709.439 
1092 5054 2875 13650.231 1710.634 
1123 5005 2860 13635.923 1710.921 
1116 5005 2907 13642.669 1713.233 
