205 611 437 13912.16 1743.454 
162 679 443 14063.799 1773.582 
141 702 421 14028.859 1764.811 
174 689 442 14175.204 1780.235 
163 698 409 14134.413 1778.717 
155 711 383 14069.895 1765.197 
154 706 415 14051.609 1758.127 
193 642 416 14006.025 1768.29 
179 687 432 14156.116 1778.156 
186 682 437 14100.342 1767.478 
196 652 433 14022.269 1765.339 
203 625 434 13972.524 1751.236 
187 679 432 14077.127 1764.352 
166 694 416 14105.497 1773.992 
185 660 406 14047.351 1773.579 
165 700 396 14077.066 1764.87 
154 709 393 14102.678 1771.52 
150 709 401 14069.179 1765.563 
191 657 446 14052.423 1761.576 
186 667 453 14085.109 1765.702 
191 671 444 14121.506 1770.425 
157 697 422 14113.666 1771.357 
175 685 434 14113.144 1777.843 
172 693 435 14137.129 1779.138 
189 669 425 14054.766 1771.913 
202 634 437 13983.321 1753.926 
188 667 447 14074.116 1764.483 
192 666 437 14074.728 1767.647 
200 631 433 13993.522 1754.883 
183 676 445 14113.388 1771.082 
195 658 427 14034.548 1763.784 
192 666 441 14101.353 1766.622 
147 709 408 14078.572 1771.44 
193 661 440 14062.592 1766.11 
192 658 433 14068.292 1769.483 
152 705 411 14100.89 1775.258 
151 704 413 14091.127 1776.021 
185 684 442 14123.834 1767.852 
182 685 440 14115.552 1770.88 
197 663 411 14089.808 1773.244 
190 657 416 14055.047 1772.35 
180 670 428 14099.338 1771.611 
147 701 421 14089.658 1773.674 
150 698 415 14088.802 1769.008 
193 671 403 14100.704 1773.388 
193 667 406 14094.152 1770.515 
196 653 432 14041.869 1765.694 
158 703 414 14116.315 1778.299 
155 707 410 14111.375 1777.364 
148 710 417 14080.892 1767.159 
155 703 419 14072.429 1767.166 
149 707 417 14073.906 1766.109 
150 708 398 14083.39 1771.884 
147 711 398 14082.302 1765.76 
163 704 394 14094.237 1769.451 
185 672 427 14066.544 1768.184 
197 642 412 14022.413 1763.565 
197 648 414 14021.441 1765.422 
199 638 430 14001.578 1761.108 
201 640 430 13996.235 1760.763 
197 640 432 14040.707 1763.974 
198 639 433 14046.073 1764.681 
190 667 433 14062.902 1771.72 
188 670 431 14065.56 1772.364 
196 653 421 14056.982 1765.195 
194 655 420 14054.64 1765.707 
196 648 440 14044.642 1765.316 
195 651 440 14043.569 1766.625 
151 710 416 14091.275 1761.403 
150 711 415 14088.185 1761.198 
163 700 410 14076.513 1761.417 
163 701 409 14079.351 1761.058 
183 670 426 14078.153 1774.093 
184 668 426 14076.457 1773.625 
139 716 407 14045.068 1759.355 
144 719 400 14087.184 1764.863 
163 701 406 14087.315 1772.167 
162 703 406 14086.838 1771.845 
149 717 379 14089.159 1767.321 
144 719 399 14084.687 1765.116 
143 720 399 14085.406 1764.769 
200 630 424 13997.309 1750.9 
201 629 424 13996.629 1750.857 
141 714 408 14046.53 1759.709 
140 715 408 14047.098 1759.832 
188 667 433 14101.328 1771.815 
187 668 433 14100.77 1771.743 
159 701 391 14090.55 1771.183 
159 701 392 14090.154 1771.113 
150 716 380 14090.694 1767.601 
150 716 379 14090.886 1767.637 
189 678 424 14118.051 1771.022 
162 702 424 14080.745 1763.018 
197 640 439 14003.963 1754.003 
196 660 441 14082.479 1763.514 
177 696 438 14145.099 1773.639 
