189 660 462 13981.11 1755.063 
175 657 476 14001.311 1758.413 
171 696 437 14059.067 1764.865 
199 652 446 14022.786 1757.288 
153 708 443 14074.847 1765.095 
191 662 449 14011.422 1764.601 
138 718 428 14042.541 1766.202 
206 637 456 13993.135 1759.525 
169 683 480 14098.839 1772.625 
160 707 423 14096.098 1768.693 
156 710 437 14101.118 1768.531 
179 666 475 14028.052 1756.239 
208 628 460 13980.999 1756.133 
185 686 443 14113.668 1768.204 
179 694 451 14109.453 1773.475 
203 650 444 14044.094 1762.915 
159 699 478 14097.055 1769.479 
174 669 487 14057.57 1759.444 
173 679 479 14056.751 1765.267 
191 664 435 14052.475 1766.621 
131 721 415 14001.871 1756.058 
171 671 480 14039.416 1763.147 
178 674 469 14039.58 1760.671 
152 711 461 14111.83 1769.19 
154 707 470 14103.238 1766.262 
175 687 454 14086.592 1762.202 
139 708 428 14055.219 1771.181 
194 660 456 14026.199 1767.314 
177 680 471 14101.011 1762.984 
190 663 459 14088.875 1763.082 
143 709 434 14066.268 1771.082 
183 674 448 14091.763 1769.074 
173 676 466 14069.499 1764.141 
193 663 457 14060.208 1764.405 
187 684 452 14083.514 1766.951 
141 719 421 14068.098 1766.127 
150 712 425 14068.513 1766.999 
189 670 435 14065.303 1769.484 
198 655 470 14057.411 1771.093 
197 653 471 14046.505 1767.318 
132 724 402 14016.97 1762.007 
130 720 403 14006.259 1761.029 
185 675 434 14095.259 1770.391 
187 679 436 14084.783 1769.806 
183 670 473 14067.094 1761.5 
182 663 474 14058.221 1763.202 
200 649 452 14069.228 1768.1 
202 648 453 14058.104 1767.384 
175 679 456 14070.07 1770.605 
191 672 451 14066.714 1762.833 
181 676 453 14102.891 1767.92 
192 666 437 14063.452 1758.827 
193 663 445 14063.334 1765.037 
187 665 445 14037.116 1768.5 
191 663 459 14041.09 1764.45 
190 658 460 13999.143 1755.999 
186 664 465 14004.132 1753.562 
181 681 442 14073.815 1770.591 
196 664 447 14046.458 1762.923 
194 662 450 14037.071 1763.393 
204 635 462 14010.503 1761.004 
165 690 457 14083.056 1769.242 
168 694 458 14074.965 1765.701 
172 680 473 14073.224 1755.289 
180 682 465 14086.449 1768.027 
172 678 465 14089.471 1764.672 
199 648 467 14022.45 1763.992 
202 641 467 14016.116 1763.913 
180 686 454 14099.705 1765.254 
179 682 461 14101.51 1770.532 
188 672 441 14076.482 1768.336 
184 671 448 14071.112 1769.018 
169 690 463 14065.536 1765.044 
186 663 470 14039.585 1761.224 
187 661 471 14048.557 1762.767 
180 683 443 14061.648 1768.226 
183 680 449 14066.565 1770.449 
170 681 475 14076.742 1767.876 
183 669 461 14047.273 1765.777 
181 668 464 14055.306 1765.15 
172 685 458 14060.952 1761.209 
199 643 463 14044.892 1764.332 
178 684 455 14061.161 1766.796 
165 689 475 14088.566 1762.669 
168 685 472 14083.867 1764.612 
172 676 482 14070.462 1762.532 
173 679 480 14076.815 1761.44 
164 697 466 14127.475 1770.079 
161 697 469 14126.321 1768.753 
201 647 456 14038.909 1767.153 
202 646 457 14041.783 1767.68 
189 675 459 14087.521 1766.983 
189 676 460 14088.878 1766.941 
182 677 454 14060.529 1762.144 
181 678 453 14060.389 1762.111 
166 704 453 14111.138 1776.418 
203 639 452 13976.362 1757.056 
163 695 480 14109.759 1766.733 
