899 3753 2203 13701.15 1714.499 
731 3938 2051 13676.407 1711.847 
878 3826 2247 13744.695 1719.52 
880 3781 2239 13713.747 1716.137 
836 3880 2166 13740.602 1718.81 
745 3927 2109 13694.684 1714.996 
848 3846 2230 13734.85 1718.92 
837 3885 2219 13734.715 1719.67 
805 3923 2176 13736.395 1718.527 
844 3879 2181 13750.951 1721.323 
876 3828 2184 13735.362 1718.675 
875 3827 2215 13744.715 1720.291 
871 3830 2201 13719.416 1717.609 
811 3905 2191 13736.936 1717.386 
728 3949 2076 13683.029 1712.565 
815 3895 2200 13736.292 1719.614 
866 3837 2219 13738.942 1719.49 
735 3932 2095 13688.999 1714.132 
874 3841 2207 13725.557 1716.91 
883 3800 2237 13720.649 1715.717 
861 3862 2198 13745.19 1719.681 
847 3863 2213 13719.974 1717.023 
880 3826 2207 13731.31 1718.194 
835 3890 2187 13748.049 1719.872 
846 3870 2186 13722.651 1718.567 
865 3850 2186 13736.272 1717.392 
899 3760 2229 13713.332 1714.407 
893 3764 2238 13711.286 1716.384 
876 3847 2195 13726.575 1716.743 
836 3878 2199 13734.797 1720.271 
798 3910 2202 13732.907 1717.577 
811 3907 2167 13729.825 1718.115 
889 3807 2220 13736.752 1719.705 
832 3898 2187 13735.376 1718.613 
832 3894 2189 13725.221 1716.657 
826 3899 2196 13744.807 1720.144 
798 3902 2193 13726.293 1718.01 
801 3899 2200 13732.809 1718.338 
848 3854 2216 13742.836 1719.722 
853 3858 2208 13741.296 1718.557 
879 3809 2228 13725.796 1718.255 
836 3868 2211 13735.905 1720.481 
727 3942 2088 13684.757 1713.416 
729 3935 2091 13678.948 1711.744 
865 3840 2241 13735.806 1719.927 
868 3839 2232 13733.565 1718.468 
865 3843 2197 13721.807 1715.656 
875 3832 2199 13736.613 1718.991 
879 3836 2197 13729.091 1717.153 
839 3883 2189 13739.245 1718.732 
856 3840 2201 13739.769 1719.78 
861 3845 2218 13729.528 1716.079 
898 3801 2236 13730.08 1717.935 
869 3828 2223 13731.102 1718.848 
853 3873 2195 13737.917 1717.196 
830 3886 2190 13737.119 1718.892 
846 3877 2208 13740.557 1718.5 
849 3869 2201 13742.156 1718.607 
853 3865 2193 13727.236 1718.505 
853 3868 2187 13732.822 1718.472 
862 3869 2175 13737.547 1716.462 
862 3866 2182 13733.502 1716.82 
848 3862 2202 13732.689 1718.549 
882 3832 2219 13729.238 1716.913 
876 3827 2220 13726.187 1717.4 
862 3842 2209 13731.491 1716.657 
886 3819 2224 13737.733 1720.352 
860 3843 2205 13718.878 1716.208 
857 3864 2187 13741.422 1719.517 
851 3869 2188 13741.644 1717.111 
831 3890 2199 13741.993 1718.276 
857 3860 2208 13724.222 1718.515 
802 3907 2176 13732.832 1719.454 
800 3904 2181 13727.983 1717.995 
863 3853 2177 13729.442 1716.355 
824 3886 2204 13735.604 1716.778 
836 3889 2195 13733.864 1717.867 
829 3886 2204 13721.765 1716.243 
850 3856 2197 13727.075 1719.877 
851 3858 2204 13726.306 1720.396 
736 3929 2082 13685.067 1712.607 
845 3867 2214 13738.681 1720.925 
849 3869 2209 13738.386 1718.547 
834 3889 2202 13733.925 1720.517 
859 3848 2208 13724.627 1717.01 
855 3849 2203 13725.842 1718.328 
733 3935 2078 13688.244 1714.825 
733 3934 2079 13681.945 1713.02 
886 3807 2230 13732.386 1719.476 
890 3805 2233 13728.547 1718.726 
880 3822 2232 13731.087 1717.849 
882 3824 2227 13733.386 1719.562 
861 3842 2201 13730.03 1718.87 
858 3846 2203 13732.893 1717.787 
866 3845 2177 13726.841 1716.211 
866 3847 2173 13730.808 1716.413 
829 3886 2203 13728.858 1718.418 
828 3891 2200 13734.636 1718.452 
828 3887 2200 13732.478 1720.945 
815 3905 2178 13732.324 1718.293 
