152 708 414 14056.591 1767.079 
180 655 441 13995.626 1767.351 
204 653 436 14065.536 1773.711 
175 684 449 14104.876 1777.316 
178 679 427 14048.356 1765.769 
205 644 421 14009.734 1765.219 
192 650 437 14008.482 1767.436 
157 702 403 14074.266 1782.073 
183 685 421 14112.39 1786.188 
176 688 408 14067.68 1773.394 
171 687 419 14069.36 1779.935 
188 677 423 14103.134 1782.297 
170 693 436 14098.848 1777.359 
169 691 429 14110.222 1771.433 
196 654 425 14014.764 1768.7 
191 661 421 14021.56 1764.91 
196 655 418 14031.545 1767.247 
190 664 419 14035.18 1770.732 
176 678 436 14063.663 1770.263 
172 696 419 14117.171 1778.691 
169 691 420 14110.232 1785.649 
178 682 424 14073.397 1768.437 
157 710 406 14098.622 1776.49 
162 708 393 14081.404 1780.594 
171 692 420 14085.617 1771.781 
179 680 423 14093.816 1769.495 
161 700 429 14093.623 1777.049 
157 703 421 14097.681 1778.051 
200 649 429 14047.797 1774.189 
175 670 440 14078.614 1781.826 
186 672 425 14092.338 1769.749 
184 669 435 14054.246 1773.319 
164 701 411 14086.471 1779.9 
167 697 403 14084.451 1779.864 
171 692 402 14095.868 1781.054 
186 679 422 14087.118 1773.137 
189 668 417 14058.213 1772.057 
158 706 399 14093.882 1782.71 
189 657 436 14020.812 1768.171 
180 686 417 14099.872 1781.777 
173 687 412 14099.437 1784.177 
168 693 406 14109.787 1783.123 
166 696 405 14101.676 1783.83 
175 681 437 14091.125 1779.478 
175 684 436 14124.167 1774.897 
175 689 430 14120.198 1774.842 
181 662 430 14038.049 1776.639 
195 660 426 14045.776 1773.417 
192 660 430 14055.514 1773.497 
173 688 404 14078.998 1784.813 
156 710 411 14112.597 1777.34 
171 690 412 14089.724 1779.625 
171 686 429 14091.505 1778.693 
187 664 435 14028.153 1766.025 
190 659 438 14029.446 1768.162 
182 669 437 14032.984 1768.124 
185 664 435 14034.476 1771.036 
194 660 432 14031.12 1770.081 
163 701 414 14106.64 1781.701 
176 676 439 14072.428 1776.827 
187 668 434 14063.892 1769.977 
187 664 430 14060.499 1771.009 
193 654 431 14043.187 1771.84 
172 674 439 14047.788 1777.97 
171 676 440 14053.817 1778.62 
179 676 431 14090.555 1778.506 
181 676 439 14076.826 1775.781 
185 669 426 14054.914 1776.827 
187 668 425 14053.988 1771.317 
163 707 411 14109.457 1780.157 
189 665 432 14043.172 1769.757 
187 662 430 14041.023 1771.031 
159 701 428 14109.386 1777.178 
160 700 427 14104.959 1776.825 
190 656 431 14034.939 1769.479 
189 657 432 14039.165 1770.362 
183 676 434 14079.793 1775.28 
166 703 409 14106.433 1778.765 
165 707 409 14105.758 1778.679 
149 715 412 14109.134 1775.777 
150 714 413 14112.78 1775.758 
164 706 395 14103.493 1779.522 
165 704 396 14100.301 1779.498 
155 702 418 14071.659 1778.848 
158 702 417 14073.139 1778.032 
170 692 410 14080.895 1783.763 
171 691 411 14083.967 1784.036 
170 690 423 14096.159 1777.903 
171 689 424 14094.675 1775.447 
156 712 401 14084.239 1780.49 
157 711 402 14086.954 1781.136 
186 677 432 14082.058 1774.263 
185 678 431 14079.926 1773.975 
182 679 426 14088.096 1780.729 
183 678 427 14090.047 1780.82 
169 698 428 14142.249 1779.586 
168 699 427 14140.834 1779.235 
180 683 422 14079.333 1777.589 
181 682 423 14079.851 1777.651 
161 686 437 14055.823 1769.356 
