772 3878 2130 13664.701 1714.088 
877 3732 2123 13634.332 1707.194 
838 3815 2119 13655.568 1709.745 
827 3813 2090 13649.687 1711.742 
821 3820 2104 13655.477 1711.335 
780 3843 2142 13656.324 1709.655 
845 3799 2105 13639.636 1708.644 
778 3851 2100 13658.285 1711.345 
840 3796 2120 13644.943 1709.568 
803 3824 2130 13642.067 1707.837 
854 3787 2131 13644.751 1708.349 
800 3838 2108 13655.282 1711.603 
788 3828 2141 13651.817 1709.042 
826 3780 2160 13641.025 1710.619 
876 3756 2160 13651.619 1708.939 
865 3783 2153 13666.427 1712.981 
817 3800 2147 13644.775 1708.06 
783 3835 2130 13637.56 1707.977 
823 3801 2135 13655.54 1710.249 
802 3847 2117 13646.419 1711.29 
892 3692 2140 13624.663 1704.87 
884 3701 2120 13623.811 1706.32 
717 3899 2012 13618.211 1704.588 
723 3897 2018 13622.737 1704.964 
840 3784 2153 13656.221 1711.637 
863 3777 2171 13660.228 1710.853 
880 3724 2144 13635.99 1707.216 
873 3762 2166 13657.898 1709.968 
781 3836 2123 13653.688 1709.984 
815 3808 2148 13638.965 1706.973 
872 3771 2165 13660.372 1709.848 
839 3796 2133 13664.626 1711.433 
784 3849 2114 13662.754 1711.81 
785 3856 2116 13658.825 1710.349 
804 3831 2097 13636.114 1706.806 
864 3778 2162 13663.277 1711.758 
788 3839 2113 13652.509 1709.957 
794 3844 2114 13650.231 1709.167 
823 3811 2136 13656.253 1709.933 
806 3824 2106 13637.984 1706.915 
808 3827 2101 13639.31 1710.362 
781 3861 2103 13647.879 1709.207 
733 3892 2027 13631.534 1706.294 
839 3790 2139 13655.72 1709.355 
744 3887 2028 13635.701 1705.791 
738 3887 2030 13636.392 1705.706 
882 3701 2130 13614.503 1704.728 
881 3701 2124 13615.448 1704.793 
815 3790 2148 13638.332 1708.041 
811 3794 2149 13636.513 1708.114 
829 3821 2134 13660.224 1710.837 
825 3817 2134 13659.279 1711.472 
792 3828 2130 13650.699 1709.411 
790 3833 2128 13651.199 1709.34 
838 3796 2138 13658.016 1709.469 
784 3862 2110 13641.996 1709.445 
780 3864 2107 13643.223 1709.343 
871 3775 2155 13659.14 1709.617 
826 3794 2143 13648.631 1710.818 
829 3793 2142 13651.768 1709.288 
733 3894 2019 13628.891 1705.316 
731 3896 2022 13630.047 1705.832 
837 3798 2137 13650.102 1708.874 
835 3797 2138 13653.481 1708.151 
835 3780 2155 13645.258 1709.769 
838 3781 2154 13647.461 1709.9 
845 3793 2129 13655.154 1710.749 
869 3771 2157 13661.693 1711.95 
868 3774 2156 13662.41 1712.004 
810 3809 2140 13639.068 1707.664 
811 3807 2140 13638.795 1707.626 
848 3791 2133 13654.497 1711.05 
847 3792 2132 13654.603 1711.065 
891 3692 2130 13621.124 1705.236 
890 3693 2131 13621.14 1705.236 
785 3827 2124 13650.544 1710.199 
785 3828 2123 13651.312 1710.361 
836 3787 2141 13644.08 1709.298 
836 3788 2140 13644.343 1709.397 
854 3766 2182 13652.594 1710.278 
853 3767 2182 13652.84 1710.396 
855 3771 2173 13653.672 1709.413 
856 3770 2173 13653.53 1709.4 
877 3723 2150 13628.843 1707.259 
877 3723 2149 13628.632 1707.3 
894 3704 2160 13626.658 1704.428 
894 3704 2159 13626.725 1704.44 
774 3864 2112 13652.566 1711.266 
774 3864 2111 13652.595 1711.27 
759 3881 2080 13647.408 1708.299 
760 3881 2080 13647.387 1708.295 
760 3879 2098 13653.232 1710.324 
798 3802 2138 13633.971 1709.107 
833 3779 2168 13646.168 1709.244 
789 3858 2120 13648.586 1711.05 
784 3841 2122 13638.675 1707.977 
