909 4593 2507 13698.442 1716.138 
975 4504 2509 13679.986 1714.684 
919 4614 2504 13718.035 1718.727 
933 4594 2505 13707.684 1717.754 
923 4601 2492 13712.612 1717.556 
962 4523 2503 13685.983 1713.66 
952 4516 2505 13672.66 1714.335 
979 4476 2497 13667.645 1711.495 
921 4567 2507 13684.79 1715.395 
940 4525 2503 13666.156 1714.282 
965 4495 2523 13676.074 1711.532 
934 4571 2482 13691.447 1713.656 
949 4497 2521 13672.519 1711.284 
956 4508 2522 13672.177 1713.539 
979 4468 2509 13655.045 1711.929 
943 4544 2474 13677.677 1713.216 
982 4459 2501 13648.804 1711.089 
982 4445 2513 13657.783 1711.71 
939 4534 2527 13675.527 1713.456 
926 4553 2507 13685.576 1714.605 
934 4525 2543 13674.898 1711.978 
981 4457 2515 13656.016 1711.601 
977 4450 2517 13649.767 1709.894 
923 4539 2514 13670.862 1713.677 
942 4531 2516 13668.299 1713.81 
976 4464 2495 13655.452 1711.873 
974 4471 2523 13664.57 1711.184 
970 4471 2517 13660.683 1712.955 
943 4538 2485 13679.265 1712.239 
986 4459 2487 13656.036 1711.064 
934 4563 2498 13684.756 1714.405 
980 4470 2483 13657.412 1711.66 
942 4521 2518 13674.828 1711.462 
931 4545 2521 13676.596 1713.168 
937 4560 2498 13694.303 1714.822 
938 4564 2500 13690.86 1713.87 
934 4544 2515 13669.447 1713.999 
980 4462 2489 13659.65 1710.843 
919 4548 2515 13667.657 1713.569 
930 4542 2527 13670.736 1713.471 
932 4545 2526 13672.296 1713.472 
940 4526 2523 13666.135 1712.879 
941 4528 2524 13666.46 1712.024 
986 4444 2501 13652.79 1710.913 
986 4446 2500 13653.533 1711.077 
942 4539 2516 13672.995 1713.146 
942 4540 2513 13673.321 1713.233 
943 4539 2514 13673.639 1713.264 
937 4558 2485 13689.987 1715.302 
938 4557 2486 13690.182 1715.336 
982 4467 2489 13657.977 1711.754 
983 4466 2490 13658.158 1711.754 
930 4550 2516 13669.918 1712.089 
923 4536 2526 13673.45 1712.069 
924 4535 2527 13673.416 1712.063 
919 4551 2513 13671.8 1712.515 
920 4550 2514 13671.823 1712.519 
931 4548 2516 13669.273 1712.098 
931 4549 2517 13669.765 1712.083 
974 4459 2532 13667.166 1711.716 
935 4521 2534 13671.168 1711.166 
950 4529 2493 13674.992 1712.136 
949 4530 2493 13675.028 1712.143 
939 4551 2509 13680.389 1713.434 
938 4552 2509 13680.388 1713.434 
936 4520 2533 13670.893 1711.29 
936 4520 2534 13670.87 1711.285 
936 4523 2515 13675.708 1710.897 
936 4523 2516 13675.69 1710.896 
975 4458 2533 13667.575 1711.809 
975 4458 2532 13667.588 1711.811 
952 4522 2530 13669.966 1714.05 
952 4522 2529 13669.976 1714.05 
954 4504 2479 13668.84 1715.1 
967 4476 2552 13677.61 1712.385 
907 4562 2517 13669.375 1713.447 
914 4574 2511 13695.504 1715.827 
956 4492 2534 13675.446 1712.157 
940 4507 2524 13670.523 1711.486 
953 4510 2515 13660.736 1713.084 
939 4541 2481 13690.064 1715.208 
968 4468 2535 13661.407 1710.506 
915 4552 2506 13688.396 1715.588 
979 4479 2480 13658.517 1711.971 
988 4450 2492 13653.443 1710.911 
945 4531 2482 13678.047 1712.423 
942 4562 2489 13688.751 1713.947 
