626 2543 1510 13765.102 1725.743 
582 2660 1489 13823.786 1731.636 
582 2626 1532 13817.377 1728.732 
564 2668 1488 13824.122 1732.682 
559 2650 1520 13827.589 1734.272 
594 2617 1532 13829.715 1733.618 
572 2645 1521 13827.704 1732.673 
601 2645 1507 13831.717 1731.912 
517 2683 1451 13784.886 1724.871 
516 2678 1457 13778.057 1723.175 
587 2646 1503 13821.515 1732.477 
605 2605 1531 13823.899 1733.195 
612 2619 1529 13824.383 1729.481 
606 2636 1511 13830.768 1732.246 
616 2612 1520 13825.281 1732.529 
617 2626 1517 13825.966 1731.176 
604 2612 1537 13837.784 1734.507 
607 2629 1521 13837.644 1733.448 
586 2639 1528 13832.463 1733.752 
601 2618 1529 13821.04 1732.229 
603 2618 1538 13821.311 1731.737 
588 2648 1501 13835.145 1732.813 
589 2653 1507 13833.371 1731.888 
592 2648 1512 13830.235 1732.119 
605 2625 1528 13821.187 1731.261 
606 2635 1520 13828.192 1731.548 
604 2633 1521 13823.853 1731.056 
590 2647 1517 13825.964 1731.14 
596 2635 1522 13823.468 1731.471 
598 2632 1514 13833.738 1731.67 
602 2629 1527 13830.865 1732.484 
594 2640 1522 13826.071 1731.079 
600 2627 1530 13822.875 1731.832 
594 2643 1518 13828.909 1731.293 
519 2679 1442 13779.04 1724.161 
607 2613 1535 13818.738 1730.008 
607 2613 1536 13818.635 1729.991 
520 2678 1443 13778.911 1724.142 
520 2678 1442 13778.952 1724.147 
595 2643 1512 13819.425 1729.6 
599 2615 1544 13835.98 1734.731 
599 2615 1543 13835.996 1734.732 
623 2610 1544 13833.982 1732.545 
550 2665 1500 13816.466 1730.936 
553 2654 1526 13820.814 1732.122 
576 2643 1538 13832.333 1732.706 
569 2660 1499 13825.862 1732.345 
597 2626 1530 13817.129 1731.967 
593 2644 1517 13828.79 1731.282 
600 2638 1523 13827.486 1731.264 
520 2679 1441 13779.543 1724.249 
521 2677 1443 13779.198 1724.288 
572 2662 1496 13820.944 1730.732 
595 2643 1511 13820.194 1729.721 
520 2678 1444 13777.972 1724.075 
610 2632 1527 13831.773 1732.453 
593 2644 1506 13832.874 1732.982 
536 2675 1474 13802.027 1728.548 
602 2644 1507 13832.008 1731.964 
578 2641 1528 13831.643 1732.599 
605 2622 1527 13827.043 1733.625 
583 2632 1530 13827.742 1731.409 
602 2633 1505 13831.96 1732.97 
600 2640 1521 13832.285 1732.397 
603 2628 1528 13830.906 1732.488 
586 2658 1516 13834.124 1734.236 
602 2641 1518 13830.83 1731.936 
600 2632 1507 13835.418 1732.536 
599 2631 1527 13830.06 1732.554 
592 2644 1519 13823.16 1730.821 
610 2633 1520 13826.509 1731.107 
615 2631 1526 13836.114 1733.559 
601 2635 1510 13829.716 1732.693 
