892 3583 2104 13553.843 1699.705 
813 3713 2028 13581.342 1704.434 
795 3721 2074 13597.303 1704.374 
750 3781 2008 13577.224 1701.147 
835 3673 2044 13572.483 1698.889 
771 3755 2028 13570.939 1700.455 
751 3780 2051 13569.482 1702.971 
823 3693 2050 13561.965 1702.505 
768 3766 2018 13571.442 1701.014 
803 3697 2087 13558.415 1700.059 
747 3776 2055 13558.363 1697.137 
696 3816 1914 13569.226 1698.001 
764 3773 2038 13583.274 1701.613 
808 3700 2062 13573.687 1700.77 
824 3684 2062 13566.828 1700.616 
798 3727 2090 13569.883 1701.819 
799 3720 2093 13566.177 1701.079 
812 3690 2074 13578.023 1699.957 
751 3766 2056 13564.273 1697.171 
843 3673 2014 13559.435 1699.762 
842 3675 2015 13560.168 1699.912 
815 3690 2093 13558.301 1700.003 
814 3692 2093 13559.144 1700.113 
744 3777 2066 13579.587 1701.69 
765 3770 2029 13577.756 1698.568 
829 3696 2045 13573.571 1700.299 
828 3697 2045 13573.664 1700.321 
757 3771 2039 13573.031 1699.976 
758 3771 2039 13572.99 1699.971 
882 3662 2106 13593.721 1705.359 
887 3586 2048 13529.249 1696.759 
788 3758 2048 13579.138 1699.684 
801 3751 2053 13595.879 1705.446 
840 3667 2047 13557.86 1701.397 
832 3685 2073 13565.773 1701.5 
813 3706 2057 13568.969 1699.01 
819 3682 2054 13568.837 1700.946 
754 3762 2052 13565.054 1696.938 
813 3700 2036 13563.512 1700.339 
743 3778 2065 13580.281 1701.806 
802 3704 2085 13581.25 1702.323 
804 3693 2071 13570.889 1698.543 
818 3689 2076 13582.672 1702.194 
806 3733 2064 13598.99 1706.061 
814 3684 2065 13580.429 1704.449 
748 3778 2038 13573.384 1700.21 
789 3757 2049 13579.668 1699.782 
813 3693 2069 13577.493 1701.776 
766 3769 2031 13578.508 1698.668 
811 3710 2055 13569.271 1700.718 
820 3700 2023 13550.406 1698.847 
687 3826 1920 13577.452 1700.352 
781 3737 2085 13570.21 1701.386 
762 3792 2026 13582.98 1700.052 
805 3734 2063 13598.347 1705.909 
830 3683 2068 13574.457 1699.997 
779 3761 2005 13571.268 1700.103 
799 3711 2078 13583.516 1702.973 
757 3812 2006 13591.7 1702.085 
844 3673 2013 13559.54 1699.816 
793 3736 2099 13571.259 1702.003 
828 3687 2057 13556.09 1700.231 
810 3739 2061 13597.158 1705.563 
770 3750 2070 13567.902 1698.578 
