1147 5035 2868 13672.002 1710.373 
1151 5030 2900 13681.92 1711.496 
1155 5029 2890 13680.571 1711.555 
1119 5068 2867 13679.343 1712.081 
1116 5066 2860 13677.148 1712.198 
1034 5139 2726 13647.81 1710.903 
1140 5031 2858 13669.684 1711.827 
1141 5042 2855 13670.672 1710.998 
1143 5036 2856 13672.026 1711.708 
1022 5170 2699 13645.955 1710.262 
1110 5070 2856 13671.898 1709.934 
1138 5042 2886 13672.471 1710.25 
1145 5035 2890 13678.848 1711.301 
1144 5036 2889 13678.873 1711.301 
1018 5172 2704 13645.263 1709.696 
1025 5164 2721 13647.253 1711.024 
1094 5079 2852 13666.464 1709.374 
1020 5171 2690 13643.999 1710.453 
1121 5050 2851 13670.406 1712.779 
1106 5074 2855 13672.899 1710.03 
1018 5172 2703 13645.28 1709.751 
1110 5069 2856 13671.581 1709.935 
1047 5141 2733 13644.91 1710.549 
1017 5173 2703 13645.254 1709.695 
1014 5166 2713 13643.86 1710.181 
1101 5076 2858 13669.506 1710.703 
1155 5025 2891 13678.041 1710.906 
1044 5143 2731 13644.402 1710.324 
1162 5034 2886 13683.677 1711.261 
1118 5063 2864 13677.9 1712.374 
1036 5150 2717 13642.424 1710.247 
1020 5167 2711 13647.356 1710.684 
1138 5056 2885 13683.796 1712.598 
1135 5066 2890 13683.76 1711.066 
1016 5176 2696 13644.661 1710.803 
1042 5147 2737 13650.233 1710.893 
1005 5172 2710 13645.846 1710.388 
1033 5160 2735 13648.164 1711.301 
1035 5155 2741 13647.25 1711.019 
1006 5194 2705 13647.812 1710.487 
1125 5053 2873 13678.303 1712.702 
1116 5068 2873 13674.874 1710.448 
1146 5041 2877 13679.242 1711.516 
1122 5070 2852 13672.391 1710.182 
1142 5044 2863 13670.574 1710.537 
1053 5139 2737 13647.791 1710.827 
1169 5001 2903 13671.652 1710.781 
1006 5169 2711 13636.171 1709.678 
1137 5058 2868 13678.728 1711.867 
1139 5044 2856 13672.9 1711.344 
