703 3236 1811 13740.993 1722.262 
781 3133 1940 13749.04 1722.3 
771 3147 1880 13738.251 1718.177 
752 3171 1896 13737.537 1720.334 
739 3197 1868 13731.564 1720.982 
712 3208 1850 13752.667 1724.593 
780 3135 1911 13742.964 1722.923 
767 3160 1903 13751.648 1724.169 
773 3137 1925 13744.761 1720.908 
757 3168 1923 13752.858 1722.336 
765 3162 1916 13744.363 1721.918 
752 3176 1871 13725.768 1719.765 
707 3217 1840 13746.457 1723.156 
670 3298 1834 13752.473 1722.029 
693 3250 1842 13732.496 1719.59 
716 3215 1870 13732.662 1722.691 
708 3228 1848 13742.384 1723.11 
694 3241 1845 13741.173 1720.258 
697 3232 1850 13746.656 1722.749 
716 3205 1899 13748.19 1721.663 
758 3152 1918 13732.594 1719.376 
741 3190 1904 13747.534 1722.441 
739 3190 1893 13746.651 1724.433 
769 3138 1898 13726.468 1717.783 
714 3221 1887 13756.228 1722.811 
720 3213 1883 13757.59 1723.823 
733 3194 1882 13740.325 1723.705 
723 3207 1890 13750.292 1722.906 
728 3206 1887 13758.97 1724.373 
715 3216 1856 13737.206 1722.764 
710 3222 1863 13737.941 1722.602 
787 3114 1892 13717.243 1717.181 
735 3211 1888 13747.999 1722.696 
716 3225 1865 13754.505 1722.04 
769 3139 1885 13720.733 1716.828 
775 3138 1889 13726.49 1719.421 
715 3215 1868 13745.135 1720.808 
783 3120 1899 13727.895 1716.643 
785 3122 1892 13723.239 1718.949 
738 3202 1891 13750.528 1723.381 
738 3201 1883 13746.807 1723.57 
742 3184 1888 13738.06 1722.028 
694 3268 1811 13748.969 1722.934 
681 3276 1812 13745.471 1722.926 
730 3194 1874 13751.933 1724.157 
729 3195 1882 13752.404 1723.495 
667 3297 1806 13753.088 1722.854 
744 3195 1882 13740.682 1720.543 
741 3195 1877 13745.187 1723.707 
686 3272 1834 13745.036 1721.51 
705 3235 1869 13746.44 1722.429 
709 3231 1867 13751.498 1721.966 
799 3087 1886 13714.131 1715.907 
795 3093 1888 13715.609 1716.423 
692 3283 1810 13754.06 1722.861 
689 3269 1841 13748.354 1721.594 
760 3168 1871 13735.677 1720.875 
673 3296 1811 13751.686 1721.509 
688 3267 1817 13751.111 1722.152 
687 3271 1816 13745.163 1722.49 
749 3179 1917 13742.339 1722.088 
744 3178 1915 13746.982 1722.141 
753 3173 1879 13739.073 1722.089 
758 3170 1878 13735.276 1720.886 
765 3143 1920 13734.684 1720.017 
680 3284 1832 13749.514 1722.211 
668 3288 1823 13748.188 1722.295 
672 3287 1824 13753.56 1722.941 
788 3117 1873 13722.076 1717.78 
659 3301 1823 13746.007 1721.981 
665 3300 1823 13748.157 1722.364 
673 3285 1816 13751.629 1721.042 
675 3291 1816 13751.161 1721.327 
685 3275 1834 13753.544 1723.676 
685 3280 1832 13751.998 1721.009 
690 3266 1835 13741.932 1721.063 
693 3264 1839 13744.86 1721.286 
767 3143 1912 13742.277 1721.959 
767 3141 1914 13737.182 1720.138 
694 3256 1822 13747.544 1719.91 
691 3260 1823 13744.841 1721.502 
749 3182 1884 13733.515 1720.64 
710 3218 1874 13748.436 1722.835 
710 3216 1878 13746.6 1723.263 
686 3279 1810 13751.787 1723.415 
684 3280 1817 13753.115 1721.703 
685 3281 1814 13750.682 1722.659 
681 3286 1821 13750.415 1722.308 
679 3283 1820 13750.859 1723.045 
684 3229 1872 13729.201 1719.498 
686 3227 1874 13728.637 1719.385 
713 3221 1879 13743.207 1723.216 
714 3218 1880 13742.684 1722.857 
765 3134 1926 13728.696 1719.858 
764 3135 1928 13730.427 1720.153 
784 3120 1874 13728.031 1719.017 
786 3118 1875 13727.803 1719.005 
747 3187 1881 13737.44 1721.844 
749 3186 1883 13737.354 1721.833 
792 3107 1885 13724.608 1717.248 
