353 2075 1132 13854.623 1734.612 
417 1971 1165 13788.693 1732.013 
460 1918 1121 13769.911 1723.885 
368 2059 1098 13803.381 1727.882 
465 1910 1161 13783.657 1731.901 
401 2011 1133 13798.988 1728.088 
428 1979 1164 13828.701 1734.515 
361 2068 1105 13854.834 1737.735 
429 1972 1161 13811.742 1729.618 
349 2060 1136 13826.219 1730.368 
368 2046 1136 13838.184 1734.543 
426 1949 1170 13760.45 1725.215 
367 2070 1095 13835.763 1735.288 
407 2005 1155 13807.062 1730.076 
330 2089 1075 13838.702 1733.412 
413 2003 1125 13817.743 1734.4 
371 2037 1157 13833.153 1734.652 
385 2032 1153 13836.522 1735.092 
355 2051 1115 13828.072 1735.601 
345 2076 1107 13813.11 1729.923 
449 1979 1157 13831.075 1736.488 
452 1966 1152 13826.098 1734.23 
432 1984 1132 13809.4 1733.215 
339 2080 1089 13807.795 1734.146 
372 2033 1147 13810.978 1732.03 
443 1981 1139 13820.319 1735.573 
364 2053 1129 13819.277 1731.156 
417 1991 1155 13822.21 1734.288 
391 2012 1148 13813.772 1732.137 
371 2056 1108 13834.194 1738.304 
438 1940 1164 13766.453 1726.685 
436 1953 1165 13776.95 1727.994 
333 2096 1093 13829.33 1732.774 
454 1939 1142 13797.649 1732.296 
451 1936 1154 13795.375 1728.979 
338 2083 1097 13819.187 1729.19 
443 1937 1174 13782.475 1729.403 
380 2035 1125 13830.543 1735.007 
426 1998 1135 13838.691 1736.931 
425 2004 1141 13831.682 1731.363 
429 1986 1151 13815.682 1733.917 
386 2034 1120 13819.202 1732.621 
394 2042 1117 13820.621 1734.504 
357 2079 1103 13829.313 1731.322 
337 2086 1089 13836.578 1732.133 
344 2084 1096 13830.614 1731.37 
395 2026 1113 13810.325 1733.326 
399 2022 1117 13819.389 1733.331 
457 1934 1126 13788.77 1729.295 
456 1933 1137 13786.89 1727.814 
359 2045 1142 13810.757 1734.454 
365 2044 1147 13817.968 1730.644 
434 1973 1146 13825.12 1736.554 
400 2014 1136 13819.867 1730.713 
360 2070 1104 13822.451 1732.431 
428 1982 1143 13824.22 1735.548 
435 1948 1169 13788.939 1729.835 
430 1993 1141 13817.451 1733.141 
420 1992 1120 13830.51 1738.794 
416 1987 1128 13827.887 1738.701 
366 2063 1107 13827.036 1730.194 
345 2076 1098 13852.585 1737.167 
349 2080 1097 13844.489 1734.064 
356 2062 1121 13820.119 1730.756 
363 2064 1117 13825.937 1730.941 
355 2071 1107 13837.904 1734.945 
354 2065 1112 13832.941 1731.388 
406 2010 1140 13830.631 1732.663 
406 2011 1131 13827.315 1730.771 
378 2058 1127 13843.639 1735.137 
427 1991 1148 13829.119 1734.365 
415 2009 1154 13820.625 1730.526 
412 2004 1151 13823.867 1735.781 
385 2043 1131 13843.714 1734.669 
381 2049 1126 13843.84 1734.165 
435 1986 1129 13828.389 1737.317 
424 1983 1121 13822.776 1738.005 
443 1936 1162 13787.54 1728.99 
436 1940 1162 13789.258 1730.771 
376 2041 1112 13825.385 1735.475 
394 2035 1136 13835.026 1732.131 
390 2032 1130 13835.285 1733.098 
430 1981 1132 13824.671 1736.822 
425 1981 1129 13821.283 1738.23 
444 1928 1163 13770.373 1729.268 
440 1930 1160 13773.725 1730.975 
420 1995 1147 13811.494 1732.053 
421 1992 1150 13809.542 1730.735 
384 2045 1118 13826.493 1734.331 
382 2045 1115 13824.249 1736.095 
391 2030 1137 13849.499 1735.76 
453 1925 1165 13794.869 1733.213 
452 1926 1163 13794.356 1733.1 
391 2009 1142 13825.848 1733.369 
390 2011 1141 13826.336 1733.227 
397 2022 1126 13828.181 1732.65 
396 2023 1125 13826.905 1732.402 
393 2028 1140 13851.411 1736.109 
392 2029 1139 13850.377 1735.958 
421 1992 1141 13823.224 1734.284 
