412 1984 1156 13788.071 1728.635 
438 2003 1130 13840.296 1736.002 
493 1900 1166 13774.934 1721.965 
397 2037 1138 13821.857 1730.651 
448 1980 1135 13766.037 1725.698 
449 1991 1106 13821.189 1734.534 
466 1949 1194 13811.774 1730.053 
428 1971 1169 13791.485 1727.136 
403 2022 1135 13807.557 1728.944 
459 1954 1139 13809.743 1729.104 
480 1918 1138 13765.687 1725.02 
467 1945 1140 13768.25 1727.481 
478 1927 1142 13777.32 1726.456 
477 1924 1156 13779.588 1724.783 
423 2033 1101 13830.943 1731.579 
426 2015 1121 13818.94 1731.889 
455 1969 1138 13806.478 1729.097 
453 1961 1158 13807.473 1729.029 
436 1970 1132 13796.298 1734.122 
439 1995 1144 13793.511 1730.548 
473 1935 1122 13765.13 1726.677 
470 1935 1178 13783.575 1724.902 
469 1928 1167 13784.119 1726.434 
482 1903 1147 13747.243 1724.702 
484 1908 1146 13758.959 1723.011 
438 2003 1131 13795.458 1730.468 
443 2000 1110 13805.677 1730.681 
440 1998 1122 13802.988 1730.009 
423 2017 1129 13807.348 1728.982 
432 2009 1130 13809.31 1732.416 
457 1964 1117 13786.587 1727.635 
429 2024 1105 13822.747 1732.864 
450 1970 1164 13799.279 1729.535 
410 2011 1125 13813.465 1730.381 
411 2007 1136 13810.769 1732.652 
444 1962 1143 13796.567 1734.069 
464 1957 1155 13793.103 1729.438 
463 1952 1134 13786.308 1729.711 
471 1945 1130 13790.574 1729.902 
438 2012 1108 13806.3 1731.732 
435 2019 1112 13814.727 1732.457 
468 1944 1157 13780.654 1725.702 
462 1959 1183 13801.893 1729.917 
458 1957 1173 13797.051 1730.486 
428 1997 1150 13810.931 1731.811 
421 2009 1145 13814.99 1730.535 
410 2025 1123 13796.047 1726.703 
441 1987 1129 13802.477 1728.692 
478 1906 1157 13762.882 1722.909 
474 1914 1157 13769.711 1722.287 
456 1970 1143 13787.699 1728.658 
433 1990 1145 13804.33 1731.12 
438 1982 1140 13806.433 1729.67 
408 2018 1123 13787.578 1729.316 
410 2036 1116 13806.713 1728.139 
400 2034 1117 13806.882 1731.273 
450 1968 1177 13812.368 1730.721 
441 1966 1172 13814.006 1729.655 
452 1974 1130 13790.615 1730.7 
451 1982 1134 13785.935 1727.68 
444 1976 1141 13799.051 1732.157 
469 1934 1150 13798.052 1728.871 
472 1927 1157 13796.069 1728.761 
443 1976 1121 13808.776 1729.654 
452 1980 1127 13804.659 1729.172 
451 1987 1133 13801.057 1732.283 
469 1930 1161 13768.687 1727.82 
411 2025 1111 13816.776 1730.02 
418 2030 1104 13810.383 1730.365 
420 2022 1108 13814.814 1731.455 
448 1969 1149 13801.42 1729.057 
442 1973 1156 13803.298 1729.309 
467 1944 1146 13786.82 1730.733 
446 1978 1149 13792.188 1729.47 
453 1977 1143 13795.944 1728.208 
403 2016 1137 13791.753 1727.794 
408 2011 1130 13792.022 1728.778 
467 1936 1161 13792.97 1726.217 
466 1942 1155 13790.962 1730.88 
469 1937 1137 13780.254 1728.778 
472 1933 1130 13775.358 1728.467 
470 1951 1118 13781.062 1729.694 
466 1956 1118 13788.345 1731.05 
453 1961 1155 13789.672 1729.081 
405 2033 1108 13794.262 1728.196 
404 2032 1105 13802.834 1730.929 
439 1988 1111 13801.967 1733.46 
444 1984 1118 13801.275 1732.4 
443 1970 1129 13816.242 1730.434 
450 1972 1123 13815.091 1730.541 
450 1958 1165 13790.877 1731.853 
446 1955 1157 13791.014 1730.737 
481 1915 1121 13757.439 1724.516 
479 1919 1126 13751.005 1722.677 
428 2005 1135 13820.123 1732.799 
428 2001 1142 13818.242 1728.821 
474 1924 1156 13763.462 1727.29 
469 1931 1154 13761.378 1725.899 
441 1980 1163 13814.838 1730.321 
438 1974 1166 13805.89 1729.055 
