921 4544 2423 13680.362 1711.849 
906 4550 2419 13673.995 1712.037 
944 4481 2433 13668.402 1710.753 
940 4482 2416 13666.963 1711.85 
932 4510 2442 13669.711 1710.165 
776 4600 2256 13610.857 1703.099 
817 4560 2307 13621.429 1704.658 
800 4598 2281 13623.866 1705.252 
760 4612 2247 13602.835 1701.565 
815 4571 2282 13618.907 1704.228 
992 4441 2456 13660.977 1711.95 
808 4572 2292 13619.654 1703.548 
805 4586 2280 13620.367 1704.572 
987 4446 2447 13661.697 1711.044 
998 4426 2469 13663.208 1711.693 
758 4603 2256 13602.099 1701.565 
982 4442 2476 13661.046 1712.119 
813 4561 2292 13617.904 1704.539 
816 4564 2289 13614.846 1703.668 
923 4525 2432 13672.331 1711.163 
994 4430 2481 13668.239 1711.757 
991 4426 2481 13667.854 1713.341 
976 4465 2463 13664.797 1711.935 
983 4443 2454 13656.074 1711.298 
983 4442 2453 13661.039 1711.313 
1022 4363 2467 13643.706 1709.903 
918 4525 2434 13668.771 1710.633 
918 4523 2433 13671.034 1712.708 
1010 4397 2506 13661.649 1711.932 
1011 4416 2491 13674.212 1713.29 
974 4471 2461 13667.689 1712.222 
975 4469 2461 13667.329 1712.171 
1025 4358 2469 13644.083 1709.997 
997 4430 2462 13664.089 1710.787 
996 4431 2463 13663.603 1710.711 
1013 4369 2467 13637.559 1708.678 
1014 4368 2468 13637.449 1708.673 
1011 4415 2494 13674.723 1713.326 
1012 4414 2493 13674.614 1713.32 
1036 4297 2433 13611.895 1704.778 
1035 4298 2432 13611.825 1704.769 
1024 4361 2472 13644.658 1709.995 
1023 4362 2471 13644.713 1709.996 
765 4604 2255 13601.702 1701.882 
1026 4357 2469 13642.894 1709.758 
1026 4357 2468 13643.537 1709.974 
797 4585 2285 13624.125 1704.275 
797 4586 2285 13623.981 1704.278 
974 4450 2464 13657.967 1711.84 
974 4450 2465 13657.903 1711.83 
950 4499 2467 13672.608 1710.345 
924 4493 2416 13662.986 1712.148 
1028 4326 2461 13618.405 1706.111 
1028 4322 2443 13622.912 1706.735 
898 4496 2445 13657.854 1710.797 
824 4559 2315 13627.854 1706.607 
811 4571 2301 13621.873 1704.33 
802 4591 2274 13619.173 1704.49 
1000 4418 2484 13666.255 1712.577 
1002 4419 2477 13663.749 1711.328 
1009 4399 2503 13661.647 1711.794 
989 4444 2448 13662.141 1711.06 
974 4450 2466 13657.889 1711.83 
988 4440 2489 13668.838 1712.69 
921 4533 2429 13677.216 1712.555 
909 4545 2404 13674.598 1713.007 
982 4446 2475 13663.02 1712.885 
974 4454 2471 13660.316 1711.702 
984 4443 2476 13658.873 1711.145 
989 4432 2475 13658.415 1711.715 
987 4442 2458 13659.349 1712.131 
981 4449 2493 13664.896 1711.877 
765 4606 2254 13602.42 1701.953 
928 4484 2374 13669.172 1712.323 
935 4484 2416 13665.094 1711.787 
807 4583 2309 13625.527 1705.107 
1010 4416 2493 13671.854 1713.013 
919 4525 2435 13669.521 1710.573 
935 4504 2439 13672.71 1710.326 
930 4520 2444 13680.202 1712.043 
918 4528 2419 13677.817 1712.84 
932 4521 2427 13674.603 1711.272 
