351 1259 776 13817.104 1727.648 
308 1320 821 13841.615 1738.379 
351 1256 800 13806.163 1724.51 
331 1258 808 13774.727 1731.428 
333 1263 802 13788.207 1730.707 
314 1321 783 13827.165 1732.919 
298 1349 780 13863.765 1738.793 
297 1336 783 13870.55 1740.936 
312 1326 802 13870.903 1738.025 
328 1302 785 13819.185 1733.17 
302 1324 808 13827.421 1735.545 
310 1309 806 13816.365 1735.966 
319 1313 805 13852.66 1738.836 
350 1255 788 13794.781 1725.113 
301 1314 802 13830.113 1738.556 
309 1320 797 13828.954 1739.072 
310 1335 786 13863.209 1740.762 
300 1338 778 13847.503 1736.731 
329 1301 794 13839.566 1734.488 
325 1303 790 13831.154 1734.612 
316 1306 812 13830.663 1738.038 
300 1326 788 13858.769 1739.382 
352 1252 776 13790.559 1722.346 
340 1273 802 13826.033 1728.886 
341 1270 793 13824.587 1730.189 
356 1237 771 13766.794 1722.316 
286 1344 795 13836.454 1737.695 
290 1337 793 13831.912 1737.726 
358 1227 765 13769.221 1723.716 
363 1231 771 13769.434 1721.935 
355 1242 794 13784.145 1720.55 
338 1280 769 13820.675 1730.783 
339 1279 765 13813.32 1728.792 
322 1315 797 13842.006 1734.341 
315 1309 802 13837.476 1738.962 
318 1306 792 13853.49 1738.101 
320 1312 794 13848.774 1737.44 
319 1302 811 13823.385 1731.73 
317 1302 807 13822.815 1738.487 
296 1340 791 13848.998 1740.226 
259 1366 724 13795.098 1726.695 
298 1334 793 13844.211 1738.867 
313 1327 788 13857.095 1739.581 
359 1217 774 13761.101 1720.166 
332 1297 807 13857.216 1737.742 
328 1300 812 13853.805 1738.428 
304 1334 788 13841.566 1738.13 
302 1336 788 13848.546 1738.296 
321 1307 800 13826.622 1732.492 
265 1356 714 13784.782 1728.965 
263 1355 719 13789.401 1727.391 
319 1314 801 13835.363 1732.779 
320 1309 806 13836.526 1733.91 
305 1329 794 13843.511 1739.018 
318 1313 795 13837.422 1740.201 
314 1317 798 13837.884 1737.353 
307 1331 790 13854.627 1740.385 
341 1272 791 13843.532 1728.713 
301 1326 800 13854.548 1739.628 
355 1245 771 13787.87 1724.604 
259 1365 711 13787.732 1727.743 
258 1367 716 13788.481 1726.937 
325 1302 804 13828.394 1733.727 
260 1360 719 13796.074 1727.821 
264 1361 717 13797.066 1730.396 
296 1335 803 13850.715 1742.328 
298 1331 802 13853.037 1741.028 
354 1244 776 13796.209 1724.776 
354 1243 774 13791.96 1726.283 
303 1329 800 13834.723 1737.551 
302 1325 798 13835.775 1738.84 
314 1319 789 13840.601 1737.369 
313 1315 791 13841.77 1736.794 
325 1288 814 13814.729 1732.994 
321 1290 814 13814.903 1734.262 
351 1245 786 13789.721 1725.527 
353 1242 788 13788.491 1725.006 
311 1328 793 13847.383 1739.357 
359 1224 775 13757.776 1721.299 
356 1225 773 13755.649 1721.744 
255 1371 718 13814.465 1729.845 
256 1373 721 13812.851 1730.164 
329 1301 799 13826.245 1734.254 
325 1301 799 13826.292 1734.232 
309 1332 793 13849.178 1738.607 
311 1331 796 13848.11 1738.862 
249 1374 708 13799.438 1727.157 
357 1231 772 13758.044 1718.964 
358 1229 773 13755.894 1718.647 
265 1367 715 13795.108 1726.057 
264 1368 716 13797.387 1726.727 
254 1374 708 13795.086 1729.929 
253 1376 708 13795.39 1729.889 
247 1378 706 13796.728 1727.589 
248 1377 707 13797.542 1727.653 
306 1332 797 13859.428 1737.51 
307 1331 797 13858.167 1737.472 
348 1269 799 13839.403 1730.182 
347 1270 798 13838.654 1730.044 
337 1275 789 13837.95 1727.962 
