1014 5223 2839 13681.03 1710.345 
1024 5209 2846 13679.319 1710.134 
1075 5148 2871 13677.667 1710.05 
1108 5121 2905 13684.963 1710.263 
1103 5105 2904 13684.108 1710.38 
1040 5185 2875 13681.384 1710.046 
1118 5094 2829 13666.399 1709.694 
1098 5148 2834 13677.074 1710.351 
1107 5142 2832 13685.49 1710.847 
1042 5199 2839 13679.931 1709.866 
1081 5163 2844 13683.013 1709.414 
1110 5141 2848 13686.473 1710.383 
1113 5107 2889 13676.342 1709.62 
1089 5121 2903 13679.222 1710.269 
1125 5093 2872 13679.676 1709.841 
1122 5092 2875 13669.396 1709.314 
1057 5172 2826 13673.647 1709.277 
1055 5181 2820 13671.78 1709.299 
1059 5168 2856 13678.293 1710.338 
1099 5142 2864 13672.906 1708.687 
1135 5075 2866 13669.123 1708.62 
1101 5114 2877 13680.179 1710.45 
1102 5111 2887 13679.993 1710.811 
1035 5194 2848 13674.121 1709.334 
1093 5141 2851 13681.486 1711.344 
1090 5148 2850 13687.873 1711.102 
1088 5136 2873 13677.873 1710.549 
1088 5157 2854 13681.82 1710.432 
1095 5157 2848 13684.991 1710.535 
1093 5131 2898 13679.594 1710.116 
1030 5189 2864 13676.176 1709.458 
1115 5117 2860 13676.733 1709.878 
1062 5149 2856 13670.445 1708.357 
1064 5159 2848 13672.062 1709.47 
1061 5157 2856 13674.483 1709.776 
1125 5073 2874 13660.117 1706.94 
1122 5080 2877 13663.54 1708.218 
1118 5103 2845 13672.073 1709.345 
1091 5128 2889 13678.99 1710.553 
1114 5120 2865 13684.52 1710.942 
1103 5114 2858 13679.093 1711.346 
1051 5173 2860 13673.761 1708.751 
1090 5143 2877 13684.231 1710.227 
1094 5139 2880 13679.6 1709.623 
1121 5100 2864 13663.264 1708.049 
1103 5127 2837 13679.415 1710.774 
1095 5129 2871 13676.823 1708.92 
1104 5120 2864 13680.512 1711.229 
1104 5126 2844 13681.616 1711.075 
1103 5126 2851 13682.517 1711.125 
1112 5117 2870 13677.293 1710.16 
1116 5117 2852 13683.194 1711.643 
1117 5118 2851 13676.835 1710.245 
1106 5130 2855 13680.571 1709.672 
1043 5188 2856 13677.763 1709.494 
1117 5106 2856 13670.593 1709.605 
1102 5127 2872 13675.697 1708.584 
1052 5184 2833 13678.153 1709.993 
1051 5186 2832 13672.615 1708.747 
1096 5143 2860 13690.783 1711.215 
1099 5144 2855 13689.178 1711.091 
1106 5122 2849 13675.187 1710.108 
1104 5121 2854 13677.375 1710.357 
1127 5083 2866 13668.213 1708.814 
1127 5080 2861 13668.391 1709.259 
1095 5120 2887 13678.262 1710.334 
1092 5122 2883 13677.357 1710.461 
1121 5094 2862 13668.261 1708.366 
1102 5131 2864 13685.943 1712.189 
1109 5121 2868 13673.183 1709.358 
1106 5125 2868 13674.029 1709.717 
1053 5158 2859 13665.168 1707.796 
1056 5158 2862 13667.946 1707.527 
1099 5126 2884 13681.531 1709.687 
1096 5126 2882 13678.03 1710.078 
1055 5178 2858 13678.65 1709.472 
1044 5192 2853 13682.082 1709.705 
1115 5098 2862 13672.183 1709.231 
1098 5135 2865 13681.104 1708.934 
1101 5134 2866 13682.707 1710.387 
1048 5187 2854 13684.269 1710.329 
1046 5191 2850 13683.968 1710.099 
1049 5189 2851 13683.854 1709.959 
1117 5101 2864 13671.124 1709.504 
1118 5098 2863 13669.676 1709.062 
1049 5185 2856 13680.737 1710.3 
1050 5182 2855 13679.725 1710.191 
1050 5183 2849 13678.877 1710.3 
1051 5181 2850 13680.392 1710.02 
1109 5123 2860 13681.227 1709.92 
1108 5125 2859 13681.09 1709.878 
1115 5100 2856 13674.155 1711.028 
1114 5102 2856 13674.608 1711.105 
1096 5132 2861 13685.577 1710.412 
1097 5131 2862 13685.97 1710.49 
1125 5100 2840 13670.605 1709.238 
1124 5101 2839 13670.283 1709.214 
1054 5181 2856 13681.573 1709.97 
1053 5181 2856 13680.368 1710.27 
1028 5190 2854 13675.204 1709.013 
