359 1276 805 13859.55 1740.014 
252 1382 754 13837.429 1735.946 
299 1352 803 13912.095 1746.99 
271 1378 772 13875.066 1735.353 
312 1334 812 13895.257 1744.638 
270 1395 709 13878.505 1738.267 
297 1387 745 13919.986 1748.637 
259 1396 728 13849.381 1738.734 
342 1319 770 13898.579 1742.356 
347 1311 783 13900.742 1742.033 
345 1294 816 13904.6 1742.156 
339 1314 792 13890.176 1746.233 
313 1351 804 13943.018 1750.308 
286 1378 749 13888.544 1741.368 
305 1366 750 13895.869 1743.185 
347 1294 795 13908.026 1746.782 
322 1361 788 13965.44 1752.385 
325 1353 783 13958.112 1750.484 
356 1303 809 13910.239 1746.396 
266 1401 730 13863.837 1738.504 
267 1407 721 13867.897 1739.467 
321 1333 803 13916.741 1747.463 
344 1304 809 13925.913 1747.242 
294 1362 759 13902.189 1743.2 
319 1337 801 13928.157 1748.128 
329 1347 785 13933.494 1749.094 
334 1320 787 13900.969 1748.731 
277 1400 720 13865.222 1739.701 
296 1374 750 13898.911 1741.264 
289 1376 749 13903.6 1746.141 
344 1312 813 13920.944 1742.549 
331 1331 815 13920.453 1745.634 
290 1391 735 13905.779 1744.261 
345 1316 809 13929.63 1745.815 
281 1375 760 13907.061 1744.492 
327 1341 799 13933.174 1751.741 
331 1319 808 13933.441 1746.315 
277 1387 751 13878.889 1741.481 
274 1382 752 13884.583 1740.364 
323 1353 793 13949.506 1750.454 
280 1392 722 13879.499 1745.399 
325 1353 775 13945.614 1750.542 
329 1332 804 13932.109 1751.404 
323 1348 771 13950.86 1751.098 
326 1354 768 13949.372 1750.039 
272 1396 729 13874.678 1738.642 
344 1305 798 13921.582 1746.299 
339 1326 787 13911.096 1745.678 
333 1324 788 13910.458 1749.178 
332 1318 812 13911.357 1746.915 
334 1329 794 13932.069 1748.429 
332 1334 797 13933.54 1751.272 
327 1333 800 13907.509 1743.875 
326 1337 804 13907.552 1746.812 
349 1299 793 13920.55 1748.837 
349 1302 797 13917.194 1746.692 
324 1346 798 13944.332 1751.263 
324 1349 793 13942.402 1749.706 
332 1337 785 13936.567 1750.151 
333 1334 787 13932.631 1746.899 
343 1308 813 13905.451 1743.226 
346 1308 812 13910.914 1743.54 
338 1323 803 13917.006 1748.328 
340 1322 803 13912.011 1745.717 
286 1389 739 13898.966 1746.74 
282 1391 736 13901.023 1745.172 
343 1310 797 13928.025 1748.716 
346 1312 796 13924.126 1747.271 
277 1381 753 13898.654 1742.492 
271 1381 748 13901.355 1743.684 
271 1381 753 13899.027 1743.392 
290 1366 760 13911.131 1746.716 
289 1370 762 13909.202 1744.527 
338 1315 811 13923.65 1748.523 
330 1323 807 13926.04 1747.448 
291 1367 769 13887.144 1740.621 
295 1367 767 13889.034 1741.596 
331 1326 799 13921.244 1747.382 
335 1325 798 13922.752 1747.102 
335 1319 808 13924.813 1747.918 
338 1318 807 13924.272 1746.705 
286 1374 768 13922.661 1747.0 
287 1372 768 13919.96 1746.561 
334 1325 810 13925.778 1745.534 
333 1326 808 13923.858 1745.311 
281 1376 752 13900.326 1742.978 
280 1378 753 13902.113 1743.429 
274 1396 724 13871.976 1744.239 
275 1395 726 13873.503 1744.521 
337 1322 810 13911.361 1744.897 
337 1323 809 13913.34 1745.565 
300 1369 756 13916.538 1747.52 
299 1370 755 13915.337 1747.496 
281 1392 729 13873.665 1742.041 
281 1392 727 13873.962 1742.385 
302 1378 736 13910.199 1744.762 
303 1377 737 13911.128 1744.968 
244 1410 710 13861.777 1739.182 
245 1409 711 13862.511 1739.201 
325 1306 816 13872.82 1739.387 
