207 614 433 13935.318 1748.64 
169 685 458 14079.403 1762.741 
191 662 418 14053.289 1762.376 
191 655 429 14037.086 1761.183 
160 709 437 14142.122 1770.745 
179 701 438 14197.916 1776.928 
108 723 375 13912.905 1746.08 
121 722 380 13921.464 1744.705 
118 726 364 13965.91 1755.787 
170 686 443 14108.697 1774.847 
177 693 451 14116.962 1774.466 
110 739 349 13964.813 1756.948 
193 651 424 13992.436 1756.737 
155 707 441 14102.942 1763.737 
180 682 446 14171.48 1776.462 
151 714 435 14115.857 1763.073 
124 721 361 13939.146 1748.254 
165 700 443 14170.415 1775.121 
162 705 439 14160.19 1773.408 
119 724 355 13952.347 1749.038 
120 720 365 13951.759 1755.272 
185 674 462 14143.03 1771.525 
178 682 457 14122.042 1763.525 
119 726 349 13916.76 1751.72 
167 688 457 14100.57 1768.014 
116 732 361 13927.661 1750.436 
189 672 446 14115.852 1768.025 
184 678 443 14147.304 1774.623 
152 710 429 14098.598 1761.159 
158 710 428 14108.402 1763.196 
172 704 432 14157.88 1772.382 
184 694 441 14182.705 1777.872 
176 702 439 14181.623 1776.938 
114 729 367 13937.316 1751.77 
105 726 377 13933.177 1747.414 
115 738 360 13946.094 1753.0 
104 740 351 13942.298 1754.162 
206 621 443 13963.744 1755.467 
204 635 427 13986.085 1755.893 
188 673 464 14112.759 1764.338 
188 674 455 14108.882 1765.145 
188 685 447 14163.57 1770.311 
121 716 357 13921.137 1751.019 
114 719 374 13935.205 1748.858 
112 722 382 13939.504 1748.975 
181 687 442 14140.682 1772.977 
177 693 453 14154.235 1767.169 
180 681 459 14105.724 1773.594 
202 627 431 13961.49 1758.034 
203 629 439 13960.278 1753.457 
186 676 453 14131.905 1768.603 
182 684 448 14158.528 1776.044 
182 692 450 14159.821 1772.346 
183 684 443 14130.554 1771.015 
187 684 449 14136.086 1770.611 
114 738 366 13955.19 1754.318 
111 732 352 13949.037 1756.031 
109 740 352 13951.603 1753.517 
177 698 440 14160.714 1773.428 
181 696 439 14167.47 1770.332 
198 647 427 14002.705 1762.001 
106 729 367 13954.766 1749.682 
114 725 373 13946.29 1751.077 
201 630 443 13986.795 1755.656 
196 648 437 14008.438 1758.643 
201 644 432 14008.034 1759.983 
173 700 453 14166.109 1769.311 
176 697 447 14167.962 1772.11 
174 693 445 14153.214 1774.663 
180 690 442 14150.155 1773.366 
181 671 453 14121.399 1772.39 
184 676 449 14124.675 1773.934 
176 690 449 14144.094 1773.253 
175 687 456 14145.484 1772.412 
175 681 457 14137.301 1773.044 
176 682 451 14141.725 1771.895 
207 630 430 13973.518 1754.581 
208 624 429 13969.054 1755.478 
179 687 455 14132.988 1765.701 
177 691 455 14136.942 1770.432 
161 706 437 14121.23 1767.031 
159 705 441 14115.417 1766.391 
200 635 437 13989.257 1756.522 
198 634 435 13977.211 1757.191 
197 637 437 13982.854 1755.696 
109 735 371 13951.769 1751.09 
109 731 374 13947.628 1753.45 
186 671 463 14131.273 1769.131 
187 668 457 14130.694 1770.059 
203 630 435 13983.345 1755.322 
204 625 439 13983.053 1753.179 
168 703 456 14152.042 1770.814 
167 702 450 14152.181 1771.536 
123 724 361 13909.708 1752.065 
123 723 360 13915.467 1752.389 
119 724 352 13934.743 1753.978 
118 728 350 13931.934 1751.991 
157 715 416 14132.507 1769.901 
158 714 417 14135.702 1770.296 
175 682 459 14106.872 1765.403 
