875 3803 2194 13689.793 1714.203 
910 3768 2219 13694.78 1714.927 
850 3825 2140 13678.528 1712.976 
854 3815 2155 13672.582 1713.795 
887 3794 2151 13689.52 1713.593 
815 3874 2057 13669.671 1711.078 
816 3859 2076 13669.892 1710.778 
882 3784 2207 13683.69 1713.251 
769 3912 2026 13679.877 1712.525 
776 3915 2022 13669.062 1711.151 
774 3901 2079 13670.329 1711.618 
819 3845 2073 13677.74 1711.942 
776 3911 2052 13688.514 1713.833 
778 3906 2041 13683.26 1714.401 
768 3913 2026 13658.375 1711.14 
829 3857 2079 13681.578 1711.284 
819 3835 2102 13665.482 1709.445 
804 3907 2049 13678.273 1714.628 
772 3903 2055 13672.908 1711.912 
802 3896 2069 13687.185 1713.541 
793 3898 2071 13674.575 1711.798 
811 3895 2061 13682.0 1713.359 
802 3896 2058 13687.378 1713.836 
798 3876 2087 13678.567 1712.266 
820 3870 2071 13686.596 1713.753 
857 3804 2143 13670.088 1710.771 
802 3891 2052 13676.363 1714.274 
754 3918 2041 13659.73 1709.396 
759 3913 2034 13658.196 1708.759 
887 3794 2167 13685.755 1713.978 
892 3790 2169 13692.534 1713.626 
825 3853 2088 13673.322 1711.488 
835 3860 2069 13683.628 1713.479 
811 3886 2069 13679.389 1712.938 
807 3885 2072 13686.241 1713.549 
749 3924 2028 13663.127 1711.331 
753 3928 2023 13666.829 1711.371 
894 3779 2192 13679.93 1712.282 
758 3916 2033 13671.404 1710.592 
802 3886 2066 13695.007 1715.307 
797 3887 2064 13688.976 1715.135 
832 3838 2090 13673.721 1712.086 
896 3776 2197 13685.136 1714.059 
790 3881 2077 13673.532 1713.0 
790 3880 2085 13672.728 1712.634 
746 3941 2029 13672.889 1712.027 
808 3858 2098 13673.319 1709.925 
824 3857 2069 13683.112 1714.284 
812 3848 2092 13664.238 1709.96 
818 3844 2091 13662.699 1711.012 
782 3901 2052 13674.038 1714.832 
786 3897 2053 13677.956 1712.221 
810 3879 2060 13689.097 1713.762 
819 3849 2091 13668.687 1710.316 
749 3934 2018 13666.676 1711.485 
747 3937 2023 13669.719 1711.292 
795 3898 2050 13673.8 1712.52 
794 3901 2052 13679.531 1712.654 
813 3876 2066 13684.806 1712.42 
808 3877 2062 13682.804 1712.159 
797 3870 2088 13668.891 1711.515 
798 3869 2094 13668.28 1709.385 
806 3860 2091 13672.023 1712.153 
824 3843 2100 13671.614 1709.759 
814 3864 2090 13675.667 1713.286 
813 3859 2091 13672.815 1712.059 
825 3861 2061 13681.798 1713.183 
827 3863 2066 13683.238 1712.617 
800 3857 2092 13662.465 1711.268 
803 3859 2094 13666.151 1709.336 
762 3925 2025 13663.582 1711.047 
763 3914 2017 13668.129 1712.331 
761 3918 2015 13665.529 1711.363 
864 3806 2141 13680.171 1712.905 
864 3808 2139 13675.309 1712.752 
829 3846 2082 13676.329 1713.099 
812 3854 2093 13670.846 1709.319 
809 3857 2092 13667.636 1710.397 
834 3841 2083 13678.597 1713.369 
831 3843 2085 13677.084 1710.099 
763 3920 2032 13666.468 1710.99 
760 3922 2028 13667.032 1711.462 
895 3772 2204 13684.791 1714.063 
816 3846 2096 13671.609 1710.212 
821 3845 2095 13672.342 1710.614 
894 3782 2179 13686.525 1713.162 
892 3786 2180 13684.205 1713.028 
783 3891 2077 13672.297 1711.741 
784 3892 2073 13674.666 1711.893 
891 3773 2207 13682.807 1713.47 
893 3769 2206 13681.553 1713.156 
814 3875 2086 13690.769 1714.277 
815 3873 2083 13693.553 1714.832 
798 3902 2044 13684.659 1714.13 
795 3900 2046 13682.473 1714.299 
890 3781 2186 13685.273 1714.056 
887 3783 2184 13683.934 1713.839 
809 3887 2084 13681.526 1712.716 
818 3838 2085 13674.249 1711.333 
