1129 5130 2835 13691.979 1715.444 
1082 5136 2815 13659.45 1710.76 
1107 5120 2839 13680.423 1713.605 
1062 5142 2795 13646.525 1709.66 
1132 5068 2881 13659.662 1711.336 
1016 5148 2800 13623.032 1705.999 
1106 5102 2849 13659.791 1710.62 
913 5193 2615 13566.848 1697.263 
908 5190 2621 13571.295 1699.152 
886 5195 2652 13568.691 1698.136 
1070 5148 2775 13653.191 1710.777 
1149 5056 2847 13670.144 1713.488 
1122 5101 2856 13668.62 1711.454 
1130 5094 2851 13672.221 1712.428 
882 5236 2627 13577.488 1698.081 
895 5212 2627 13576.365 1698.361 
1135 5086 2835 13670.569 1713.318 
903 5203 2619 13574.483 1697.97 
906 5205 2623 13572.791 1698.157 
1014 5166 2796 13629.991 1706.569 
1009 5163 2793 13625.201 1707.003 
1126 5096 2844 13670.903 1712.352 
1125 5095 2840 13673.355 1712.969 
1108 5112 2845 13664.826 1712.13 
1106 5109 2842 13664.336 1712.52 
1126 5095 2853 13664.12 1711.116 
1123 5094 2852 13666.582 1711.128 
884 5236 2620 13577.026 1698.224 
887 5236 2619 13579.252 1698.77 
1074 5139 2776 13652.132 1711.089 
1073 5140 2774 13651.535 1711.031 
900 5216 2615 13573.631 1698.412 
901 5215 2614 13575.296 1698.559 
898 5207 2628 13572.341 1698.04 
897 5208 2627 13572.01 1697.966 
1019 5145 2787 13620.122 1704.814 
1159 5017 2845 13652.504 1708.0 
1156 5035 2840 13656.095 1708.921 
1157 5034 2839 13656.007 1708.907 
889 5232 2620 13576.164 1698.535 
1158 5019 2845 13653.112 1708.13 
1091 5131 2838 13663.089 1711.463 
1021 5143 2788 13620.396 1704.868 
1020 5144 2788 13620.351 1704.863 
894 5216 2645 13577.221 1698.324 
1133 5098 2835 13668.665 1712.033 
1132 5099 2835 13668.67 1712.035 
1130 5103 2831 13672.018 1712.167 
1130 5103 2832 13672.083 1712.163 
1090 5132 2837 13662.844 1711.426 
893 5217 2644 13577.236 1698.325 
894 5217 2644 13577.187 1698.322 
994 5182 2773 13628.12 1706.584 
1098 5135 2827 13677.144 1713.01 
893 5194 2646 13570.117 1698.025 
889 5224 2634 13575.85 1698.89 
893 5224 2629 13576.971 1699.116 
1011 5165 2792 13629.203 1707.333 
1159 5033 2841 13656.767 1709.043 
1063 5139 2787 13661.975 1711.51 
1064 5137 2788 13661.323 1711.353 
1158 5018 2846 13652.711 1707.973 
1090 5131 2837 13662.82 1711.484 
1142 5081 2866 13678.544 1713.146 
1028 5146 2785 13628.541 1707.055 
894 5193 2647 13570.468 1698.048 
1151 5092 2874 13677.761 1713.105 
1111 5110 2843 13661.731 1711.856 
882 5231 2623 13573.608 1698.456 
886 5226 2622 13573.152 1698.387 
1127 5077 2884 13664.993 1710.635 
1123 5105 2848 13678.435 1713.58 
890 5231 2621 13576.177 1698.558 
1099 5115 2843 13659.115 1710.96 
1072 5158 2783 13654.933 1709.911 
