777 3955 2140 13721.353 1716.511 
886 3728 2204 13661.331 1711.685 
807 3945 2165 13738.142 1719.255 
847 3895 2182 13750.131 1722.723 
816 3937 2192 13763.275 1722.485 
812 3945 2160 13728.979 1717.874 
866 3870 2193 13744.283 1720.27 
853 3881 2195 13754.311 1722.063 
865 3866 2209 13746.778 1719.493 
853 3881 2196 13753.863 1721.983 
775 3959 2145 13729.219 1716.221 
850 3887 2171 13744.516 1722.114 
879 3835 2193 13734.334 1716.542 
823 3931 2185 13747.801 1721.978 
866 3855 2225 13739.883 1718.897 
867 3876 2199 13752.128 1719.766 
820 3932 2173 13742.339 1718.595 
871 3860 2209 13743.975 1719.679 
850 3902 2173 13748.123 1721.83 
889 3742 2203 13672.833 1713.396 
885 3724 2207 13660.025 1711.296 
855 3887 2203 13751.34 1721.4 
865 3877 2169 13746.103 1722.759 
776 3956 2139 13721.161 1716.506 
864 3872 2193 13754.341 1722.487 
855 3894 2182 13736.954 1720.074 
864 3863 2222 13745.042 1719.515 
869 3862 2210 13748.516 1719.369 
818 3938 2186 13753.274 1719.598 
856 3878 2172 13744.272 1722.348 
864 3882 2212 13754.932 1720.421 
851 3899 2175 13752.142 1720.082 
849 3888 2170 13743.859 1722.071 
849 3902 2232 13760.967 1722.022 
852 3890 2178 13742.945 1721.058 
778 3962 2143 13727.356 1715.912 
842 3909 2205 13757.934 1722.595 
867 3851 2206 13744.504 1719.544 
807 3945 2164 13738.182 1719.261 
818 3933 2200 13762.085 1722.365 
839 3914 2184 13742.498 1719.557 
886 3740 2199 13670.02 1713.668 
805 3949 2162 13753.023 1722.266 
827 3944 2165 13760.774 1722.869 
846 3897 2182 13751.056 1722.74 
838 3928 2218 13767.447 1722.323 
860 3889 2198 13751.553 1720.96 
872 3859 2209 13743.913 1719.67 
822 3929 2208 13763.626 1723.087 
859 3885 2213 13756.846 1721.165 
861 3879 2170 13743.942 1720.924 
