745 3235 1835 13759.923 1720.812 
744 3237 1850 13769.971 1723.468 
692 3292 1890 13770.883 1723.286 
739 3229 1892 13752.892 1721.315 
740 3257 1881 13787.339 1725.184 
623 3387 1802 13761.057 1726.129 
633 3378 1808 13759.707 1725.626 
651 3363 1809 13768.903 1727.196 
688 3294 1878 13759.613 1721.072 
687 3298 1863 13753.361 1720.768 
755 3183 1845 13717.663 1716.7 
755 3183 1848 13718.028 1716.222 
658 3328 1796 13738.83 1724.286 
657 3330 1797 13739.631 1724.483 
628 3353 1820 13751.745 1724.008 
651 3342 1815 13750.496 1724.501 
736 3237 1897 13765.17 1722.614 
730 3263 1876 13779.502 1724.837 
684 3310 1836 13768.962 1723.647 
677 3306 1863 13759.869 1720.301 
684 3296 1872 13756.103 1720.691 
751 3191 1852 13708.189 1715.135 
761 3175 1821 13704.615 1715.17 
641 3356 1820 13753.787 1723.425 
734 3261 1867 13784.887 1724.854 
682 3300 1875 13773.109 1723.878 
629 3352 1820 13751.836 1724.023 
661 3314 1828 13755.626 1722.413 
750 3224 1891 13763.922 1721.748 
728 3266 1870 13773.435 1723.182 
720 3276 1881 13787.301 1725.263 
647 3360 1815 13765.556 1725.372 
631 3365 1787 13744.662 1725.887 
640 3357 1819 13753.837 1723.427 
640 3365 1801 13760.201 1724.572 
626 3364 1785 13755.689 1726.102 
639 3373 1807 13758.483 1724.359 
691 3293 1889 13770.845 1723.277 
718 3292 1863 13796.97 1725.534 
646 3362 1815 13765.929 1725.394 
717 3303 1859 13789.046 1725.056 
754 3184 1847 13717.331 1716.081 
638 3380 1819 13768.317 1725.329 
641 3355 1821 13752.701 1723.344 
628 3351 1821 13753.167 1724.146 
729 3265 1840 13772.232 1722.502 
669 3313 1816 13758.556 1721.417 
696 3294 1855 13778.466 1725.202 
727 3289 1875 13801.784 1726.28 
742 3256 1890 13790.363 1725.513 
713 3285 1876 13787.813 1724.78 
637 3364 1807 13763.298 1725.598 
692 3308 1854 13786.378 1726.082 
657 3335 1787 13741.235 1723.257 
721 3307 1858 13796.038 1723.955 
623 3388 1801 13761.131 1726.169 
717 3259 1889 13759.981 1722.313 
720 3264 1899 13760.071 1721.181 
