383 2029 1146 13821.456 1732.09 
442 1990 1181 13872.573 1736.933 
463 1963 1189 13857.833 1737.388 
470 1945 1207 13838.708 1733.68 
389 2035 1144 13844.744 1736.398 
427 1985 1182 13862.809 1741.619 
449 1962 1232 13851.135 1734.33 
458 1965 1190 13858.2 1739.37 
476 1943 1193 13844.014 1735.729 
438 1985 1176 13880.423 1740.443 
450 1961 1232 13851.269 1734.356 
466 1956 1216 13858.32 1738.168 
385 2040 1145 13840.765 1733.633 
462 1967 1198 13867.905 1737.236 
433 1996 1186 13886.165 1740.443 
445 1981 1186 13864.73 1740.464 
387 2038 1145 13845.099 1736.25 
475 1941 1217 13854.082 1735.336 
434 2007 1184 13885.024 1738.741 
432 2000 1172 13886.204 1740.245 
459 1977 1213 13875.259 1739.072 
471 1935 1206 13848.944 1735.505 
454 1973 1225 13875.29 1737.61 
470 1945 1208 13838.683 1733.677 
469 1955 1184 13851.201 1737.736 
472 1952 1199 13868.999 1739.291 
426 1995 1204 13842.428 1735.136 
383 2028 1146 13820.532 1732.131 
382 2031 1147 13823.857 1732.372 
468 1949 1203 13851.102 1734.482 
447 1987 1190 13885.252 1738.529 
394 2025 1139 13837.425 1733.815 
386 2024 1148 13830.196 1733.567 
379 2027 1153 13822.406 1732.494 
457 1972 1231 13872.762 1738.866 
470 1955 1194 13854.702 1736.144 
379 2047 1142 13843.564 1733.938 
456 1989 1221 13883.525 1740.258 
384 2043 1137 13839.482 1733.603 
469 1956 1194 13854.84 1736.166 
439 1994 1201 13865.275 1737.173 
384 2028 1147 13821.485 1732.093 
423 2020 1191 13885.957 1740.666 
368 2030 1148 13817.152 1731.001 
387 2024 1151 13821.772 1732.093 
431 2000 1173 13887.106 1740.404 
478 1932 1218 13847.848 1733.665 
463 1959 1198 13859.517 1737.781 
392 2027 1144 13832.887 1734.124 
385 2027 1148 13821.859 1732.422 
437 1978 1223 13860.489 1736.04 
380 2045 1144 13846.287 1734.971 
384 2040 1141 13839.453 1734.029 
391 2024 1142 13839.006 1734.064 
431 2017 1183 13881.571 1739.144 
481 1926 1188 13829.924 1732.415 
436 2004 1193 13881.632 1739.752 
463 1966 1200 13868.586 1737.382 
379 2047 1143 13842.379 1733.765 
