566 2617 1467 13756.558 1725.36 
669 2499 1545 13756.588 1726.054 
565 2619 1449 13737.21 1723.749 
462 2693 1405 13689.881 1715.948 
528 2645 1433 13738.471 1723.965 
556 2620 1425 13727.403 1722.826 
621 2556 1538 13780.496 1731.539 
580 2616 1488 13780.736 1729.512 
537 2628 1424 13729.323 1725.334 
675 2459 1535 13725.958 1719.358 
678 2465 1522 13747.581 1723.913 
484 2659 1407 13679.254 1714.381 
645 2503 1537 13748.004 1721.6 
658 2507 1531 13743.702 1721.268 
684 2471 1531 13735.397 1720.512 
675 2472 1519 13733.782 1720.56 
502 2650 1419 13689.235 1715.007 
477 2673 1397 13683.466 1714.766 
661 2510 1505 13761.38 1725.058 
537 2630 1433 13747.609 1724.67 
629 2548 1529 13769.21 1729.701 
610 2577 1498 13775.052 1732.672 
617 2572 1507 13780.49 1732.031 
546 2630 1447 13745.852 1724.113 
548 2631 1436 13739.318 1724.377 
646 2528 1532 13761.176 1724.239 
630 2560 1514 13779.867 1730.715 
483 2667 1416 13698.252 1718.226 
481 2668 1419 13686.663 1715.693 
647 2526 1514 13759.737 1728.052 
653 2521 1506 13764.088 1724.926 
588 2600 1473 13769.392 1730.62 
599 2597 1505 13783.591 1732.857 
542 2619 1450 13738.206 1724.408 
625 2562 1533 13764.687 1728.063 
615 2567 1531 13767.161 1727.842 
604 2595 1498 13773.618 1726.566 
606 2592 1525 13790.283 1730.514 
639 2539 1526 13763.639 1730.392 
640 2531 1524 13768.273 1725.708 
644 2516 1523 13757.019 1724.666 
604 2589 1511 13787.142 1730.728 
611 2589 1518 13784.816 1732.129 
489 2663 1395 13689.413 1715.406 
625 2570 1514 13772.898 1729.493 
628 2576 1513 13780.32 1730.759 
626 2568 1523 13782.01 1729.773 
597 2593 1520 13777.025 1729.109 
616 2577 1527 13771.494 1728.668 
594 2599 1525 13765.808 1727.758 
593 2598 1529 13774.601 1727.93 
586 2598 1492 13773.234 1728.035 
583 2605 1493 13767.315 1727.655 
608 2576 1519 13785.721 1729.979 
531 2626 1440 13735.494 1724.731 
539 2622 1439 13738.535 1725.643 
641 2533 1493 13740.83 1722.912 
642 2528 1500 13742.084 1726.536 
602 2585 1535 13766.883 1728.863 
609 2580 1533 13770.258 1728.716 
602 2598 1490 13764.934 1725.234 
595 2603 1492 13766.253 1728.28 
584 2604 1485 13757.309 1726.743 
582 2606 1483 13765.425 1727.35 
609 2587 1531 13782.702 1729.903 
610 2579 1530 13779.549 1729.658 
472 2678 1386 13675.463 1715.248 
595 2598 1482 13778.792 1729.608 
600 2596 1488 13776.732 1727.819 
560 2619 1420 13751.541 1727.35 
555 2618 1423 13745.58 1726.348 
629 2561 1508 13767.797 1726.061 
633 2557 1502 13767.252 1727.752 
466 2674 1390 13673.224 1714.511 
593 2611 1477 13770.577 1728.684 
618 2577 1520 13780.531 1730.756 
624 2552 1517 13769.088 1729.904 
624 2557 1512 13769.62 1731.922 
614 2572 1525 13784.111 1730.684 
617 2570 1522 13778.487 1730.451 
631 2547 1506 13749.067 1727.647 
636 2546 1510 13751.673 1727.271 
595 2599 1506 13763.539 1729.291 
496 2657 1408 13691.638 1716.769 
493 2661 1404 13691.382 1716.081 
591 2593 1510 13774.712 1730.451 
594 2595 1513 13771.035 1728.391 
601 2594 1512 13765.1 1727.331 
601 2596 1507 13764.476 1729.011 
654 2515 1518 13753.321 1724.237 
654 2514 1523 13754.693 1724.64 
465 2679 1396 13679.487 1714.489 
465 2677 1397 13674.707 1714.253 
633 2551 1503 13761.361 1730.358 
631 2551 1500 13761.776 1729.227 
605 2579 1522 13772.988 1730.559 
604 2581 1522 13775.069 1731.008 
620 2565 1554 13778.883 1729.27 
621 2563 1555 13779.725 1729.403 
597 2603 1479 13769.908 1726.209 
