343 1231 796 13799.302 1732.434 
332 1327 810 13936.202 1745.476 
333 1339 808 13952.826 1746.625 
322 1363 777 13942.618 1745.753 
306 1374 820 13954.926 1744.912 
297 1399 782 13968.727 1746.864 
257 1427 764 13920.921 1738.919 
265 1422 794 13951.555 1744.54 
285 1401 785 13922.391 1740.231 
321 1351 795 13932.614 1746.29 
284 1403 753 13928.783 1741.357 
309 1365 787 13935.004 1745.608 
295 1368 798 13909.605 1745.786 
268 1404 799 13915.999 1744.684 
298 1376 799 13940.945 1744.679 
301 1388 769 13969.765 1744.614 
272 1415 760 13906.97 1742.548 
316 1354 803 13920.964 1741.157 
304 1389 771 13945.074 1746.39 
298 1387 779 13937.399 1744.17 
260 1419 776 13922.754 1744.888 
310 1362 809 13959.665 1748.695 
293 1382 789 13918.286 1746.496 
317 1344 820 13935.635 1746.811 
283 1403 774 13956.931 1748.023 
273 1399 767 13936.545 1752.971 
272 1411 787 13946.934 1745.534 
261 1413 764 13926.247 1745.448 
277 1401 783 13954.2 1748.849 
291 1396 789 13955.631 1748.593 
292 1398 806 13942.291 1747.488 
302 1375 811 13941.638 1743.96 
307 1370 804 13945.322 1745.129 
302 1380 782 13927.778 1742.908 
301 1384 776 13953.9 1744.374 
299 1389 794 13946.828 1744.136 
329 1348 788 13945.696 1745.872 
326 1351 797 13945.406 1744.635 
312 1370 796 13953.033 1744.528 
301 1376 800 13928.486 1744.339 
278 1404 772 13940.787 1747.155 
314 1356 813 13926.695 1742.47 
285 1388 792 13944.503 1748.651 
298 1375 806 13918.906 1744.431 
269 1408 782 13923.516 1746.354 
306 1381 781 13964.353 1748.176 
310 1384 774 13963.845 1745.19 
315 1355 809 13935.42 1742.434 
303 1379 799 13919.074 1741.558 
295 1379 799 13915.334 1743.489 
317 1345 809 13936.692 1744.164 
317 1364 801 13955.801 1747.013 
320 1363 793 13955.966 1748.392 
266 1415 774 13912.675 1743.987 
268 1414 759 13920.312 1741.979 
271 1419 765 13918.616 1743.083 
270 1411 795 13931.361 1744.662 
270 1407 791 13925.057 1745.343 
295 1381 782 13944.82 1749.407 
319 1371 790 13960.156 1745.592 
313 1372 786 13956.516 1747.567 
267 1412 771 13920.066 1742.634 
284 1399 788 13936.563 1744.746 
279 1400 797 13940.24 1746.842 
283 1395 787 13948.413 1748.787 
283 1401 788 13943.35 1748.522 
323 1352 814 13939.232 1743.325 
316 1351 813 13941.604 1745.737 
296 1381 788 13948.427 1744.752 
282 1404 766 13928.75 1743.189 
279 1410 767 13931.834 1744.664 
289 1388 807 13945.139 1747.791 
275 1410 770 13911.264 1742.409 
275 1411 770 13918.722 1741.679 
304 1375 791 13930.597 1742.255 
292 1382 810 13938.838 1746.236 
286 1386 810 13939.269 1746.81 
300 1383 792 13928.606 1742.899 
303 1381 791 13934.718 1742.302 
274 1405 787 13937.843 1747.292 
278 1404 792 13935.561 1746.682 
336 1244 788 13814.907 1735.869 
338 1246 794 13813.451 1736.276 
309 1358 819 13919.039 1745.443 
307 1359 815 13921.283 1740.947 
307 1382 780 13946.36 1745.216 
273 1410 779 13931.802 1747.603 
274 1411 776 13937.367 1745.712 
288 1401 777 13939.963 1743.876 
285 1401 775 13935.012 1746.394 
306 1376 787 13943.218 1746.124 
277 1383 763 13922.379 1749.548 
314 1375 778 13956.081 1744.526 
309 1377 779 13952.609 1744.76 
278 1388 758 13925.04 1750.81 
279 1389 764 13923.771 1749.491 
308 1366 808 13935.725 1744.775 
311 1363 809 13939.419 1742.631 
304 1379 782 13943.155 1741.479 
301 1377 786 13938.87 1744.632 
