214 653 449 14015.069 1762.309 
157 724 417 14122.079 1777.097 
160 711 425 14071.423 1766.139 
188 683 459 14137.106 1775.187 
181 697 435 14174.587 1780.887 
207 655 467 14038.407 1767.88 
159 711 426 14083.176 1767.355 
207 662 466 14079.532 1772.55 
162 715 409 14093.206 1772.407 
186 694 440 14193.605 1781.225 
201 668 457 14069.329 1771.087 
209 652 468 14054.363 1768.845 
211 651 464 14061.965 1770.991 
201 665 459 14075.219 1769.165 
195 679 458 14161.133 1782.025 
163 710 410 14082.93 1770.846 
188 691 444 14177.881 1779.855 
162 716 411 14083.901 1769.6 
200 672 454 14095.935 1771.295 
203 668 455 14095.739 1772.172 
207 663 458 14083.359 1772.126 
160 715 417 14103.834 1771.995 
165 708 424 14089.284 1767.148 
162 710 422 14090.696 1767.715 
204 667 457 14081.917 1769.237 
206 664 456 14079.808 1769.378 
206 666 453 14070.868 1769.798 
206 665 455 14073.928 1769.713 
159 719 408 14083.134 1769.354 
190 682 458 14147.767 1778.573 
192 680 457 14148.579 1778.587 
164 708 419 14096.675 1769.413 
163 710 418 14096.377 1769.579 
214 643 462 14043.081 1765.902 
214 644 461 14042.149 1765.019 
186 695 434 14183.11 1779.138 
187 694 435 14182.574 1779.02 
159 715 422 14099.472 1775.688 
162 715 418 14087.253 1770.561 
162 715 417 14087.315 1770.574 
181 695 462 14204.592 1788.258 
152 716 422 14054.143 1771.537 
156 710 426 14060.727 1773.187 
179 706 441 14190.877 1783.581 
180 696 458 14183.817 1783.696 
177 701 448 14196.371 1785.921 
217 644 455 14033.642 1762.626 
214 641 461 14033.006 1765.934 
185 696 441 14200.427 1782.323 
189 686 458 14154.581 1778.821 
161 718 411 14100.525 1772.865 
191 687 446 14157.293 1781.891 
213 650 463 14055.666 1770.129 
189 687 440 14179.853 1780.329 
201 669 446 14073.634 1771.795 
189 688 449 14160.731 1783.634 
205 665 458 14078.582 1770.006 
213 662 461 14106.175 1774.508 
176 705 443 14192.049 1780.523 
196 674 454 14139.277 1777.147 
189 685 458 14153.959 1779.098 
161 707 420 14065.599 1770.13 
160 711 424 14071.469 1766.122 
194 685 456 14171.849 1782.414 
154 710 426 14065.284 1775.105 
188 689 454 14171.274 1782.987 
184 692 453 14167.065 1783.013 
156 725 416 14120.699 1778.556 
158 723 421 14127.25 1776.592 
208 653 468 14054.795 1767.263 
171 706 442 14149.02 1777.258 
180 703 453 14198.659 1785.571 
185 690 449 14153.375 1782.449 
186 692 448 14159.417 1782.139 
