500 1919 1198 13833.718 1731.873 
511 1901 1176 13818.648 1728.1 
466 2010 1210 13918.625 1741.856 
466 1997 1215 13910.139 1739.12 
473 2011 1172 13913.565 1743.519 
479 1993 1172 13874.813 1735.048 
485 1980 1173 13859.197 1737.278 
484 1969 1161 13863.842 1739.122 
491 1961 1165 13872.994 1739.374 
479 1990 1178 13896.54 1739.194 
492 1948 1203 13873.412 1736.323 
479 1963 1199 13860.91 1736.068 
493 1952 1197 13863.425 1737.489 
503 1898 1206 13831.931 1731.244 
491 1966 1173 13867.886 1731.612 
484 1971 1184 13855.871 1738.789 
488 1967 1171 13857.077 1735.145 
494 1904 1206 13799.629 1727.98 
468 2030 1201 13923.931 1744.223 
476 2014 1187 13903.098 1739.549 
475 2013 1187 13913.176 1742.926 
497 1957 1185 13875.015 1736.348 
501 1958 1186 13865.607 1738.976 
525 1883 1192 13823.88 1732.047 
516 1887 1190 13821.333 1731.051 
459 2031 1208 13930.912 1744.569 
459 2036 1200 13926.754 1743.866 
439 2052 1211 13936.779 1745.509 
475 1979 1200 13878.51 1737.604 
505 1930 1197 13853.485 1737.2 
496 1932 1195 13854.506 1735.009 
491 1933 1206 13859.852 1736.005 
493 1932 1208 13851.11 1732.953 
443 2057 1209 13947.779 1745.982 
484 1953 1192 13856.895 1733.968 
451 2063 1203 13952.806 1746.976 
498 1901 1206 13821.683 1728.54 
455 2042 1197 13933.312 1745.598 
495 1909 1205 13809.619 1731.003 
496 1905 1202 13815.295 1726.82 
443 2062 1194 13949.008 1747.846 
483 1935 1210 13829.407 1731.726 
481 1940 1204 13830.876 1731.762 
438 2065 1195 13943.165 1746.701 
451 2062 1194 13953.277 1746.667 
446 2066 1189 13953.589 1746.845 
485 1967 1191 13874.268 1734.914 
437 2061 1204 13943.759 1745.585 
489 1959 1188 13864.432 1736.337 
475 1988 1192 13884.122 1736.799 
479 1967 1193 13879.015 1739.285 
463 2035 1186 13924.983 1744.031 
459 2036 1186 13929.962 1745.612 
489 1939 1205 13841.507 1732.409 
485 1934 1204 13840.721 1733.629 
458 2047 1202 13937.732 1744.788 
510 1891 1168 13804.537 1728.189 
477 1987 1188 13888.901 1739.602 
484 1969 1191 13867.063 1734.708 
485 1963 1191 13867.967 1735.337 
428 2064 1204 13935.63 1744.043 
433 2062 1204 13937.973 1744.311 
487 1962 1189 13858.733 1734.643 
431 2068 1187 13936.957 1744.997 
432 2066 1191 13939.451 1746.863 
432 2067 1196 13936.097 1746.541 
448 2049 1210 13945.296 1748.339 
481 1988 1181 13884.653 1738.876 
483 1986 1184 13887.271 1738.577 
446 2053 1202 13943.768 1748.206 
444 2050 1205 13942.978 1747.29 
488 1960 1184 13854.131 1734.338 
447 2050 1218 13940.842 1745.787 
434 2065 1200 13935.107 1745.049 
438 2062 1205 13934.426 1744.157 
438 2065 1202 13934.816 1744.967 
490 1957 1188 13852.752 1735.116 
490 1958 1187 13856.577 1734.595 
451 2045 1204 13939.878 1745.235 
452 2046 1204 13936.166 1745.578 
450 2046 1214 13941.222 1746.2 
448 2049 1214 13942.853 1746.236 
476 1981 1192 13884.575 1737.878 
476 1982 1190 13885.845 1738.055 
514 1888 1174 13805.725 1727.685 
514 1888 1172 13805.816 1727.699 
482 1970 1195 13884.466 1738.478 
481 1971 1194 13883.76 1738.377 
463 2006 1202 13898.146 1742.259 
464 2005 1203 13898.629 1742.272 
494 1965 1181 13862.415 1738.686 
493 1966 1180 13861.504 1738.575 
493 1966 1181 13861.453 1738.374 
509 1944 1193 13872.048 1737.772 
469 2007 1189 13889.414 1738.717 
430 2074 1203 13946.188 1746.842 
474 1998 1197 13902.4 1742.659 
