758 3983 2097 13717.577 1718.367 
792 3936 2149 13709.676 1718.783 
792 3979 2090 13736.007 1720.891 
860 3868 2149 13729.113 1721.386 
878 3840 2123 13710.981 1719.085 
812 3937 2111 13715.994 1718.647 
781 3963 2125 13724.391 1720.355 
797 3940 2132 13711.874 1720.023 
796 3959 2120 13738.217 1722.02 
796 3959 2106 13734.597 1724.313 
843 3864 2195 13706.417 1718.475 
841 3860 2182 13711.21 1718.252 
811 3934 2157 13740.006 1722.273 
803 3931 2160 13729.695 1720.623 
833 3895 2111 13723.03 1721.103 
818 3868 2200 13708.741 1717.612 
815 3931 2142 13735.263 1720.259 
864 3864 2107 13727.282 1720.687 
806 3944 2128 13727.166 1721.05 
805 3939 2116 13728.623 1720.757 
826 3923 2102 13725.36 1720.628 
820 3916 2104 13717.111 1722.854 
815 3906 2155 13721.353 1718.992 
837 3914 2138 13730.426 1719.844 
841 3899 2152 13735.912 1720.924 
830 3900 2161 13730.336 1719.849 
844 3889 2156 13732.003 1722.851 
862 3856 2127 13719.234 1719.579 
785 3949 2143 13729.347 1721.711 
788 3958 2137 13728.919 1721.528 
870 3852 2132 13724.467 1720.337 
790 3963 2090 13727.72 1722.259 
784 3964 2099 13727.744 1723.029 
781 3906 2172 13700.077 1716.631 
848 3879 2170 13730.732 1721.753 
854 3884 2163 13731.667 1722.345 
824 3923 2154 13724.63 1721.306 
867 3847 2172 13718.462 1720.561 
857 3842 2174 13709.08 1718.985 
863 3842 2167 13712.612 1720.574 
810 3881 2168 13707.33 1716.472 
866 3853 2149 13723.877 1720.927 
841 3904 2115 13727.775 1720.095 
836 3914 2151 13721.083 1720.796 
773 3973 2108 13724.708 1719.803 
861 3873 2168 13723.256 1721.584 
856 3872 2175 13725.267 1720.763 
832 3904 2149 13723.456 1719.529 
831 3911 2144 13722.331 1721.039 
815 3928 2152 13726.829 1720.181 
817 3920 2122 13725.411 1719.884 
816 3923 2117 13719.654 1722.218 
787 3899 2167 13703.007 1716.616 
841 3901 2140 13716.232 1719.311 
838 3905 2136 13719.234 1719.674 
773 3965 2111 13718.602 1718.108 
769 3969 2110 13718.145 1718.661 
871 3831 2143 13724.026 1719.997 
868 3832 2147 13725.529 1721.72 
814 3920 2154 13724.646 1721.631 
796 3898 2171 13708.757 1718.593 
792 3898 2172 13706.247 1718.135 
811 3921 2158 13722.403 1718.811 
813 3918 2156 13721.343 1719.525 
874 3830 2134 13705.841 1717.259 
873 3832 2135 13706.948 1717.342 
875 3807 2169 13689.805 1715.371 
874 3808 2167 13689.078 1715.365 
795 3927 2137 13720.618 1722.385 
794 3929 2136 13720.739 1722.448 
847 3889 2162 13723.195 1718.671 
848 3888 2163 13723.568 1718.742 
834 3909 2119 13723.864 1720.289 
835 3908 2120 13723.929 1720.298 
865 3826 2157 13717.765 1721.297 
864 3827 2156 13717.782 1721.297 
838 3893 2165 13734.447 1721.823 
838 3894 2164 13735.099 1721.893 
871 3849 2142 13721.34 1718.036 
870 3850 2142 13720.73 1717.95 
891 3765 2171 13676.727 1713.729 
891 3764 2172 13676.207 1713.54 
808 3878 2200 13707.914 1718.019 
808 3877 2201 13707.539 1718.04 
873 3830 2172 13706.252 1719.37 
872 3830 2173 13705.999 1719.431 
863 3855 2116 13723.157 1720.259 
840 3874 2153 13732.247 1721.427 
840 3874 2154 13732.014 1721.374 
807 3891 2170 13705.909 1716.391 
807 3890 2170 13705.849 1716.404 
864 3854 2115 13723.353 1720.29 
864 3854 2116 13723.306 1720.286 
885 3829 2141 13716.954 1718.888 
885 3829 2142 13716.924 1718.887 
770 3920 2162 13697.72 1715.178 
873 3765 2178 13670.035 1713.007 
897 3822 2154 13714.811 1718.323 
