511 1939 1191 13870.456 1738.652 
436 2021 1143 13866.253 1741.674 
534 1870 1206 13813.035 1732.941 
467 1942 1215 13831.576 1730.672 
491 1930 1192 13821.826 1735.554 
492 1933 1197 13846.221 1734.146 
446 1995 1163 13840.407 1737.959 
442 1987 1172 13835.259 1731.751 
471 1974 1143 13831.481 1733.345 
518 1881 1209 13793.17 1724.702 
499 1921 1223 13831.891 1734.691 
464 1971 1189 13832.889 1735.018 
448 1993 1166 13862.362 1738.085 
493 1964 1184 13852.12 1736.69 
464 1983 1152 13833.25 1732.115 
512 1917 1196 13837.734 1736.848 
445 1985 1172 13854.893 1737.685 
530 1881 1196 13821.534 1732.329 
522 1886 1201 13819.662 1726.78 
488 1949 1214 13857.382 1739.854 
451 1979 1179 13838.634 1736.206 
507 1910 1223 13828.659 1733.088 
504 1912 1214 13822.59 1732.519 
479 1959 1207 13850.698 1737.33 
486 1960 1211 13858.641 1736.829 
458 1981 1182 13848.569 1732.374 
513 1911 1187 13823.745 1735.748 
465 1980 1154 13844.768 1735.023 
507 1915 1204 13829.078 1734.68 
503 1915 1209 13836.842 1738.706 
471 1966 1193 13844.685 1736.062 
479 1968 1195 13851.245 1735.811 
500 1948 1196 13839.468 1733.507 
512 1898 1201 13802.182 1731.618 
510 1890 1204 13797.134 1728.983 
500 1920 1194 13841.104 1734.336 
509 1904 1203 13823.526 1737.464 
535 1876 1180 13803.093 1730.169 
531 1881 1187 13806.859 1731.1 
490 1949 1182 13844.121 1737.372 
451 1994 1152 13860.751 1738.602 
460 1987 1152 13850.346 1738.085 
462 1985 1174 13847.608 1737.66 
487 1951 1197 13841.23 1733.36 
493 1953 1190 13838.223 1733.972 
466 1975 1164 13836.592 1736.516 
516 1896 1203 13822.121 1726.976 
512 1902 1202 13816.806 1730.632 
470 1970 1184 13860.892 1738.754 
467 1972 1167 13858.687 1740.249 
496 1928 1211 13829.66 1730.999 
473 1971 1158 13833.849 1732.412 
481 1963 1185 13856.438 1736.381 
475 1962 1184 13863.062 1738.086 
464 1976 1173 13839.419 1734.64 
471 1969 1167 13851.214 1737.125 
477 1966 1163 13855.467 1739.283 
481 1969 1156 13842.668 1737.53 
488 1965 1159 13844.307 1736.149 
490 1932 1207 13834.295 1734.482 
496 1927 1207 13833.769 1738.434 
481 1962 1160 13849.372 1738.024 
502 1924 1203 13838.413 1734.888 
446 2013 1155 13869.182 1740.882 
450 2006 1157 13868.397 1742.772 
464 1978 1159 13859.12 1740.061 
489 1940 1177 13842.302 1737.871 
495 1944 1175 13845.644 1735.61 
466 1975 1167 13847.433 1734.884 
455 1974 1171 13857.206 1737.564 
452 1977 1190 13828.351 1735.503 
452 1969 1192 13829.623 1734.155 
521 1897 1193 13822.047 1730.561 
520 1903 1188 13822.465 1733.445 
474 1967 1172 13830.114 1737.713 
476 1967 1164 13830.916 1736.386 
517 1923 1189 13831.054 1734.333 
511 1924 1194 13828.348 1733.489 
468 1935 1217 13811.217 1729.553 
473 1936 1216 13817.437 1727.551 
465 1978 1157 13868.503 1739.311 
463 1985 1157 13864.601 1740.431 
460 1980 1164 13853.902 1739.44 
495 1961 1172 13859.409 1738.242 
524 1889 1192 13812.214 1730.486 
518 1885 1200 13803.47 1729.723 
520 1884 1196 13809.724 1731.699 
490 1955 1169 13847.841 1738.854 
493 1958 1167 13854.301 1739.369 
480 1956 1170 13848.18 1739.03 
484 1962 1168 13847.635 1737.906 
455 1977 1173 13847.922 1736.562 
462 1975 1174 13847.72 1737.53 
456 1982 1169 13858.055 1736.246 
459 1987 1166 13859.232 1739.081 
452 1987 1156 13854.785 1739.85 
457 1987 1161 13854.101 1740.575 
503 1924 1192 13831.402 1736.924 
503 1927 1197 13833.268 1733.443 
526 1895 1190 13830.699 1733.979 
