341 1273 824 13835.837 1733.585 
325 1312 811 13858.556 1740.821 
288 1363 815 13870.372 1740.979 
300 1362 791 13876.653 1742.738 
291 1372 811 13905.568 1747.181 
323 1303 833 13873.98 1738.509 
332 1305 832 13881.68 1739.106 
288 1384 802 13927.871 1748.165 
332 1309 830 13900.321 1743.653 
339 1304 810 13891.4 1741.691 
323 1325 814 13904.17 1742.003 
317 1317 799 13884.986 1746.277 
329 1316 810 13901.966 1745.944 
335 1309 813 13900.067 1745.109 
311 1332 830 13908.793 1744.71 
313 1332 807 13899.626 1745.848 
314 1329 792 13885.412 1745.072 
316 1310 825 13881.531 1740.428 
305 1339 825 13906.555 1745.02 
325 1314 830 13894.887 1738.387 
312 1319 809 13895.29 1743.823 
300 1349 810 13873.603 1743.308 
300 1353 809 13881.503 1743.772 
280 1382 807 13886.276 1743.971 
281 1377 808 13879.359 1742.312 
318 1311 816 13896.767 1743.359 
302 1350 809 13894.355 1741.826 
309 1341 802 13882.01 1739.709 
309 1343 806 13888.985 1739.698 
336 1302 825 13888.285 1743.278 
333 1300 818 13889.025 1741.153 
315 1327 812 13885.17 1740.371 
287 1382 795 13916.381 1749.118 
281 1388 788 13909.06 1747.404 
285 1388 791 13895.146 1744.976 
278 1390 800 13922.066 1747.755 
313 1328 823 13887.272 1743.299 
316 1324 824 13899.791 1742.118 
315 1319 809 13886.821 1744.535 
306 1358 804 13896.083 1745.473 
292 1366 808 13891.169 1745.027 
296 1369 796 13891.642 1745.586 
276 1391 793 13908.65 1747.48 
323 1315 815 13891.42 1745.644 
318 1323 802 13897.231 1742.795 
302 1361 799 13896.158 1744.219 
318 1331 808 13880.215 1743.581 
315 1329 806 13885.277 1744.994 
299 1368 801 13899.356 1745.383 
325 1311 815 13878.803 1741.128 
329 1310 815 13883.844 1742.318 
346 1289 821 13880.422 1740.313 
315 1332 797 13879.614 1740.17 
317 1328 800 13880.949 1743.659 
319 1324 806 13887.728 1743.269 
311 1333 816 13902.881 1745.018 
294 1368 804 13896.146 1745.438 
298 1365 801 13893.549 1745.767 
317 1318 827 13877.256 1739.533 
280 1394 791 13922.399 1748.744 
275 1392 793 13922.134 1748.11 
312 1335 821 13906.467 1743.441 
336 1292 832 13879.689 1740.543 
338 1292 832 13885.079 1740.255 
324 1317 823 13893.556 1743.132 
287 1385 789 13901.483 1746.124 
290 1375 796 13903.795 1745.057 
323 1319 810 13891.25 1743.363 
321 1321 806 13893.16 1742.866 
314 1326 818 13879.96 1741.143 
314 1325 823 13880.94 1741.278 
281 1389 798 13903.845 1747.732 
308 1341 811 13896.567 1745.97 
305 1343 808 13897.283 1744.59 
313 1336 797 13895.85 1744.437 
312 1337 798 13891.418 1743.322 
320 1321 824 13893.716 1743.372 
299 1372 801 13882.61 1743.6 
300 1371 797 13884.217 1741.979 
289 1380 796 13902.054 1745.642 
279 1385 795 13912.968 1747.748 
341 1294 817 13878.403 1741.097 
289 1381 790 13899.454 1743.755 
290 1380 794 13897.902 1744.714 
315 1323 826 13876.214 1742.151 
313 1320 828 13874.695 1742.006 
296 1374 803 13915.106 1745.196 
294 1373 801 13911.921 1745.442 
322 1320 822 13899.081 1742.737 
321 1322 821 13896.121 1740.798 
311 1339 814 13904.977 1745.645 
311 1339 818 13904.093 1744.701 
340 1293 816 13884.728 1741.194 
282 1387 797 13908.281 1747.976 
279 1388 798 13910.802 1747.896 
342 1290 816 13881.484 1741.055 
341 1291 815 13881.349 1741.054 
284 1389 796 13919.092 1747.013 
284 1388 797 13919.15 1747.068 
328 1295 838 13869.276 1739.387 
