154 697 447 13998.358 1762.577 
125 744 408 14016.529 1761.949 
142 742 442 14118.219 1771.76 
137 743 434 14098.777 1770.599 
191 676 456 14177.109 1784.973 
162 714 441 14067.418 1767.727 
154 728 439 14103.643 1768.136 
149 720 446 14100.049 1766.83 
183 689 461 14147.274 1778.408 
198 671 454 14132.825 1779.84 
150 712 444 14048.375 1761.795 
137 732 409 14059.579 1773.956 
191 675 453 14155.8 1787.314 
186 681 452 14103.446 1774.301 
202 666 449 14123.808 1773.167 
189 682 439 14118.332 1779.001 
165 702 417 14075.972 1777.097 
183 679 458 14146.929 1784.943 
180 682 457 14139.745 1783.698 
199 674 454 14152.32 1778.881 
192 670 453 14150.48 1779.812 
209 661 450 14107.988 1772.803 
202 666 453 14100.815 1774.311 
203 663 454 14107.911 1775.519 
192 676 451 14124.383 1779.515 
151 716 428 14077.046 1770.5 
154 714 434 14080.514 1770.371 
163 706 413 14066.319 1775.457 
162 702 418 14068.242 1778.997 
185 683 447 14114.715 1778.086 
181 680 451 14111.173 1779.06 
157 704 442 14059.369 1764.307 
173 698 431 14081.353 1774.747 
168 694 446 14144.749 1784.948 
176 692 446 14139.683 1783.101 
172 688 448 14143.441 1784.069 
171 691 443 14141.951 1782.5 
169 701 435 14079.181 1773.757 
201 663 460 14178.929 1785.337 
197 669 455 14119.494 1778.072 
197 668 456 14113.962 1777.739 
183 690 435 14133.111 1779.038 
148 729 429 14058.383 1765.226 
147 727 426 14057.044 1768.572 
178 687 446 14153.713 1785.88 
140 729 415 14067.994 1773.271 
190 680 446 14130.326 1778.279 
188 680 445 14127.014 1780.902 
144 725 416 14070.598 1772.351 
144 727 414 14066.758 1772.382 
182 681 446 14136.781 1780.969 
172 697 436 14084.718 1777.223 
162 708 437 14106.726 1775.214 
163 706 438 14104.84 1774.756 
192 684 438 14138.06 1781.413 
192 685 437 14135.479 1780.972 
199 666 464 14183.205 1784.013 
199 667 463 14180.788 1783.923 
175 685 451 14109.078 1781.038 
161 707 412 14090.064 1776.957 
152 709 445 14058.702 1767.428 
153 708 444 14057.063 1767.154 
204 637 461 14042.899 1766.635 
170 699 437 14084.425 1775.181 
171 698 438 14083.769 1775.126 
163 704 414 14088.675 1777.206 
162 705 413 14089.281 1777.31 
182 690 437 14135.725 1783.627 
181 691 436 14135.268 1783.615 
202 639 459 14041.994 1766.462 
203 638 460 14041.577 1766.381 
179 696 463 14159.398 1780.789 
180 695 464 14159.161 1780.737 
166 709 428 14096.616 1774.059 
167 708 428 14096.204 1774.021 
180 685 446 14149.326 1786.418 
179 686 446 14148.936 1786.351 
174 687 450 14110.601 1781.319 
174 687 451 14110.384 1781.267 
205 647 458 14077.548 1772.93 
145 721 413 14042.923 1768.811 
201 643 465 14057.667 1766.286 
147 723 444 14086.087 1765.134 
174 701 439 14098.408 1770.974 
186 676 460 14119.406 1778.682 
210 660 448 14120.29 1777.145 
169 704 431 14105.841 1776.132 
201 678 450 14156.931 1780.984 
181 684 449 14164.999 1787.714 
171 697 432 14097.276 1777.645 
