983 4448 2413 13657.813 1711.294 
904 4478 2447 13637.218 1705.683 
984 4442 2489 13665.513 1708.612 
868 4527 2416 13658.251 1708.289 
1051 4328 2472 13647.389 1710.027 
922 4484 2399 13645.502 1708.679 
925 4483 2422 13638.312 1706.42 
994 4386 2505 13646.12 1709.836 
907 4492 2366 13632.237 1705.194 
901 4514 2361 13638.158 1706.566 
1035 4315 2515 13628.259 1706.781 
1019 4378 2519 13650.275 1707.915 
944 4463 2420 13650.283 1706.976 
1012 4379 2499 13659.644 1709.668 
913 4454 2457 13644.987 1707.341 
1033 4369 2465 13636.191 1706.231 
939 4451 2484 13659.052 1707.367 
924 4453 2475 13648.22 1707.989 
829 4572 2332 13639.144 1706.05 
1023 4424 2458 13662.981 1707.928 
1024 4359 2481 13635.745 1706.666 
962 4453 2456 13655.242 1711.068 
1046 4349 2475 13659.999 1708.992 
941 4473 2453 13666.701 1708.712 
940 4478 2434 13664.301 1709.871 
1038 4367 2478 13659.176 1710.4 
1016 4343 2535 13627.645 1704.843 
1030 4381 2465 13662.293 1709.151 
984 4408 2495 13650.928 1707.616 
946 4456 2436 13665.534 1711.387 
962 4460 2430 13659.051 1711.148 
998 4429 2470 13670.895 1712.412 
1005 4428 2481 13660.31 1708.172 
1008 4410 2465 13648.141 1708.406 
854 4537 2389 13654.199 1709.077 
1022 4364 2497 13646.827 1708.561 
841 4555 2368 13637.248 1703.906 
1009 4384 2469 13666.656 1710.879 
851 4543 2372 13640.836 1704.754 
874 4510 2401 13647.857 1709.277 
889 4481 2404 13627.805 1708.581 
855 4539 2358 13650.67 1709.5 
1047 4347 2495 13658.665 1709.906 
878 4498 2412 13642.335 1708.093 
828 4581 2359 13643.683 1706.617 
833 4569 2352 13637.749 1705.24 
993 4431 2457 13654.819 1707.078 
887 4496 2436 13629.404 1706.682 
1054 4335 2500 13652.268 1709.302 
1040 4330 2501 13647.654 1709.246 
867 4530 2378 13637.002 1708.032 
883 4507 2385 13647.683 1706.763 
1031 4333 2501 13634.783 1708.989 
1028 4335 2525 13636.205 1706.93 
1021 4337 2513 13631.716 1706.832 
1005 4400 2468 13667.244 1710.594 
857 4552 2371 13657.365 1709.323 
864 4542 2371 13650.344 1707.716 
1033 4356 2493 13654.949 1711.32 
1004 4441 2455 13668.926 1708.247 
1006 4428 2452 13671.111 1710.805 
839 4555 2382 13651.36 1708.064 
841 4543 2386 13646.367 1706.783 
975 4436 2459 13654.808 1709.771 
1022 4395 2465 13650.569 1707.662 
1026 4401 2454 13654.697 1708.237 
993 4400 2484 13663.757 1711.942 
1019 4398 2505 13664.105 1709.406 
1008 4402 2499 13663.587 1711.661 
880 4531 2382 13644.159 1707.893 
969 4425 2479 13647.189 1709.204 
975 4416 2481 13640.163 1708.77 
887 4487 2393 13639.863 1709.068 
1059 4303 2487 13636.423 1709.615 
1058 4304 2493 13647.718 1708.042 
983 4461 2452 13668.394 1711.131 
988 4459 2444 13660.74 1707.669 
1007 4425 2443 13653.255 1708.048 
1009 4415 2449 13648.454 1708.079 
1000 4411 2476 13664.719 1710.762 
988 4453 2453 13652.263 1707.55 
865 4519 2386 13646.973 1710.067 
876 4522 2390 13648.119 1708.478 
1039 4344 2497 13640.738 1708.723 
1031 4347 2500 13648.245 1706.927 
1020 4380 2481 13642.655 1707.274 
1029 4383 2476 13646.728 1705.468 
999 4413 2486 13656.313 1708.367 
1005 4406 2486 13662.007 1711.052 
1048 4314 2503 13644.461 1708.066 
1053 4311 2512 13647.086 1708.012 
980 4451 2462 13661.373 1708.86 
985 4444 2457 13659.021 1707.582 
889 4482 2420 13630.338 1707.425 
883 4484 2427 13626.317 1707.056 
1015 4403 2447 13665.328 1710.596 
1016 4408 2446 13656.9 1710.125 
1068 4298 2522 13651.139 1708.02 
1065 4307 2523 13649.386 1707.893 
879 4499 2397 13636.75 1707.482 
