881 4623 2522 13718.486 1719.877 
911 4583 2584 13725.444 1720.703 
914 4590 2569 13730.104 1720.66 
966 4479 2582 13703.533 1717.027 
911 4610 2506 13733.089 1719.043 
896 4590 2580 13720.186 1719.879 
889 4615 2551 13723.658 1721.097 
932 4563 2572 13733.407 1720.636 
982 4491 2553 13710.017 1717.545 
974 4499 2551 13716.219 1719.002 
961 4509 2556 13709.714 1718.045 
965 4481 2561 13700.933 1718.888 
963 4504 2521 13713.358 1720.184 
872 4635 2480 13712.394 1719.708 
948 4542 2519 13720.761 1719.122 
915 4589 2570 13730.049 1720.652 
973 4492 2568 13704.462 1717.356 
895 4591 2580 13720.152 1719.873 
894 4606 2561 13725.55 1719.938 
872 4632 2486 13717.358 1719.759 
888 4612 2561 13723.824 1720.773 
874 4626 2479 13712.572 1718.875 
957 4533 2603 13720.893 1718.215 
957 4533 2547 13725.456 1718.78 
951 4549 2606 13724.95 1718.643 
959 4520 2558 13717.877 1720.187 
910 4593 2553 13731.386 1721.051 
882 4618 2519 13728.369 1719.416 
885 4623 2510 13718.429 1717.214 
959 4520 2559 13717.854 1720.186 
924 4587 2574 13722.421 1718.648 
960 4531 2605 13719.319 1718.621 
880 4624 2503 13714.961 1716.901 
917 4584 2559 13733.086 1721.502 
901 4617 2521 13727.74 1720.18 
975 4466 2581 13702.947 1717.787 
977 4492 2541 13701.98 1717.622 
970 4496 2567 13712.147 1718.869 
961 4487 2531 13708.42 1720.007 
962 4513 2540 13716.561 1718.713 
939 4582 2565 13741.303 1721.328 
978 4467 2559 13698.77 1717.735 
927 4597 2557 13740.486 1720.861 
940 4567 2602 13720.855 1718.666 
964 4484 2561 13701.689 1718.876 
873 4624 2521 13725.928 1721.163 
959 4532 2605 13719.546 1718.629 
960 4514 2539 13716.251 1718.64 
925 4584 2576 13720.976 1718.343 
964 4503 2522 13713.199 1720.186 
877 4625 2515 13713.927 1719.34 
966 4481 2568 13702.77 1717.543 
979 4477 2561 13703.779 1716.894 
943 4576 2588 13731.977 1722.516 
924 4571 2600 13718.346 1717.69 
976 4490 2546 13701.697 1718.283 
895 4591 2579 13720.174 1719.874 
957 4493 2547 13715.754 1721.462 
909 4607 2544 13734.873 1720.805 
947 4542 2571 13714.67 1719.864 
904 4598 2578 13730.889 1721.012 
885 4618 2516 13716.055 1719.985 
947 4497 2547 13711.812 1720.351 
890 4620 2511 13728.368 1719.022 
888 4609 2564 13728.112 1720.256 
975 4468 2522 13696.138 1718.693 
970 4505 2565 13716.665 1718.731 
946 4561 2593 13724.327 1721.223 
975 4485 2567 13703.607 1717.839 
904 4615 2545 13739.461 1721.681 
977 4490 2539 13707.832 1718.681 
984 4474 2580 13699.603 1717.056 
