960 4513 2436 13678.078 1713.409 
976 4470 2425 13666.45 1711.697 
958 4509 2431 13675.374 1713.548 
936 4559 2379 13673.946 1710.462 
904 4569 2350 13675.89 1712.971 
979 4448 2427 13665.194 1712.754 
951 4502 2418 13678.653 1714.675 
937 4553 2376 13675.538 1710.541 
935 4548 2381 13679.639 1712.501 
938 4541 2389 13672.256 1710.26 
968 4475 2415 13668.418 1712.534 
975 4441 2420 13659.343 1713.272 
937 4545 2382 13678.413 1712.383 
941 4543 2374 13681.305 1713.055 
945 4539 2413 13679.839 1713.658 
926 4565 2370 13682.59 1713.412 
978 4468 2444 13664.366 1711.612 
986 4445 2449 13661.03 1711.276 
953 4526 2434 13683.459 1714.01 
952 4521 2413 13680.975 1714.17 
970 4488 2422 13660.6 1711.045 
951 4505 2428 13678.423 1714.542 
904 4569 2348 13678.575 1711.523 
961 4500 2434 13672.662 1712.768 
984 4451 2441 13664.528 1711.658 
1000 4425 2440 13655.776 1710.598 
997 4414 2449 13663.133 1711.956 
924 4562 2394 13684.781 1713.695 
959 4465 2449 13666.652 1711.315 
986 4453 2449 13660.304 1711.041 
981 4455 2455 13667.082 1711.187 
978 4449 2426 13664.818 1712.653 
936 4534 2413 13684.76 1714.329 
960 4488 2402 13668.258 1713.869 
977 4468 2439 13674.894 1712.88 
935 4561 2379 13674.766 1710.622 
993 4443 2425 13659.848 1710.817 
934 4549 2380 13679.281 1712.436 
973 4476 2436 13669.523 1711.874 
952 4511 2419 13678.294 1715.376 
976 4458 2459 13667.302 1711.351 
964 4510 2428 13682.834 1713.653 
936 4536 2410 13683.97 1713.76 
953 4501 2418 13677.345 1714.754 
997 4413 2450 13663.533 1711.954 
985 4450 2441 13664.581 1711.663 
995 4440 2451 13665.235 1711.077 
993 4436 2448 13659.693 1711.904 
940 4478 2443 13661.778 1710.528 
932 4559 2409 13684.073 1714.295 
996 4414 2455 13662.883 1711.973 
991 4447 2444 13665.563 1712.922 
980 4461 2429 13660.857 1710.968 
965 4519 2426 13677.995 1713.118 
932 4550 2406 13688.306 1713.77 
971 4465 2460 13665.2 1712.139 
979 4456 2430 13668.707 1711.531 
982 4450 2468 13670.664 1711.795 
942 4531 2420 13676.338 1712.457 
990 4441 2457 13671.041 1711.705 
1001 4439 2435 13663.865 1712.946 
996 4440 2447 13662.736 1710.86 
988 4458 2448 13667.708 1711.311 
948 4526 2426 13687.07 1713.574 
941 4535 2405 13681.047 1713.175 
956 4525 2420 13682.146 1713.87 
982 4462 2396 13649.742 1709.574 
975 4465 2443 13670.545 1712.283 
981 4447 2450 13663.455 1712.071 
946 4530 2403 13677.991 1712.475 
966 4485 2429 13670.578 1711.07 
992 4442 2453 13658.425 1710.682 
