878 3869 2239 13757.684 1723.413 
875 3831 2249 13748.941 1722.297 
901 3873 2201 13780.65 1728.383 
879 3895 2212 13788.659 1728.564 
906 3835 2240 13763.459 1725.162 
914 3763 2212 13722.465 1722.052 
849 3924 2223 13782.635 1726.766 
880 3892 2223 13789.004 1728.166 
878 3869 2240 13757.679 1723.413 
901 3873 2200 13780.33 1728.402 
915 3799 2157 13732.673 1722.706 
888 3891 2234 13788.657 1728.434 
857 3913 2231 13776.311 1726.71 
903 3871 2227 13790.337 1729.293 
869 3898 2252 13785.167 1726.974 
872 3883 2252 13761.199 1724.148 
894 3882 2212 13789.935 1728.473 
873 3896 2214 13779.059 1726.874 
899 3875 2220 13787.785 1729.185 
879 3866 2248 13764.0 1724.13 
880 3892 2222 13789.065 1728.168 
848 3931 2231 13795.508 1730.285 
882 3827 2243 13750.076 1722.244 
875 3832 2249 13748.803 1722.293 
864 3901 2229 13786.808 1728.773 
855 3920 2228 13789.069 1728.747 
918 3749 2226 13717.594 1721.688 
928 3796 2195 13738.093 1723.876 
889 3889 2234 13787.914 1728.286 
854 3932 2220 13781.81 1727.707 
881 3898 2207 13785.309 1727.895 
853 3941 2199 13790.261 1729.466 
880 3894 2212 13788.618 1728.558 
906 3862 2219 13779.727 1727.928 
909 3831 2242 13767.06 1726.468 
913 3800 2143 13725.253 1720.469 
827 3943 2185 13783.584 1728.59 
862 3926 2218 13794.519 1728.907 
922 3755 2223 13720.642 1721.067 
894 3789 2254 13721.715 1718.859 
872 3909 2243 13787.178 1728.491 
857 3932 2209 13781.678 1728.603 
907 3863 2207 13778.622 1727.791 
873 3882 2252 13761.186 1724.146 
852 3922 2221 13790.836 1728.26 
929 3789 2210 13742.363 1724.732 
893 3887 2214 13783.541 1728.215 
900 3874 2198 13779.963 1728.331 
856 3939 2206 13790.855 1730.015 
845 3938 2228 13795.756 1730.713 
897 3878 2229 13786.364 1728.288 
922 3760 2211 13731.332 1719.102 
902 3872 2226 13790.437 1729.301 
899 3883 2212 13784.074 1727.522 
816 3948 2181 13770.108 1726.912 
874 3879 2220 13781.432 1728.903 
928 3790 2209 13742.395 1724.735 
894 3880 2219 13789.028 1729.284 
883 3826 2244 13750.691 1722.408 
908 3868 2204 13782.983 1728.262 
866 3920 2225 13782.764 1727.957 
858 3912 2236 13780.825 1727.812 
828 3946 2191 13786.75 1728.349 
853 3906 2236 13784.206 1729.515 
