1036 4380 2525 13650.382 1711.345 
1023 4390 2461 13651.884 1712.512 
852 4633 2389 13673.582 1715.108 
1004 4413 2537 13656.723 1712.345 
1010 4400 2526 13663.433 1713.843 
1011 4379 2481 13650.837 1713.668 
1019 4380 2494 13656.083 1713.178 
876 4584 2388 13654.752 1712.905 
878 4573 2388 13644.376 1713.769 
999 4442 2545 13676.984 1714.874 
1006 4436 2534 13673.461 1713.406 
967 4522 2492 13696.264 1717.433 
956 4525 2498 13689.21 1715.669 
863 4572 2427 13657.091 1714.962 
867 4583 2421 13662.149 1715.61 
955 4523 2482 13687.365 1715.705 
877 4575 2417 13657.044 1714.047 
889 4571 2421 13655.291 1714.364 
992 4476 2496 13672.29 1712.703 
849 4610 2439 13668.576 1715.219 
858 4610 2434 13661.499 1713.172 
974 4501 2494 13686.437 1716.286 
969 4498 2505 13687.536 1716.991 
829 4628 2407 13665.274 1713.811 
837 4622 2400 13665.026 1714.401 
858 4597 2409 13664.482 1714.544 
897 4549 2417 13655.622 1713.391 
887 4569 2442 13661.406 1715.783 
884 4570 2433 13654.353 1715.167 
977 4476 2515 13668.547 1715.123 
851 4631 2408 13666.682 1712.66 
1004 4448 2522 13677.863 1713.359 
1019 4402 2507 13653.085 1710.557 
892 4562 2404 13647.225 1713.335 
892 4561 2413 13653.54 1714.195 
997 4456 2508 13673.857 1715.871 
896 4557 2437 13652.218 1714.643 
987 4470 2512 13683.2 1716.104 
1006 4438 2507 13664.332 1711.038 
989 4477 2513 13672.703 1714.612 
845 4614 2416 13665.819 1714.352 
987 4494 2498 13685.996 1715.796 
989 4459 2521 13681.008 1715.922 
998 4457 2519 13677.74 1714.899 
978 4462 2522 13675.628 1713.359 
985 4469 2518 13671.388 1712.43 
907 4541 2444 13649.605 1713.784 
911 4543 2436 13652.274 1715.069 
957 4534 2472 13690.741 1716.213 
847 4618 2406 13661.624 1713.359 
847 4623 2414 13662.981 1712.171 
990 4469 2507 13669.9 1712.209 
993 4465 2515 13669.627 1713.333 
855 4616 2419 13668.975 1714.306 
863 4613 2415 13668.937 1714.379 
1007 4426 2513 13665.989 1713.515 
991 4489 2506 13679.067 1715.121 
981 4493 2513 13675.538 1714.081 
864 4607 2406 13662.809 1713.579 
983 4483 2515 13677.79 1714.743 
989 4489 2515 13674.522 1714.428 
1008 4408 2519 13651.473 1711.884 
1016 4409 2515 13651.788 1712.302 
892 4553 2427 13655.297 1712.886 
891 4561 2429 13652.302 1714.543 
854 4616 2405 13667.904 1716.86 
860 4610 2405 13670.187 1715.293 
995 4468 2504 13687.73 1715.757 
989 4492 2511 13688.956 1715.373 
1009 4436 2516 13667.381 1712.968 
1004 4431 2520 13664.821 1714.555 
950 4540 2476 13695.412 1716.875 
955 4536 2481 13692.648 1716.181 
990 4485 2497 13689.126 1716.557 
989 4484 2505 13686.396 1716.007 
990 4452 2528 13668.99 1714.232 
993 4450 2521 13671.68 1715.83 
1021 4396 2494 13661.651 1712.558 
974 4518 2509 13690.979 1715.911 
967 4522 2508 13690.001 1716.457 
994 4464 2509 13680.438 1714.414 
999 4466 2503 13680.432 1714.142 
856 4619 2396 13661.617 1713.172 
860 4621 2402 13664.24 1713.154 
875 4600 2457 13669.837 1713.552 
868 4601 2454 13668.967 1714.194 
982 4500 2503 13693.873 1716.787 
984 4496 2509 13694.381 1716.651 
997 4470 2486 13676.234 1715.349 
997 4466 2492 13676.589 1714.617 
1014 4437 2503 13671.599 1712.315 
900 4549 2431 13648.218 1713.2 
902 4545 2436 13648.87 1714.099 
1015 4406 2489 13657.911 1713.25 
1018 4402 2489 13662.402 1712.352 
1007 4441 2501 13671.24 1714.01 
1009 4435 2500 13669.133 1714.519 
972 4463 2527 13669.239 1713.523 
971 4468 2524 13672.442 1713.36 
974 4497 2519 13683.255 1716.194 
