482 1879 1132 13719.333 1720.142 
475 1972 1168 13848.244 1734.109 
461 2010 1163 13876.397 1737.213 
439 1999 1197 13832.31 1735.974 
423 2053 1157 13878.257 1738.274 
421 2054 1167 13883.606 1739.935 
477 1889 1145 13724.091 1719.631 
439 2001 1190 13842.003 1731.348 
443 2018 1189 13876.509 1737.542 
456 2007 1174 13863.435 1737.754 
452 2010 1170 13852.706 1736.936 
430 2008 1181 13862.173 1738.98 
440 2029 1180 13870.096 1736.422 
470 1976 1181 13839.127 1734.577 
442 2018 1178 13862.225 1737.745 
444 2013 1185 13860.342 1736.169 
472 1972 1189 13839.558 1733.803 
433 2012 1178 13842.369 1738.608 
441 2009 1177 13842.06 1739.0 
437 2011 1197 13841.33 1736.985 
462 2001 1166 13864.652 1735.394 
436 2019 1176 13872.868 1741.006 
437 2021 1158 13876.062 1743.585 
493 1846 1131 13683.138 1716.079 
451 1997 1184 13863.18 1737.502 
433 2027 1176 13866.757 1738.652 
457 1997 1169 13858.361 1735.139 
437 2024 1180 13876.966 1738.571 
444 2017 1159 13867.269 1740.575 
438 2012 1169 13857.357 1739.432 
442 2009 1165 13860.702 1739.296 
455 2002 1181 13874.046 1737.86 
451 2006 1164 13858.786 1738.608 
492 1859 1128 13695.38 1717.016 
492 1853 1129 13692.48 1716.801 
448 2012 1179 13871.35 1736.957 
452 2007 1180 13870.194 1737.754 
454 1995 1166 13862.571 1740.13 
455 2001 1166 13863.511 1739.329 
455 1996 1186 13847.458 1733.997 
454 1991 1189 13846.383 1733.845 
455 1989 1183 13850.601 1735.503 
456 1988 1178 13848.242 1733.808 
428 2030 1180 13864.388 1736.801 
424 2033 1182 13863.969 1736.649 
444 2023 1178 13877.422 1737.573 
447 2024 1174 13878.1 1739.126 
448 2008 1164 13864.74 1739.415 
450 2005 1167 13866.166 1739.17 
442 2021 1162 13861.995 1739.201 
439 2024 1161 13864.073 1739.893 
478 1883 1153 13740.538 1723.086 
480 1884 1153 13736.392 1723.068 
442 2008 1187 13839.357 1737.998 
439 2009 1190 13837.956 1737.299 
477 1883 1154 13726.785 1719.428 
425 2036 1177 13879.864 1741.133 
428 2037 1178 13880.454 1740.77 
447 2001 1183 13868.473 1737.187 
446 2003 1182 13870.114 1737.307 
423 2035 1187 13861.935 1739.876 
424 2033 1187 13861.393 1739.878 
479 1879 1155 13725.395 1719.816 
478 1880 1154 13724.219 1719.548 
449 2010 1157 13859.743 1738.901 
476 1968 1183 13843.147 1734.604 
475 1969 1182 13842.533 1734.497 
466 1994 1176 13863.441 1737.076 
465 1995 1175 13862.921 1736.981 
491 1877 1163 13730.35 1721.586 
490 1878 1162 13729.947 1721.479 
447 2011 1150 13847.975 1739.546 
448 2010 1151 13847.772 1739.532 
451 2026 1184 13883.706 1736.397 
450 2027 1183 13883.647 1736.377 
449 2023 1169 13867.159 1738.699 
449 2024 1168 13867.984 1738.85 
451 2010 1156 13859.846 1738.839 
450 2011 1156 13860.6 1738.918 
456 1993 1177 13844.112 1732.436 
457 1992 1177 13844.273 1732.474 
440 2022 1161 13870.103 1739.944 
439 2023 1161 13870.253 1739.969 
450 2027 1170 13874.718 1737.965 
450 2027 1171 13874.702 1737.964 
443 2024 1187 13885.04 1737.108 
443 2024 1187 13884.3 1737.244 
437 2052 1173 13899.706 1741.362 
468 1987 1195 13874.058 1738.145 
447 2035 1175 13882.447 1738.891 
444 1999 1189 13850.022 1735.023 
438 2009 1180 13866.635 1738.098 
493 1848 1125 13687.585 1714.139 
457 1994 1175 13860.432 1738.037 
