619 2465 1475 13671.17 1712.276 
623 2447 1445 13644.422 1709.38 
594 2541 1470 13715.377 1718.597 
570 2576 1434 13707.026 1718.038 
565 2581 1445 13728.636 1725.419 
542 2647 1456 13761.001 1726.57 
532 2633 1508 13755.174 1723.836 
533 2624 1503 13745.227 1723.583 
564 2592 1501 13734.85 1722.825 
544 2625 1489 13747.166 1725.937 
541 2626 1494 13737.49 1720.93 
565 2589 1459 13731.345 1723.444 
560 2585 1454 13739.533 1725.402 
603 2512 1488 13704.087 1715.886 
545 2623 1483 13723.429 1719.627 
561 2591 1482 13725.219 1723.265 
598 2526 1478 13709.173 1717.48 
600 2521 1487 13710.55 1717.813 
548 2615 1466 13746.208 1723.727 
556 2614 1472 13748.244 1725.892 
567 2584 1478 13738.073 1723.136 
601 2512 1455 13696.06 1716.015 
608 2508 1458 13690.45 1716.915 
476 2670 1395 13686.056 1715.282 
586 2535 1473 13696.626 1717.66 
594 2530 1474 13694.592 1717.351 
527 2640 1484 13744.118 1723.957 
522 2641 1480 13736.155 1723.293 
529 2642 1476 13740.163 1725.844 
536 2628 1473 13732.148 1724.792 
544 2628 1475 13728.187 1722.705 
481 2670 1392 13698.022 1715.972 
562 2592 1474 13737.134 1724.185 
591 2522 1488 13699.378 1715.52 
591 2524 1481 13695.965 1715.49 
467 2671 1382 13691.875 1718.543 
563 2605 1495 13732.832 1722.776 
470 2674 1397 13692.923 1717.729 
475 2670 1397 13694.94 1718.762 
618 2483 1488 13690.497 1713.974 
466 2682 1380 13693.516 1715.33 
610 2497 1475 13694.444 1715.78 
610 2496 1480 13690.71 1715.445 
470 2678 1383 13690.515 1716.694 
467 2679 1385 13695.084 1716.998 
529 2649 1458 13750.813 1726.02 
532 2648 1462 13750.968 1726.951 
558 2552 1508 13699.214 1719.231 
558 2551 1505 13702.144 1721.67 
526 2651 1423 13732.549 1722.466 
525 2650 1424 13735.524 1723.911 
467 2680 1381 13702.721 1719.276 
468 2677 1380 13701.043 1719.177 
575 2555 1480 13708.688 1718.839 
576 2553 1481 13707.32 1718.511 
522 2664 1461 13763.218 1727.489 
557 2586 1476 13734.428 1723.851 
519 2667 1458 13763.271 1727.367 
625 2419 1432 13624.607 1704.919 
627 2418 1433 13625.396 1704.934 
540 2615 1514 13734.256 1723.213 
556 2609 1491 13732.668 1725.055 
557 2608 1492 13733.261 1725.165 
541 2613 1515 13734.665 1723.394 
453 2685 1372 13680.016 1714.759 
549 2616 1451 13725.387 1719.984 
550 2615 1452 13725.343 1719.963 
554 2588 1502 13726.389 1724.6 
555 2587 1501 13726.391 1724.61 
461 2683 1369 13669.253 1711.283 
460 2684 1369 13669.855 1711.271 
573 2565 1447 13707.712 1718.32 
573 2564 1446 13707.867 1718.356 
453 2684 1373 13678.931 1714.709 
452 2685 1373 13679.008 1714.716 
546 2609 1477 13744.658 1725.373 
547 2608 1477 13744.602 1725.371 
520 2665 1460 13762.109 1727.239 
520 2665 1459 13762.412 1727.289 
558 2584 1475 13732.871 1723.738 
558 2584 1476 13732.962 1723.718 
536 2641 1489 13735.483 1721.994 
536 2641 1488 13735.519 1722.002 
542 2612 1516 13735.463 1723.43 
542 2612 1516 13734.895 1723.57 
615 2485 1484 13686.379 1714.705 
615 2485 1484 13686.458 1714.633 
570 2561 1504 13725.453 1721.641 
620 2431 1457 13632.362 1706.003 
547 2633 1471 13751.885 1726.912 
610 2492 1495 13694.322 1716.653 
524 2650 1467 13742.171 1726.485 
567 2612 1486 13734.24 1721.297 
569 2596 1487 13725.821 1721.589 
