1129 4861 2737 13564.729 1700.51 
1047 5131 2704 13651.717 1712.954 
1059 5129 2739 13661.111 1714.631 
1001 5145 2797 13652.317 1714.503 
1020 5143 2802 13661.57 1716.327 
1061 5075 2813 13647.659 1711.837 
1076 5069 2766 13644.534 1710.515 
1025 5119 2796 13648.551 1715.088 
1032 5154 2738 13658.067 1714.387 
1011 5178 2735 13670.711 1715.364 
1011 5179 2743 13666.804 1715.033 
1016 5180 2739 13668.353 1716.632 
1061 5081 2771 13647.678 1711.493 
1064 5084 2767 13650.138 1711.383 
1074 5078 2789 13657.638 1712.743 
1121 4940 2744 13602.457 1704.916 
1015 5169 2764 13671.746 1715.251 
1064 5093 2757 13650.607 1711.603 
1065 5092 2757 13650.787 1711.617 
1100 4944 2789 13603.696 1704.466 
1101 4944 2789 13603.669 1704.463 
1022 5138 2813 13663.653 1716.485 
1029 5168 2792 13672.75 1716.838 
1116 4945 2775 13611.934 1705.528 
1060 5111 2748 13656.687 1713.521 
1093 4958 2768 13600.65 1703.753 
1057 5067 2806 13645.373 1714.365 
1059 5116 2792 13667.884 1714.023 
1030 5134 2754 13655.267 1713.109 
1120 4942 2743 13602.653 1704.932 
1033 5152 2739 13658.124 1714.36 
1069 5080 2754 13637.569 1711.65 
1083 5030 2744 13629.942 1711.273 
1082 5048 2728 13630.709 1709.281 
1104 4968 2757 13612.35 1705.066 
1110 4945 2788 13609.679 1705.746 
1049 5107 2785 13668.518 1714.865 
1050 5106 2750 13646.363 1714.278 
1073 5020 2802 13638.643 1710.304 
1127 4903 2753 13587.536 1702.625 
1052 5117 2778 13662.532 1712.806 
1026 5126 2803 13655.199 1714.307 
1029 5095 2811 13644.763 1711.684 
1039 5128 2742 13655.102 1715.384 
1107 4954 2756 13606.824 1704.286 
1109 4947 2769 13606.047 1704.592 
1081 5047 2783 13639.879 1709.633 
1106 4950 2774 13606.936 1705.188 
1090 5040 2738 13627.027 1708.93 
1063 5067 2771 13648.07 1715.038 
1025 5110 2808 13654.412 1715.648 
1058 5104 2744 13651.024 1714.165 
1077 5049 2769 13632.762 1708.328 
1046 5124 2771 13664.745 1715.991 
1046 5124 2770 13665.435 1716.069 
1089 5004 2749 13614.537 1707.76 
1074 5077 2790 13657.18 1712.609 
1073 5078 2791 13657.852 1712.743 
1039 5144 2746 13663.077 1714.2 
1071 5028 2798 13633.834 1709.58 
1037 5128 2770 13660.246 1713.173 
1087 5045 2752 13639.126 1710.232 
1068 5080 2812 13654.237 1713.239 
1124 4937 2782 13613.526 1706.004 
1054 5095 2804 13655.225 1714.329 
1034 5143 2744 13660.459 1714.457 
1048 5127 2757 13658.837 1715.151 
1030 5134 2753 13655.304 1713.116 
