469 1946 1150 13798.795 1733.799 
494 1934 1217 13843.107 1736.73 
444 1962 1175 13806.503 1731.249 
514 1889 1187 13827.476 1736.846 
463 1947 1195 13805.139 1732.1 
442 1965 1171 13826.975 1734.401 
526 1883 1219 13827.221 1735.75 
484 1925 1187 13847.712 1740.64 
452 1957 1163 13795.567 1728.822 
468 1947 1191 13841.0 1736.529 
509 1880 1221 13791.283 1730.576 
487 1914 1210 13835.327 1736.777 
498 1904 1217 13836.641 1735.413 
481 1912 1219 13813.632 1734.853 
483 1916 1198 13838.446 1738.91 
445 1960 1154 13802.676 1732.22 
524 1880 1214 13813.96 1735.776 
470 1944 1177 13816.471 1735.171 
446 1958 1160 13834.307 1733.989 
479 1926 1176 13839.767 1739.033 
488 1903 1221 13809.566 1731.472 
388 2006 1102 13772.313 1726.748 
499 1910 1206 13835.768 1737.585 
453 1961 1160 13810.072 1731.77 
465 1955 1181 13836.36 1734.558 
371 2016 1078 13761.755 1726.179 
372 2018 1068 13766.318 1726.897 
453 1958 1150 13812.988 1732.44 
455 1951 1183 13809.452 1732.905 
496 1909 1209 13826.682 1733.484 
467 1939 1175 13835.154 1737.634 
379 2013 1075 13768.185 1726.976 
378 2013 1083 13773.015 1726.755 
505 1895 1213 13829.447 1733.973 
500 1902 1198 13824.01 1734.522 
464 1937 1192 13830.524 1736.835 
435 1971 1154 13794.067 1731.948 
441 1967 1157 13795.125 1727.446 
445 1970 1151 13827.842 1733.996 
449 1962 1151 13828.491 1735.027 
505 1899 1205 13826.631 1733.589 
504 1884 1222 13802.81 1732.219 
503 1896 1207 13801.567 1732.562 
506 1895 1212 13806.442 1729.741 
522 1887 1203 13823.389 1735.682 
500 1903 1220 13823.079 1733.877 
497 1910 1218 13823.298 1734.311 
476 1932 1191 13830.343 1737.199 
477 1931 1184 13833.621 1737.214 
455 1946 1172 13812.155 1737.237 
453 1944 1179 13812.958 1737.128 
515 1895 1206 13827.006 1736.278 
520 1893 1201 13827.661 1736.525 
511 1896 1197 13815.555 1734.583 
507 1903 1202 13820.085 1732.866 
507 1897 1202 13818.896 1735.0 
508 1879 1226 13814.262 1731.691 
447 1969 1139 13819.205 1733.88 
515 1885 1211 13819.983 1736.057 
513 1890 1212 13821.981 1735.7 
511 1879 1222 13807.213 1731.643 
506 1880 1222 13809.91 1732.158 
466 1939 1185 13825.431 1737.904 
469 1935 1184 13827.103 1735.915 
452 1963 1146 13820.759 1733.238 
450 1966 1143 13818.493 1734.1 
472 1934 1177 13828.853 1738.006 
456 1953 1177 13833.244 1736.204 
457 1951 1178 13831.802 1735.853 
504 1909 1203 13826.34 1733.66 
506 1908 1204 13826.887 1733.798 
381 2010 1092 13776.084 1727.976 
503 1894 1213 13819.574 1736.212 
502 1895 1212 13819.674 1734.89 
476 1934 1179 13826.71 1738.239 
476 1935 1178 13828.276 1738.454 
471 1939 1199 13823.445 1735.011 
470 1940 1198 13823.335 1735.01 
381 2008 1094 13773.833 1727.47 
381 2009 1093 13774.396 1727.714 
381 2009 1093 13774.432 1727.449 
505 1921 1197 13857.057 1739.49 
498 1927 1180 13844.544 1737.658 
470 1915 1222 13821.109 1733.893 
491 1915 1202 13846.987 1738.724 
477 1937 1171 13812.326 1734.832 
362 2027 1066 13754.222 1723.566 
466 1947 1170 13828.726 1737.304 
498 1907 1221 13808.567 1734.688 
510 1893 1219 13836.159 1735.328 
367 2024 1073 13762.158 1725.584 
