497 1754 1049 13574.975 1698.493 
495 1763 1073 13607.302 1703.723 
492 1789 1057 13623.121 1705.977 
468 1904 1146 13776.266 1727.394 
482 1785 1101 13619.816 1707.286 
478 1796 1083 13620.683 1704.036 
469 1877 1099 13732.683 1722.719 
472 1879 1118 13732.804 1722.539 
490 1803 1082 13647.903 1709.533 
475 1809 1082 13640.372 1707.503 
426 1969 1113 13780.798 1726.385 
380 2002 1056 13753.789 1720.522 
414 1974 1104 13784.074 1728.686 
410 1973 1113 13776.338 1724.72 
388 1992 1058 13749.72 1721.631 
389 1983 1055 13737.498 1720.39 
390 1990 1047 13743.735 1721.913 
371 2013 1019 13742.068 1721.784 
403 1977 1101 13774.47 1728.579 
459 1929 1154 13788.666 1728.341 
378 2002 1030 13737.583 1721.74 
437 1952 1142 13785.643 1727.638 
383 1994 1045 13724.274 1719.428 
447 1950 1146 13795.615 1730.815 
446 1954 1120 13796.449 1731.352 
464 1924 1150 13797.119 1730.716 
398 1980 1091 13771.213 1727.837 
459 1929 1144 13794.322 1728.231 
421 1970 1125 13785.485 1729.645 
425 1962 1125 13785.717 1730.072 
372 1995 1066 13729.352 1719.179 
430 1966 1122 13796.362 1730.705 
430 1957 1115 13785.853 1731.317 
434 1963 1111 13794.17 1730.211 
403 1979 1108 13756.052 1723.804 
387 1995 1034 13745.771 1722.078 
379 1985 1059 13725.539 1717.797 
440 1954 1139 13798.851 1731.258 
439 1957 1133 13788.507 1729.859 
404 1976 1093 13765.207 1725.657 
405 1978 1097 13759.367 1725.984 
438 1959 1122 13786.918 1729.528 
429 1959 1130 13791.057 1730.155 
369 2004 1046 13724.999 1717.481 
456 1939 1140 13792.551 1730.418 
413 1971 1109 13764.659 1724.875 
457 1939 1138 13805.191 1730.953 
451 1949 1131 13803.807 1731.093 
370 2003 1048 13731.649 1719.401 
378 1995 1043 13740.673 1722.491 
381 1998 1040 13744.908 1721.773 
441 1954 1126 13789.062 1729.562 
435 1956 1127 13790.396 1730.421 
380 1998 1057 13737.144 1719.984 
409 1980 1104 13759.817 1724.36 
411 1976 1105 13763.553 1727.243 
452 1933 1146 13784.053 1729.096 
454 1933 1142 13788.425 1729.11 
389 1983 1056 13724.203 1719.794 
386 1982 1061 13725.049 1718.379 
451 1944 1125 13797.809 1732.085 
449 1938 1142 13792.83 1728.771 
382 1995 1037 13731.774 1720.105 
383 1993 1036 13737.076 1720.833 
442 1952 1129 13799.705 1732.422 
454 1940 1133 13794.368 1730.729 
454 1940 1128 13796.617 1730.8 
367 2007 1031 13733.461 1720.662 
369 2007 1036 13733.463 1720.239 
456 1935 1135 13798.773 1731.146 
374 2004 1021 13729.967 1720.779 
374 2008 1018 13731.318 1721.067 
445 1947 1133 13802.412 1731.969 
368 2004 1050 13739.445 1722.361 
446 1952 1132 13797.259 1731.548 
446 1950 1136 13799.7 1731.397 
374 1999 1049 13737.622 1720.772 
373 2000 1045 13736.18 1722.516 
380 2004 1043 13728.606 1720.199 
377 2003 1045 13725.954 1718.771 
369 2003 1053 13735.592 1721.506 
373 1999 1057 13738.525 1720.372 
377 1997 1059 13731.838 1718.892 
374 1997 1060 13735.171 1718.459 
371 2003 1039 13741.281 1723.096 
370 2006 1037 13739.412 1721.574 
433 1960 1119 13791.893 1731.276 
436 1958 1117 13791.984 1730.793 
453 1946 1137 13803.786 1731.029 
450 1948 1138 13802.714 1731.925 
452 1940 1139 13800.176 1729.985 
452 1943 1138 13797.311 1731.284 
451 1941 1141 13797.287 1730.504 
370 2003 1057 13736.558 1719.35 
371 2001 1058 13735.096 1719.238 
461 1936 1133 13801.087 1732.112 
459 1938 1133 13801.089 1732.086 
384 2002 1035 13748.395 1721.378 
382 2003 1035 13746.71 1721.286 
435 1967 1143 13796.971 1729.359 
