694 3187 1774 13697.395 1717.028 
669 3265 1770 13718.432 1717.642 
726 3172 1776 13709.165 1716.533 
716 3169 1811 13714.216 1717.343 
722 3183 1805 13714.059 1717.564 
742 3156 1786 13717.571 1718.101 
709 3188 1794 13705.775 1716.761 
678 3225 1754 13700.209 1715.047 
676 3238 1767 13709.711 1716.415 
728 3166 1820 13715.895 1716.454 
755 3145 1820 13725.858 1721.51 
759 3146 1812 13720.743 1719.52 
726 3171 1801 13717.507 1719.299 
734 3167 1803 13715.006 1719.602 
640 3275 1769 13724.515 1717.203 
677 3214 1795 13704.442 1714.625 
678 3231 1770 13697.859 1714.873 
665 3262 1796 13722.958 1716.408 
657 3261 1797 13725.519 1717.544 
765 3136 1811 13717.138 1719.63 
758 3137 1814 13716.853 1720.459 
656 3260 1782 13729.118 1718.122 
645 3275 1775 13718.456 1717.376 
676 3220 1803 13707.817 1714.908 
676 3222 1797 13707.574 1715.28 
666 3239 1792 13711.782 1714.905 
647 3269 1777 13721.713 1717.036 
679 3216 1768 13696.229 1714.975 
659 3259 1784 13719.677 1717.872 
642 3269 1775 13718.994 1717.604 
674 3228 1792 13710.496 1716.214 
672 3231 1792 13708.113 1715.817 
648 3273 1768 13721.115 1717.632 
646 3271 1769 13718.07 1716.969 
646 3267 1783 13725.558 1717.429 
649 3268 1785 13723.681 1717.692 
648 3271 1779 13716.119 1716.798 
645 3269 1778 13716.408 1717.353 
723 3175 1791 13708.844 1716.231 
725 3175 1794 13707.884 1716.542 
739 3164 1837 13727.084 1719.809 
675 3226 1783 13708.161 1715.602 
706 3186 1792 13715.231 1719.369 
679 3217 1780 13704.287 1714.901 
737 3170 1794 13717.217 1719.487 
669 3263 1771 13717.108 1717.426 
762 3137 1840 13722.876 1718.478 
742 3152 1833 13723.79 1719.896 
738 3147 1810 13716.018 1720.006 
717 3176 1794 13712.81 1718.921 
730 3152 1838 13720.91 1719.99 
675 3246 1772 13714.189 1716.46 
668 3240 1790 13716.503 1715.838 
666 3245 1788 13716.46 1716.368 
710 3180 1783 13699.636 1718.393 
709 3177 1808 13698.985 1716.414 
663 3263 1795 13726.731 1717.777 
657 3265 1787 13721.472 1717.369 
738 3165 1836 13726.378 1719.745 
744 3154 1788 13718.25 1718.163 
666 3233 1789 13719.503 1716.652 
639 3271 1783 13714.857 1716.785 
635 3283 1775 13719.526 1717.978 
736 3165 1810 13739.664 1720.565 
766 3112 1831 13716.574 1717.93 
677 3215 1797 13708.323 1714.502 
656 3267 1793 13720.474 1718.143 
673 3230 1793 13708.647 1715.85 
757 3143 1855 13743.417 1720.533 
723 3174 1760 13711.191 1716.168 
677 3229 1777 13709.245 1714.987 
679 3224 1766 13700.032 1715.008 
678 3225 1753 13699.718 1715.048 
657 3265 1784 13725.07 1718.315 
767 3111 1832 13717.025 1717.975 
645 3267 1797 13718.666 1718.407 
762 3140 1829 13717.786 1716.366 
655 3268 1793 13721.495 1718.091 
670 3246 1785 13720.936 1717.493 
667 3230 1794 13707.618 1715.664 
674 3257 1786 13720.321 1717.135 
677 3234 1775 13712.235 1716.402 
642 3269 1776 13718.983 1717.603 
726 3166 1812 13710.179 1718.783 
678 3221 1792 13708.513 1715.596 
680 3216 1781 13704.005 1714.842 
