321 1364 847 13996.838 1761.451 
337 1319 822 13907.58 1745.392 
296 1400 828 14015.077 1764.982 
318 1373 842 13984.034 1759.01 
344 1300 819 13914.168 1751.159 
334 1335 833 13943.936 1753.458 
338 1318 823 13907.518 1745.388 
308 1378 840 13991.725 1756.521 
341 1315 831 13916.969 1746.733 
336 1332 836 13937.648 1753.089 
359 1284 852 13895.757 1744.103 
358 1288 850 13899.201 1744.483 
323 1363 838 13978.023 1758.798 
327 1345 851 13970.513 1757.093 
340 1315 835 13913.22 1745.222 
312 1377 825 13991.007 1759.439 
309 1377 841 13989.751 1756.384 
287 1402 833 14001.575 1758.543 
291 1394 832 13986.433 1758.698 
309 1376 844 13996.502 1759.876 
354 1304 846 13941.202 1750.388 
303 1391 807 13973.355 1758.055 
300 1391 832 14002.678 1761.61 
360 1287 839 13896.624 1745.802 
360 1280 850 13899.841 1744.162 
360 1276 843 13888.817 1745.372 
325 1373 836 14008.602 1761.59 
309 1381 832 13991.437 1757.808 
305 1388 837 14020.409 1761.917 
354 1303 847 13939.43 1750.274 
304 1361 848 13961.59 1758.939 
331 1352 830 13970.64 1752.059 
359 1290 844 13911.553 1746.42 
328 1346 834 13966.055 1759.188 
347 1310 825 13913.569 1746.499 
301 1403 827 14021.278 1762.822 
330 1341 840 13944.597 1753.705 
314 1352 855 13956.579 1756.47 
308 1378 841 13989.819 1756.818 
310 1374 839 13985.361 1758.169 
360 1283 843 13889.212 1744.036 
307 1390 832 14002.915 1759.768 
330 1348 832 13959.718 1751.613 
346 1317 823 13921.201 1748.433 
306 1385 842 14006.372 1763.788 
322 1358 840 13973.711 1757.702 
293 1416 831 14035.83 1764.074 
333 1335 832 13943.892 1753.764 
313 1380 824 13975.4 1758.008 
314 1376 832 13979.981 1759.819 
287 1402 834 14001.676 1758.537 
306 1384 843 14005.016 1763.74 
318 1373 853 13992.483 1758.077 
316 1371 845 14004.016 1762.757 
328 1342 835 13947.46 1752.223 
315 1349 855 13956.034 1756.702 
300 1366 848 13961.182 1759.171 
330 1341 837 13949.176 1752.741 
327 1368 823 13983.959 1759.166 
349 1307 842 13939.473 1750.177 
311 1383 830 14006.575 1760.383 
336 1332 836 13937.81 1753.077 
345 1299 820 13916.426 1751.602 
328 1369 824 13985.133 1759.165 
301 1404 825 14025.616 1764.901 
342 1315 837 13910.303 1747.333 
357 1294 853 13932.844 1748.875 
331 1347 839 13946.608 1753.009 
323 1347 843 13953.94 1758.184 
329 1363 833 13994.908 1760.425 
311 1371 846 13992.979 1758.355 
314 1351 855 13958.388 1756.775 
319 1351 850 13972.869 1755.483 
324 1356 839 13979.771 1758.921 
