448 1873 1118 13675.773 1716.502 
434 1930 1041 13689.978 1719.16 
446 1902 1067 13704.696 1721.25 
418 1890 1086 13630.679 1711.465 
381 1986 1093 13713.538 1720.115 
369 1980 1084 13700.089 1720.331 
437 1904 1058 13667.96 1714.483 
423 1911 1064 13657.744 1716.558 
364 2023 1054 13746.402 1715.111 
414 1897 1089 13650.854 1713.139 
391 1951 1082 13689.696 1721.912 
428 1921 1063 13681.095 1717.037 
384 1961 1068 13706.07 1719.469 
355 2028 1048 13731.606 1719.786 
367 2017 1016 13727.785 1721.082 
395 1960 1093 13713.263 1721.322 
416 1965 1073 13725.514 1718.527 
377 1962 1095 13685.016 1716.803 
406 1971 1054 13715.766 1719.126 
416 1959 1058 13719.406 1719.041 
400 1924 1085 13696.477 1713.289 
379 2022 1069 13763.92 1717.894 
390 1941 1106 13693.436 1722.948 
401 1985 1062 13746.521 1720.692 
436 1894 1083 13694.517 1718.882 
345 2028 1049 13717.834 1715.004 
366 1967 1099 13663.22 1715.0 
402 1913 1087 13678.088 1713.5 
345 2044 1018 13720.882 1718.758 
426 1910 1079 13681.894 1717.248 
422 1930 1075 13672.419 1714.765 
396 1945 1103 13674.122 1713.61 
388 1948 1096 13679.441 1715.815 
405 1965 1081 13711.737 1715.897 
411 1955 1080 13715.137 1717.704 
391 1936 1120 13688.063 1721.816 
327 2045 1012 13708.115 1714.413 
332 2053 1007 13712.364 1718.682 
449 1887 1081 13681.736 1718.318 
448 1897 1080 13687.429 1714.924 
410 1905 1091 13687.668 1713.596 
395 2009 1076 13744.572 1718.99 
400 1993 1065 13733.85 1719.702 
411 1932 1084 13689.052 1718.474 
393 1922 1094 13659.308 1714.689 
407 1928 1086 13677.11 1712.911 
350 2029 1035 13718.828 1715.783 
348 2030 1037 13698.576 1713.789 
376 1953 1101 13664.249 1714.7 
402 1915 1099 13661.572 1714.985 
377 1961 1106 13664.755 1712.889 
416 1917 1080 13672.369 1712.95 
450 1875 1079 13666.679 1715.625 
454 1869 1077 13666.997 1714.89 
375 1965 1110 13672.241 1714.672 
378 1960 1106 13672.218 1713.312 
347 2033 1024 13725.651 1717.988 
415 1907 1088 13677.533 1711.949 
390 1928 1111 13681.023 1722.959 
392 1931 1114 13678.648 1720.737 
354 2034 1027 13717.943 1716.287 
350 2034 1028 13721.018 1716.395 
380 1950 1107 13661.691 1712.757 
382 1950 1105 13658.504 1711.82 
414 1935 1081 13677.963 1713.202 
415 1934 1083 13679.115 1713.313 
379 1953 1106 13657.182 1711.717 
389 2011 1065 13758.03 1721.334 
388 2012 1064 13757.504 1721.238 
400 1924 1086 13659.441 1717.906 
401 1923 1087 13659.703 1717.964 
346 2033 1029 13700.496 1714.134 
346 2034 1030 13701.504 1713.924 
374 1974 1058 13709.428 1721.384 
375 1973 1059 13709.519 1721.365 
386 1944 1110 13656.61 1711.674 
385 1945 1110 13655.608 1711.619 
463 1862 1073 13663.275 1713.701 
462 1863 1073 13663.017 1713.696 
406 1985 1073 13734.278 1719.087 
405 1986 1073 13734.454 1719.274 
385 1960 1044 13688.852 1721.85 
384 1961 1044 13689.084 1721.886 
407 1918 1097 13657.083 1712.277 
406 1919 1097 13656.892 1712.233 
404 2003 1083 13742.81 1719.042 
403 2004 1083 13742.697 1719.018 
410 1908 1096 13663.756 1715.571 
409 1909 1096 13663.759 1715.572 
409 1933 1062 13698.357 1719.015 
409 1933 1063 13698.054 1718.981 
416 1913 1084 13677.303 1713.895 
416 1913 1085 13677.171 1713.865 
416 1937 1074 13686.824 1719.701 
416 1937 1075 13686.759 1719.698 
380 1952 1108 13658.317 1711.86 
380 1952 1107 13658.328 1711.861 
380 1964 1094 13701.309 1719.628 
380 1964 1094 13700.935 1719.693 
374 2013 1007 13715.269 1717.955 
