489 1978 1224 13897.72 1740.173 
503 1962 1211 13868.366 1736.321 
478 2017 1194 13921.989 1746.411 
477 2019 1179 13902.804 1745.042 
459 2039 1203 13932.445 1748.248 
465 2031 1203 13929.496 1747.527 
498 1966 1221 13875.693 1739.19 
484 1987 1220 13884.72 1740.723 
481 1988 1216 13886.341 1741.183 
494 1977 1215 13877.293 1741.565 
494 1979 1213 13878.892 1741.836 
458 2045 1202 13937.929 1748.308 
466 2032 1191 13920.601 1746.13 
467 2031 1191 13920.882 1746.161 
469 1988 1225 13866.228 1740.28 
468 1983 1230 13863.764 1738.035 
464 2033 1206 13935.018 1748.269 
495 1978 1214 13878.7 1741.833 
458 2047 1201 13940.126 1748.496 
502 1963 1210 13867.855 1736.251 
483 2011 1211 13921.574 1745.623 
461 2039 1182 13927.108 1748.858 
497 1966 1217 13887.474 1738.848 
478 1991 1217 13872.993 1737.632 
483 1979 1224 13881.796 1736.425 
459 2043 1202 13937.239 1748.353 
495 1971 1235 13890.054 1739.377 
496 1937 1232 13834.663 1734.465 
462 2039 1191 13926.796 1748.198 
498 1965 1218 13888.372 1739.04 
456 2053 1198 13941.234 1747.77 
463 2036 1208 13927.06 1746.786 
502 1966 1209 13875.897 1738.519 
465 2039 1198 13931.491 1747.777 
486 1973 1235 13861.561 1738.264 
473 2028 1204 13923.881 1747.118 
475 2020 1209 13920.825 1745.542 
458 2042 1209 13926.603 1746.479 
476 2019 1192 13924.616 1747.055 
463 2039 1190 13927.569 1748.26 
495 1989 1221 13892.265 1740.094 
455 2055 1188 13940.711 1749.626 
451 2057 1189 13942.067 1748.557 
483 2013 1210 13930.15 1746.88 
484 1977 1226 13877.186 1736.834 
486 2005 1207 13925.63 1747.052 
466 2029 1191 13918.224 1746.38 
493 1973 1233 13888.903 1739.273 
459 2045 1184 13932.154 1747.724 
462 2040 1187 13928.795 1748.814 
475 2025 1204 13940.433 1748.54 
502 1966 1208 13875.98 1738.527 
493 1975 1230 13892.661 1739.979 
496 1987 1223 13894.947 1740.545 
473 2027 1208 13923.208 1747.167 
467 2037 1187 13935.682 1748.324 
445 2059 1189 13930.858 1748.203 
465 2031 1206 13919.517 1746.135 
458 2054 1194 13942.694 1749.625 
480 2015 1205 13924.794 1746.405 
505 1959 1231 13881.703 1738.507 
475 1999 1215 13879.489 1742.424 
467 2030 1195 13921.834 1746.029 
460 2046 1196 13931.687 1746.887 
476 1999 1225 13896.097 1739.866 
444 2059 1186 13931.4 1747.101 
443 2059 1191 13925.184 1746.578 
446 2058 1193 13942.907 1749.573 
474 1987 1226 13876.423 1740.602 
465 2046 1191 13925.958 1745.878 
479 2018 1204 13920.908 1746.621 
472 2020 1212 13927.373 1746.683 
477 2016 1204 13922.766 1746.576 
458 2044 1204 13935.132 1749.437 
468 2031 1200 13915.973 1745.003 
512 1954 1231 13875.398 1738.898 
466 2024 1207 13925.248 1747.126 
464 2043 1203 13933.431 1747.625 
449 2053 1198 13939.0 1749.907 
455 2055 1204 13946.278 1748.876 
502 1957 1216 13868.395 1739.96 
450 2058 1195 13944.888 1747.545 
494 1965 1231 13886.53 1739.39 
461 2042 1185 13929.236 1748.426 
