200 681 468 14267.365 1792.388 
101 737 345 13921.479 1752.523 
197 687 472 14294.12 1795.957 
181 690 498 14201.285 1780.835 
163 721 456 14219.919 1789.758 
202 664 479 14157.88 1776.401 
197 684 487 14209.081 1780.035 
185 705 457 14211.49 1785.895 
163 726 466 14213.782 1786.837 
196 688 469 14175.416 1780.507 
184 706 457 14244.427 1785.808 
194 693 458 14223.181 1790.644 
197 680 478 14178.659 1782.615 
190 693 466 14257.973 1788.874 
191 680 481 14216.8 1787.776 
178 704 473 14241.329 1782.435 
176 715 464 14251.494 1791.899 
190 688 486 14224.27 1782.24 
166 714 475 14196.233 1781.223 
173 710 470 14261.464 1785.439 
195 692 474 14243.533 1790.502 
171 717 465 14235.243 1785.24 
166 722 463 14241.587 1787.547 
196 677 488 14193.339 1785.697 
188 701 464 14227.129 1790.179 
102 730 343 13887.734 1751.297 
168 715 466 14216.823 1784.037 
182 711 460 14290.569 1796.601 
178 715 462 14283.593 1798.043 
201 670 476 14187.905 1782.504 
185 705 468 14204.895 1785.696 
180 709 462 14274.841 1790.612 
189 686 484 14193.716 1786.376 
170 710 472 14212.127 1781.474 
183 708 458 14261.72 1786.653 
202 670 473 14212.326 1782.449 
200 676 478 14209.724 1785.241 
176 707 463 14266.82 1788.636 
173 711 467 14272.563 1790.346 
169 718 451 14199.469 1783.962 
168 721 451 14207.456 1785.138 
182 713 467 14259.379 1788.191 
183 691 479 14199.28 1788.644 
201 677 483 14199.886 1781.367 
188 690 475 14226.174 1783.906 
193 687 478 14227.223 1788.637 
190 696 461 14234.633 1791.2 
191 697 469 14234.951 1790.728 
177 695 485 14196.615 1783.961 
182 691 482 14192.689 1784.378 
173 702 479 14201.928 1781.63 
184 697 479 14221.363 1785.173 
205 668 475 14169.08 1778.408 
203 663 477 14182.827 1780.351 
179 697 487 14206.047 1783.009 
202 670 474 14176.104 1778.922 
207 664 474 14177.063 1778.534 
193 696 476 14222.972 1788.99 
193 691 479 14218.691 1785.963 
169 710 473 14184.434 1777.639 
168 704 474 14189.181 1777.111 
189 702 460 14270.508 1791.794 
184 692 480 14213.036 1782.226 
193 677 480 14188.474 1786.813 
186 704 462 14255.584 1787.659 
192 691 462 14244.88 1788.943 
172 700 474 14196.517 1784.119 
173 696 489 14183.638 1782.965 
172 700 487 14189.516 1782.332 
186 696 472 14241.901 1790.441 
188 694 467 14244.566 1786.501 
103 727 349 13896.355 1752.4 
183 706 467 14260.604 1794.768 
104 730 342 13899.363 1753.052 
188 700 466 14279.618 1790.907 
191 697 463 14274.751 1789.651 
181 696 476 14216.861 1790.125 
198 681 478 14196.257 1779.414 
187 701 468 14297.378 1793.671 
184 705 471 14294.238 1796.076 
108 729 344 13906.664 1752.782 
106 730 348 13901.96 1750.46 
98 736 343 13903.42 1753.368 
99 734 348 13903.647 1749.119 
198 678 471 14192.784 1783.955 
195 680 476 14190.576 1781.725 
174 705 472 14224.702 1782.559 
178 708 468 14222.544 1781.917 
99 729 352 13886.11 1751.219 
98 731 351 13892.342 1750.951 
190 702 469 14212.933 1786.753 
185 704 472 14212.962 1784.49 
182 707 470 14249.745 1787.033 
179 697 482 14211.987 1784.354 
182 699 477 14212.144 1785.783 
190 699 456 14259.968 1795.11 
190 702 459 14256.812 1793.017 
186 703 470 14256.648 1790.821 
182 706 468 14254.957 1790.312 
169 707 473 14203.914 1783.565 
