632 3371 1750 13772.727 1729.445 
652 3354 1750 13756.489 1726.235 
718 3174 1856 13691.032 1722.264 
692 3273 1795 13746.172 1728.295 
746 3198 1820 13709.74 1723.956 
760 3161 1857 13718.896 1724.852 
692 3293 1801 13763.417 1727.255 
741 3215 1838 13743.284 1729.045 
629 3379 1778 13786.15 1729.433 
648 3336 1817 13771.713 1727.778 
662 3335 1775 13771.668 1730.688 
731 3223 1823 13744.291 1729.122 
749 3166 1812 13705.476 1724.138 
708 3263 1808 13751.933 1728.604 
732 3222 1806 13725.168 1725.39 
728 3232 1809 13734.054 1727.182 
760 3174 1822 13698.427 1721.711 
753 3167 1815 13691.838 1722.391 
646 3355 1769 13776.708 1730.215 
684 3281 1838 13744.928 1726.905 
664 3304 1816 13749.46 1723.56 
667 3304 1810 13759.604 1726.692 
728 3216 1836 13722.097 1725.604 
727 3238 1830 13734.994 1724.86 
649 3350 1776 13766.494 1728.395 
739 3183 1844 13722.451 1724.775 
707 3217 1852 13722.293 1724.616 
746 3195 1836 13725.982 1725.837 
742 3201 1831 13733.188 1727.063 
638 3367 1787 13783.932 1728.973 
638 3357 1791 13780.509 1729.917 
651 3328 1813 13756.745 1726.158 
711 3248 1833 13740.748 1728.769 
654 3324 1821 13762.339 1727.529 
703 3259 1832 13745.697 1727.826 
720 3233 1795 13720.315 1725.169 
735 3178 1846 13710.65 1723.014 
646 3346 1780 13776.583 1729.678 
696 3277 1833 13751.759 1728.277 
700 3268 1833 13750.39 1727.891 
683 3284 1815 13737.505 1725.738 
684 3283 1823 13731.821 1725.818 
711 3232 1837 13740.864 1728.003 
716 3239 1834 13737.604 1726.133 
713 3254 1817 13747.206 1729.165 
713 3251 1823 13740.805 1726.675 
678 3308 1797 13765.455 1728.347 
717 3223 1832 13733.444 1727.468 
712 3228 1836 13729.045 1726.694 
723 3203 1853 13719.349 1723.448 
729 3197 1850 13720.533 1724.622 
654 3330 1779 13758.498 1727.778 
649 3336 1781 13761.938 1729.777 
673 3317 1809 13769.408 1728.97 
679 3314 1804 13767.608 1727.92 
652 3327 1795 13763.864 1727.229 
744 3178 1845 13706.386 1722.228 
681 3294 1840 13753.788 1729.515 
718 3225 1843 13738.114 1726.032 
649 3339 1784 13771.702 1728.294 
703 3260 1851 13751.381 1727.099 
702 3262 1845 13746.778 1726.648 
640 3345 1806 13775.538 1729.518 
641 3350 1803 13780.729 1730.042 
731 3225 1828 13729.823 1726.063 
725 3227 1824 13731.579 1725.941 
666 3317 1811 13758.169 1725.491 
723 3218 1850 13741.951 1723.829 
722 3225 1850 13740.028 1725.969 
650 3335 1795 13764.694 1729.163 
698 3272 1846 13751.783 1726.335 
695 3274 1842 13746.682 1726.356 
747 3170 1837 13706.444 1723.089 
746 3169 1843 13710.486 1723.776 
682 3291 1830 13746.138 1727.911 
681 3295 1832 13751.655 1729.026 
650 3344 1790 13771.427 1725.973 
653 3341 1793 13767.6 1729.095 
684 3268 1845 13740.056 1726.621 
684 3269 1839 13737.805 1726.553 
723 3233 1810 13720.044 1726.991 
724 3234 1804 13718.927 1726.161 
735 3207 1840 13723.312 1723.0 
742 3176 1840 13714.166 1724.556 
746 3178 1839 13711.806 1721.442 
658 3317 1814 13762.403 1726.802 
660 3321 1812 13759.019 1727.637 
733 3207 1840 13728.545 1726.505 
732 3205 1844 13725.101 1725.463 
719 3243 1823 13750.083 1726.089 
718 3244 1826 13748.627 1730.057 
676 3325 1799 13776.054 1729.511 
677 3324 1799 13775.873 1729.455 
716 3213 1858 13723.192 1723.102 
710 3251 1826 13753.238 1730.254 
755 3163 1835 13708.349 1723.038 
719 3229 1842 13728.096 1724.658 
