762 3991 2110 13705.584 1718.55 
835 3898 2105 13686.534 1715.541 
831 3911 2156 13704.784 1718.805 
821 3921 2132 13690.116 1714.43 
823 3918 2121 13698.856 1718.274 
841 3867 2118 13675.644 1717.391 
837 3900 2130 13694.763 1715.316 
834 3900 2119 13690.227 1715.88 
818 3940 2134 13711.165 1718.535 
840 3865 2131 13675.948 1717.771 
831 3920 2132 13703.191 1718.142 
825 3913 2136 13697.985 1718.235 
779 3980 2095 13701.766 1719.036 
850 3880 2117 13688.266 1716.482 
860 3853 2134 13675.079 1713.58 
860 3834 2164 13684.693 1715.163 
823 3909 2156 13692.878 1718.85 
825 3914 2148 13695.069 1715.882 
812 3944 2113 13699.858 1716.73 
797 3954 2160 13716.662 1717.781 
846 3858 2130 13668.604 1714.577 
854 3854 2117 13681.584 1715.493 
806 3943 2113 13707.991 1718.03 
807 3933 2167 13707.805 1718.785 
839 3882 2122 13673.872 1713.022 
806 3953 2128 13712.914 1717.986 
807 3949 2120 13710.717 1716.953 
823 3884 2131 13683.31 1719.491 
828 3881 2137 13686.725 1720.285 
854 3852 2153 13694.276 1716.198 
849 3853 2150 13687.467 1716.139 
821 3929 2118 13693.175 1716.616 
819 3932 2112 13698.811 1717.39 
843 3877 2125 13689.308 1717.256 
836 3875 2137 13673.407 1714.904 
838 3876 2129 13672.196 1713.426 
800 3950 2153 13711.961 1717.361 
801 3943 2151 13707.824 1716.766 
815 3932 2142 13707.544 1718.297 
819 3926 2143 13703.581 1717.374 
906 3691 2116 13609.658 1704.184 
782 3984 2085 13700.732 1718.969 
785 3979 2086 13706.399 1718.956 
814 3927 2156 13705.746 1717.062 
820 3924 2153 13704.789 1719.861 
804 3940 2159 13707.858 1717.981 
860 3839 2157 13678.515 1713.245 
895 3722 2127 13623.382 1705.785 
793 3959 2144 13716.348 1718.648 
811 3940 2162 13706.909 1718.857 
851 3857 2130 13676.892 1715.481 
839 3884 2121 13683.175 1715.132 
839 3878 2123 13682.247 1715.137 
853 3865 2124 13676.575 1712.304 
893 3723 2134 13621.903 1705.995 
859 3835 2153 13686.623 1715.832 
808 3940 2155 13716.038 1719.087 
810 3941 2159 13712.473 1717.805 
854 3836 2155 13683.953 1714.786 
853 3839 2156 13675.893 1713.656 
853 3836 2158 13679.648 1714.216 
898 3712 2140 13622.39 1706.07 
895 3716 2138 13623.719 1706.11 
888 3716 2140 13622.244 1705.653 
891 3718 2137 13622.154 1705.075 
862 3825 2159 13683.095 1715.204 
907 3674 2099 13609.622 1704.847 
852 3859 2124 13677.528 1716.031 
851 3861 2122 13677.621 1716.048 
792 3958 2151 13712.217 1718.42 
793 3960 2150 13713.745 1718.754 
887 3721 2132 13621.627 1706.428 
830 3932 2116 13698.065 1717.36 
829 3934 2115 13698.699 1717.447 
908 3669 2100 13605.644 1705.165 
907 3671 2100 13606.672 1705.243 
866 3823 2158 13682.505 1715.212 
889 3719 2130 13620.788 1706.041 
888 3720 2131 13619.539 1706.241 
865 3822 2156 13682.892 1714.565 
866 3821 2157 13682.815 1714.559 
899 3713 2145 13624.579 1705.512 
898 3714 2144 13624.597 1705.513 
819 3915 2163 13700.944 1718.641 
819 3914 2164 13700.455 1718.579 
838 3914 2099 13686.386 1715.498 
839 3913 2099 13685.942 1715.405 
905 3713 2134 13626.437 1707.058 
904 3714 2134 13626.562 1707.076 
785 3969 2087 13702.876 1718.801 
784 3970 2087 13702.93 1718.812 
906 3690 2124 13611.585 1704.105 
906 3690 2124 13611.583 1704.193 
884 3727 2106 13616.509 1706.313 
804 3968 2138 13724.895 1720.62 
840 3866 2150 13694.174 1715.873 
769 3980 2105 13695.684 1716.897 
