534 1873 1210 13798.6 1729.962 
516 1918 1231 13844.49 1735.917 
526 1895 1215 13817.066 1732.787 
517 1912 1215 13825.254 1733.371 
467 1957 1210 13853.675 1733.52 
467 2011 1205 13898.911 1744.066 
515 1938 1222 13878.754 1740.645 
446 2036 1152 13880.092 1742.671 
524 1898 1191 13830.752 1735.771 
509 1942 1220 13864.26 1736.663 
434 2040 1162 13897.196 1742.023 
489 1966 1208 13867.945 1741.525 
516 1932 1188 13841.94 1735.554 
516 1931 1199 13833.306 1733.965 
447 2038 1189 13900.928 1742.179 
468 2006 1196 13880.711 1741.648 
431 2053 1158 13888.071 1740.72 
434 2048 1150 13895.033 1741.054 
442 2043 1172 13891.822 1744.789 
440 2040 1183 13891.411 1741.422 
494 1954 1180 13870.326 1740.767 
461 2016 1188 13905.172 1742.732 
481 1973 1174 13853.525 1737.194 
481 1975 1187 13850.791 1734.496 
470 1975 1192 13852.249 1739.049 
475 1968 1187 13849.958 1738.959 
495 1940 1197 13857.989 1740.043 
451 2032 1159 13900.609 1742.671 
501 1951 1200 13848.723 1734.032 
473 2007 1175 13901.837 1744.453 
508 1952 1195 13861.172 1736.474 
494 1967 1193 13861.264 1738.203 
523 1908 1201 13837.926 1735.206 
475 1995 1182 13882.569 1739.418 
493 1956 1190 13866.582 1737.621 
495 1956 1191 13857.869 1736.94 
468 1999 1206 13885.125 1741.348 
469 1994 1200 13881.305 1741.42 
505 1942 1181 13856.338 1739.821 
482 1966 1190 13868.359 1741.004 
458 2033 1169 13896.259 1742.398 
461 2016 1169 13900.809 1743.77 
449 2031 1178 13889.679 1741.071 
477 1989 1166 13868.917 1738.188 
475 1971 1186 13862.34 1739.704 
458 2012 1192 13881.458 1742.172 
465 2021 1173 13892.934 1742.498 
457 2023 1169 13899.337 1741.451 
500 1949 1193 13858.113 1738.515 
461 2023 1158 13887.018 1740.476 
475 1969 1198 13859.701 1737.858 
479 1967 1192 13860.996 1738.589 
489 1970 1194 13854.575 1735.26 
491 1964 1198 13854.045 1735.397 
476 2003 1164 13893.719 1740.898 
474 1999 1166 13888.164 1740.929 
510 1947 1203 13863.895 1737.173 
449 2028 1151 13893.907 1743.318 
501 1945 1195 13851.964 1738.733 
469 2014 1176 13909.513 1743.657 
463 2014 1173 13907.909 1744.17 
460 2024 1159 13900.911 1742.809 
459 2027 1163 13896.345 1742.282 
478 1978 1180 13862.341 1737.316 
483 1974 1179 13863.016 1735.858 
471 2013 1168 13901.986 1742.326 
467 2012 1165 13898.031 1743.843 
461 2015 1185 13882.737 1743.44 
503 1943 1208 13858.011 1737.643 
506 1947 1204 13857.885 1736.505 
519 1917 1197 13838.594 1734.762 
521 1916 1201 13841.974 1736.645 
460 2020 1186 13886.557 1744.43 
490 1968 1178 13860.101 1737.052 
486 1970 1181 13858.446 1736.849 
460 2017 1191 13893.003 1742.863 
457 2020 1188 13891.078 1743.506 
502 1940 1188 13852.842 1739.71 
505 1942 1191 13854.78 1737.519 
448 2024 1183 13890.177 1741.925 
452 2022 1183 13887.476 1743.275 
465 2013 1182 13897.766 1740.66 
466 2014 1177 13898.69 1741.738 
452 2022 1173 13893.726 1740.635 
457 2022 1174 13892.195 1741.052 
445 2027 1169 13885.248 1742.538 
445 2029 1173 13883.422 1742.794 
477 1986 1185 13879.844 1740.079 
476 1987 1181 13878.332 1738.324 
504 1947 1181 13848.797 1738.088 
506 1944 1184 13848.425 1737.908 
451 2028 1174 13900.853 1742.247 
449 2029 1174 13896.855 1741.397 
475 1993 1167 13878.605 1739.478 
478 1994 1167 13875.581 1738.024 
498 1953 1210 13865.428 1738.487 
497 1955 1207 13863.621 1739.743 
455 2025 1157 13889.89 1743.563 
454 2028 1156 13892.666 1743.598 
492 1957 1201 13858.529 1738.208 
