439 1953 1170 13800.802 1726.738 
406 2033 1136 13843.463 1732.251 
394 2061 1129 13865.001 1734.223 
402 2001 1141 13817.092 1728.455 
455 1946 1157 13820.53 1732.246 
415 2032 1105 13847.654 1731.146 
438 1977 1159 13825.873 1730.829 
444 1968 1156 13822.044 1730.362 
414 2035 1110 13855.728 1732.758 
412 2039 1104 13853.328 1733.381 
394 2053 1117 13863.824 1734.444 
418 1991 1120 13808.395 1729.508 
423 1991 1133 13806.308 1729.441 
400 2049 1117 13858.402 1734.45 
399 2050 1117 13859.908 1734.515 
425 1989 1136 13808.907 1729.974 
442 1976 1130 13822.725 1730.851 
416 1993 1119 13790.637 1728.94 
402 2031 1119 13843.861 1732.824 
426 1988 1137 13808.811 1729.729 
442 1976 1131 13823.231 1730.845 
406 1995 1147 13802.347 1727.154 
412 2024 1140 13842.585 1730.878 
451 1951 1156 13822.562 1732.633 
441 1979 1151 13827.106 1730.165 
437 1987 1170 13844.393 1734.414 
392 1996 1152 13799.127 1729.003 
404 2031 1127 13836.214 1733.676 
413 2030 1125 13860.63 1733.125 
422 2016 1118 13840.741 1731.096 
426 2004 1119 13816.485 1728.787 
394 2064 1123 13862.366 1732.861 
422 2002 1119 13821.847 1728.517 
408 1988 1163 13809.811 1730.707 
414 2024 1127 13843.763 1731.368 
427 1993 1117 13822.166 1728.902 
412 2025 1129 13831.168 1731.03 
398 2036 1127 13842.264 1730.81 
414 2018 1134 13828.08 1731.442 
452 1951 1153 13820.211 1728.551 
424 1990 1135 13807.752 1729.807 
396 2041 1126 13848.271 1730.904 
417 1994 1147 13819.719 1728.804 
450 1952 1156 13822.498 1732.633 
447 1959 1150 13818.908 1730.726 
460 1950 1142 13816.29 1729.329 
429 1992 1117 13818.463 1727.985 
396 2042 1124 13849.998 1731.167 
398 2062 1123 13874.922 1734.375 
429 1989 1125 13824.338 1728.205 
408 2034 1137 13841.88 1731.58 
412 2019 1132 13827.554 1731.875 
442 1980 1147 13833.775 1730.305 
408 2031 1138 13843.441 1732.247 
441 1986 1145 13839.187 1731.12 
417 1992 1124 13819.073 1731.419 
440 1962 1158 13811.624 1730.327 
421 2019 1113 13844.266 1731.629 
440 1980 1150 13826.685 1730.08 
429 1993 1152 13825.737 1727.977 
454 1947 1156 13820.727 1732.294 
454 1971 1160 13817.26 1730.112 
400 2049 1116 13859.195 1734.372 
424 1998 1118 13813.725 1731.236 
420 1991 1139 13816.038 1728.451 
415 2016 1133 13849.168 1732.705 
444 1976 1152 13840.752 1729.156 
