631 3279 1764 13703.974 1719.225 
775 3106 1898 13695.185 1716.568 
683 3240 1784 13716.043 1722.543 
755 3130 1866 13689.267 1715.046 
703 3229 1817 13707.768 1719.217 
774 3128 1865 13713.674 1718.449 
770 3133 1825 13700.363 1717.234 
690 3212 1847 13719.566 1720.155 
765 3142 1858 13700.702 1719.973 
792 3079 1847 13664.998 1712.472 
769 3150 1823 13709.344 1719.017 
709 3226 1836 13733.255 1723.045 
671 3248 1835 13721.575 1720.272 
796 3083 1833 13677.151 1713.543 
786 3086 1844 13679.109 1713.511 
778 3114 1870 13701.035 1717.617 
697 3249 1812 13724.776 1721.834 
703 3209 1838 13711.483 1719.491 
654 3277 1792 13712.389 1722.423 
684 3243 1841 13737.036 1721.917 
660 3266 1801 13705.283 1717.996 
696 3227 1841 13725.776 1721.314 
743 3158 1852 13692.488 1718.507 
750 3165 1836 13711.338 1718.286 
727 3182 1821 13702.735 1718.537 
683 3242 1812 13727.129 1722.248 
682 3248 1822 13730.169 1720.537 
724 3180 1832 13706.981 1718.02 
782 3124 1850 13704.744 1718.029 
779 3114 1855 13701.645 1716.555 
727 3198 1782 13714.663 1718.012 
729 3192 1786 13705.328 1717.449 
666 3260 1809 13717.066 1719.887 
657 3264 1813 13711.761 1720.252 
740 3173 1836 13711.575 1718.168 
711 3199 1845 13722.257 1721.055 
691 3239 1838 13726.053 1723.955 
759 3159 1804 13705.504 1718.041 
733 3170 1828 13708.179 1719.972 
743 3149 1833 13699.06 1719.351 
755 3134 1847 13705.002 1719.025 
721 3202 1829 13709.812 1720.691 
727 3168 1839 13700.451 1716.483 
731 3164 1846 13705.761 1719.311 
757 3143 1841 13705.083 1717.528 
753 3140 1832 13702.417 1719.162 
678 3247 1804 13713.545 1722.05 
754 3150 1841 13696.604 1718.723 
698 3230 1819 13730.254 1721.468 
735 3182 1815 13718.547 1721.242 
751 3162 1840 13694.679 1717.1 
713 3216 1823 13725.185 1723.051 
735 3157 1840 13702.953 1716.423 
743 3160 1840 13699.849 1719.054 
709 3190 1854 13701.481 1718.245 
701 3239 1833 13724.038 1722.046 
700 3237 1824 13724.889 1720.731 
714 3208 1838 13720.782 1723.229 
683 3249 1819 13715.94 1720.26 
677 3244 1821 13719.869 1721.037 
721 3190 1843 13720.307 1719.742 
756 3151 1816 13698.943 1719.063 
643 3276 1796 13702.016 1716.816 
650 3275 1801 13703.414 1716.696 
716 3205 1833 13727.756 1722.204 
708 3189 1847 13715.249 1722.008 
723 3193 1824 13711.041 1717.994 
721 3203 1831 13721.597 1719.813 
683 3256 1804 13722.602 1721.536 
687 3252 1805 13716.441 1721.989 
717 3192 1833 13706.436 1719.707 
722 3191 1832 13712.586 1719.313 
723 3181 1842 13712.945 1721.266 
721 3179 1849 13710.319 1720.449 
721 3186 1849 13715.134 1720.336 
712 3192 1849 13708.408 1719.844 
716 3192 1848 13714.986 1721.513 
757 3145 1847 13689.997 1718.297 
771 3143 1845 13713.421 1716.919 
766 3141 1846 13717.144 1718.507 
745 3146 1849 13687.521 1717.815 
751 3146 1847 13686.222 1717.8 
713 3210 1824 13718.238 1719.801 
717 3209 1827 13719.499 1719.467 
764 3119 1866 13692.557 1718.211 
730 3186 1773 13700.751 1717.458 
756 3176 1830 13715.175 1718.913 
722 3188 1827 13704.209 1719.601 
725 3189 1822 13710.214 1717.809 
722 3198 1829 13716.681 1719.15 
658 3257 1790 13704.227 1722.418 
783 3106 1874 13703.255 1717.856 
712 3214 1830 13727.523 1721.44 
