303 1377 781 13905.899 1736.901 
316 1337 815 13879.198 1734.985 
366 1274 819 13887.38 1738.697 
318 1345 812 13939.763 1744.826 
323 1345 804 13926.039 1742.551 
341 1319 813 13888.708 1737.642 
329 1328 813 13899.274 1739.997 
333 1317 822 13888.638 1738.49 
361 1295 812 13870.331 1741.377 
355 1290 806 13892.167 1736.863 
359 1287 799 13884.944 1737.431 
324 1344 791 13901.241 1739.382 
332 1320 831 13910.538 1739.733 
354 1296 803 13879.518 1737.708 
354 1291 812 13879.073 1739.806 
358 1278 829 13882.606 1737.225 
348 1290 831 13883.062 1735.226 
357 1288 828 13883.423 1737.853 
348 1306 818 13892.024 1739.021 
359 1287 805 13873.63 1737.483 
356 1282 818 13879.806 1739.943 
342 1323 808 13909.633 1744.976 
309 1370 796 13927.902 1742.937 
316 1347 804 13906.248 1739.502 
340 1321 815 13908.053 1740.22 
321 1325 812 13887.135 1740.526 
324 1327 815 13888.48 1734.651 
336 1309 823 13911.729 1741.712 
342 1307 813 13875.238 1737.82 
326 1344 789 13945.994 1744.267 
338 1315 817 13903.288 1741.843 
332 1336 808 13919.548 1740.996 
343 1306 811 13887.533 1740.377 
343 1308 813 13882.405 1737.72 
308 1365 790 13935.591 1741.117 
365 1259 822 13850.906 1732.607 
310 1363 787 13925.094 1740.768 
309 1364 790 13929.565 1740.446 
329 1341 793 13939.364 1745.984 
328 1343 795 13943.694 1746.47 
364 1274 821 13872.661 1737.405 
360 1277 821 13874.04 1737.78 
331 1320 816 13916.304 1741.808 
332 1320 814 13912.081 1743.578 
332 1331 809 13911.203 1743.427 
341 1306 820 13903.404 1739.543 
338 1309 820 13904.552 1740.629 
334 1320 821 13911.807 1743.177 
314 1357 797 13926.313 1741.121 
312 1357 795 13927.867 1742.271 
361 1266 822 13852.107 1733.854 
362 1264 822 13849.57 1733.588 
330 1327 809 13913.011 1744.607 
336 1321 821 13906.626 1742.896 
319 1355 801 13938.097 1742.979 
306 1366 806 13923.266 1742.793 
307 1365 807 13922.426 1742.609 
364 1285 814 13871.251 1737.338 
364 1285 813 13872.714 1737.614 
345 1318 806 13901.743 1743.546 
344 1319 805 13901.746 1743.546 
335 1323 820 13909.195 1743.219 
335 1322 821 13908.278 1743.175 
336 1311 827 13898.968 1738.698 
320 1354 802 13936.036 1742.527 
319 1355 802 13936.375 1742.547 
342 1328 810 13920.098 1742.256 
341 1329 810 13919.805 1742.183 
330 1337 806 13908.744 1739.593 
315 1351 787 13917.082 1744.15 
315 1351 788 13917.026 1744.14 
336 1333 808 13904.955 1737.461 
336 1333 807 13904.976 1737.462 
333 1331 784 13892.259 1738.365 
353 1305 828 13910.003 1743.504 
334 1330 808 13919.14 1742.371 
336 1316 822 13908.985 1741.543 
355 1283 817 13881.056 1739.968 
360 1277 825 13872.588 1739.471 
340 1312 826 13899.522 1742.433 
309 1370 797 13927.817 1742.92 
311 1359 805 13922.41 1742.889 
351 1309 805 13869.892 1737.153 
315 1355 819 13929.83 1743.335 
329 1342 811 13925.749 1744.877 
310 1359 794 13935.8 1742.047 
339 1327 795 13926.014 1744.497 
