147 699 405 13991.544 1755.8 
198 663 448 14086.158 1778.806 
175 675 434 14002.605 1756.891 
225 651 456 14095.919 1774.898 
147 704 405 14004.249 1754.397 
150 700 399 14011.028 1760.734 
140 701 413 14015.999 1753.942 
184 673 432 14049.858 1763.683 
148 707 396 14046.733 1757.032 
204 663 437 14059.627 1768.28 
207 656 446 14070.521 1772.414 
210 663 440 14067.519 1768.082 
208 659 447 14057.217 1769.014 
134 707 412 14049.762 1762.887 
200 671 440 14079.309 1776.522 
206 658 435 14066.781 1774.124 
210 657 441 14062.436 1774.143 
151 704 395 14026.194 1754.625 
152 697 408 14034.546 1763.426 
180 681 425 14048.329 1766.53 
182 679 422 14056.276 1768.495 
141 714 410 14077.126 1762.616 
136 716 406 14073.249 1763.181 
176 679 431 14023.131 1761.297 
218 653 448 14089.723 1776.095 
213 656 444 14087.264 1777.35 
136 716 401 14045.755 1763.305 
146 698 420 14029.19 1758.731 
156 694 399 14025.936 1756.215 
151 700 404 14037.813 1757.79 
216 654 452 14077.369 1773.136 
176 684 423 14039.62 1764.169 
143 706 400 14036.657 1763.226 
155 694 404 14021.471 1754.035 
178 677 429 14040.608 1764.266 
152 699 407 14021.176 1754.769 
142 705 405 14032.883 1761.331 
150 707 400 14031.283 1757.936 
199 661 445 14071.999 1777.305 
187 674 420 14040.678 1767.137 
151 699 402 14027.304 1763.295 
212 660 445 14081.862 1773.836 
212 658 450 14080.859 1771.798 
144 704 402 14027.987 1760.43 
144 708 404 14029.862 1757.562 
146 711 398 14037.496 1757.588 
147 709 396 14033.226 1755.844 
146 701 405 14021.346 1755.319 
185 674 421 14046.096 1767.896 
156 693 404 14033.84 1757.085 
154 694 408 14032.642 1755.89 
180 683 429 14054.704 1762.946 
186 677 425 14045.673 1769.907 
138 707 414 14034.227 1757.399 
139 705 411 14035.039 1759.439 
151 699 395 14039.097 1758.251 
152 697 398 14037.951 1759.948 
154 698 405 14048.372 1758.835 
155 701 403 14047.174 1757.56 
149 696 418 14037.216 1759.657 
149 694 419 14033.951 1760.55 
144 703 410 14039.518 1762.789 
141 702 411 14039.232 1761.115 
199 663 446 14066.558 1776.188 
192 669 441 14073.216 1774.121 
193 668 442 14075.611 1774.583 
174 677 430 14013.505 1761.475 
168 693 412 14019.104 1761.847 
167 694 412 14020.968 1762.187 
177 676 431 14016.079 1761.449 
176 677 430 14015.533 1761.413 
200 661 446 14063.376 1776.404 
199 662 445 14063.469 1776.418 
182 681 424 14040.716 1764.252 
182 680 425 14039.965 1764.021 
144 705 403 14019.07 1758.988 
145 704 403 14019.845 1759.03 
151 700 404 14024.966 1758.286 
151 701 403 14025.663 1758.131 
189 672 424 14046.101 1770.14 
188 673 424 14046.475 1770.209 
137 707 410 14057.812 1764.339 
136 708 410 14058.03 1764.34 
182 674 430 14030.783 1761.255 
181 675 430 14030.869 1761.271 
180 682 426 14058.647 1763.197 
179 682 426 14058.105 1763.629 
140 710 400 14046.729 1764.643 
140 710 401 14046.397 1764.641 
120 721 393 14029.937 1763.35 
164 695 401 13998.556 1762.198 
201 668 417 14054.39 1770.636 
173 692 426 14066.071 1766.139 
202 667 455 14096.406 1774.552 
181 680 420 14022.016 1768.441 
