281 1410 824 13976.373 1753.778 
322 1353 841 13939.189 1753.094 
335 1361 835 13976.794 1750.115 
300 1384 840 13957.199 1752.44 
314 1383 856 13956.971 1750.211 
315 1359 842 13951.979 1752.57 
303 1406 829 13962.665 1754.156 
330 1360 853 13962.421 1750.431 
305 1391 828 13960.992 1751.727 
333 1340 844 13911.395 1742.384 
289 1398 825 13967.203 1751.92 
316 1378 836 13966.544 1752.154 
311 1389 826 13956.483 1752.872 
296 1391 835 13941.138 1750.427 
280 1417 793 13953.42 1747.631 
273 1418 778 13950.087 1749.002 
272 1419 776 13949.681 1748.897 
326 1360 847 13967.785 1748.525 
267 1425 776 13953.785 1744.877 
268 1424 777 13954.979 1744.996 
310 1387 845 13965.849 1750.153 
298 1399 828 13965.152 1750.262 
330 1354 838 13949.546 1751.448 
331 1353 839 13949.813 1751.5 
300 1397 830 13966.43 1750.487 
299 1398 829 13966.173 1750.437 
311 1389 832 13954.224 1750.594 
302 1399 832 13950.333 1748.384 
291 1407 810 13933.639 1747.831 
278 1416 807 13971.206 1752.601 
332 1350 848 13948.66 1746.856 
310 1386 833 13942.467 1752.147 
271 1420 776 13946.917 1748.565 
310 1386 846 13964.412 1750.004 
295 1391 835 13954.928 1748.436 
283 1408 801 13970.581 1752.703 
332 1365 838 13980.662 1748.23 
321 1377 861 13971.301 1751.86 
325 1378 845 13995.843 1751.716 
282 1415 800 13955.815 1749.472 
311 1390 825 13956.909 1752.958 
308 1394 834 13954.266 1753.022 
329 1371 840 13989.239 1749.917 
293 1396 836 13956.667 1751.034 
327 1369 846 13980.821 1751.019 
333 1341 843 13911.323 1742.321 
325 1363 853 13961.831 1749.448 
302 1396 834 13978.318 1755.373 
308 1379 859 13963.635 1751.545 
292 1404 818 13976.77 1753.257 
316 1386 830 13978.68 1752.792 
307 1384 822 13956.785 1753.178 
317 1387 843 13971.053 1750.822 
335 1360 839 13963.713 1748.846 
281 1416 794 13953.56 1747.659 
323 1361 848 13948.567 1751.136 
332 1365 837 13980.859 1748.251 
272 1418 800 13953.114 1748.447 
277 1421 791 13944.571 1745.829 
289 1411 807 13967.319 1749.951 
338 1350 842 13956.821 1750.707 
305 1398 810 13940.401 1748.368 
283 1407 802 13969.092 1752.474 
270 1421 775 13947.147 1748.593 
270 1423 778 13954.971 1745.254 
306 1383 846 13968.243 1750.935 
320 1388 839 13976.298 1751.32 
329 1361 853 13962.617 1750.396 
291 1405 811 13970.734 1750.905 
