316 1307 748 13794.792 1730.187 
297 1357 773 13888.489 1744.239 
266 1404 779 13933.733 1743.968 
268 1396 754 13915.215 1743.96 
313 1342 769 13883.528 1738.76 
284 1393 774 13943.691 1744.963 
319 1285 767 13761.942 1726.3 
286 1382 788 13930.907 1743.518 
343 1198 749 13649.489 1711.009 
326 1216 729 13636.959 1705.348 
297 1369 783 13927.82 1743.399 
335 1205 740 13645.432 1706.403 
281 1401 756 13928.633 1742.292 
290 1383 782 13939.579 1745.961 
311 1337 783 13863.969 1736.389 
317 1293 759 13772.632 1727.774 
319 1290 765 13774.802 1727.935 
334 1209 743 13653.712 1707.317 
352 1191 753 13653.972 1711.034 
352 1192 748 13649.686 1709.149 
354 1189 737 13638.597 1706.397 
301 1365 781 13907.655 1743.893 
298 1369 782 13906.0 1740.15 
334 1209 740 13663.706 1708.556 
291 1385 773 13935.735 1744.454 
293 1384 777 13933.461 1746.762 
285 1390 773 13918.086 1744.078 
294 1376 773 13930.73 1744.291 
297 1379 772 13932.52 1743.094 
325 1287 766 13791.495 1730.36 
323 1288 764 13788.978 1730.024 
278 1395 765 13923.527 1742.402 
338 1205 739 13656.341 1708.566 
337 1208 739 13658.388 1708.652 
286 1389 763 13922.969 1744.152 
308 1354 778 13908.93 1742.874 
309 1352 777 13906.593 1742.6 
280 1394 776 13918.99 1743.977 
310 1339 777 13874.525 1741.564 
311 1338 779 13873.748 1741.45 
300 1368 774 13914.618 1742.669 
299 1369 773 13912.925 1742.65 
282 1392 777 13919.567 1744.006 
281 1393 777 13921.467 1744.075 
357 1183 739 13635.931 1705.93 
355 1183 738 13635.708 1706.161 
277 1397 775 13917.624 1743.043 
277 1397 773 13917.704 1743.068 
347 1193 725 13636.118 1705.759 
347 1193 726 13634.64 1705.504 
279 1399 762 13921.752 1742.394 
279 1398 763 13922.781 1742.554 
314 1340 776 13871.653 1735.963 
313 1341 775 13871.514 1735.957 
346 1202 753 13662.838 1710.85 
346 1201 754 13662.515 1710.601 
359 1181 746 13640.046 1706.714 
359 1182 746 13640.285 1706.563 
331 1210 736 13638.506 1705.303 
331 1210 736 13638.567 1705.255 
321 1280 776 13769.035 1727.448 
318 1291 773 13787.826 1731.091 
306 1366 787 13926.241 1743.584 
268 1399 771 13920.536 1743.95 
334 1210 733 13663.632 1714.305 
343 1204 734 13653.375 1707.986 
298 1375 775 13909.756 1741.147 
282 1395 777 13912.963 1743.913 
299 1368 769 13915.602 1744.626 
279 1395 773 13921.245 1742.846 
278 1394 783 13937.112 1747.237 
280 1389 776 13925.35 1743.903 
297 1370 781 13906.082 1740.156 
292 1382 771 13935.276 1743.629 
295 1381 771 13927.246 1743.788 
297 1375 778 13911.915 1741.444 
289 1388 781 13946.077 1746.127 
322 1288 764 13789.048 1730.328 
294 1375 779 13911.123 1739.512 
310 1364 786 13908.131 1740.89 
307 1364 781 13920.669 1744.048 
299 1370 775 13912.266 1740.421 
297 1371 766 13918.352 1743.631 
