755 3847 2160 13655.266 1710.017 
758 3856 2061 13640.932 1708.588 
753 3876 2082 13657.739 1709.891 
805 3799 2201 13654.453 1711.783 
757 3833 2129 13648.256 1708.784 
795 3809 2137 13623.925 1706.635 
833 3752 2174 13627.993 1706.515 
838 3765 2157 13646.023 1709.955 
832 3767 2170 13639.507 1709.197 
784 3829 2125 13664.628 1710.285 
782 3818 2118 13656.015 1710.599 
842 3741 2168 13633.452 1707.384 
840 3754 2160 13631.286 1708.503 
749 3844 2115 13645.611 1713.088 
765 3831 2080 13646.684 1709.377 
806 3790 2181 13649.478 1710.246 
777 3849 2089 13635.86 1708.094 
768 3844 2079 13639.551 1709.035 
755 3860 2094 13652.011 1712.227 
747 3854 2101 13645.879 1711.143 
719 3874 2117 13644.226 1710.075 
724 3867 2100 13637.579 1706.635 
717 3877 2105 13639.066 1708.973 
816 3768 2205 13644.213 1709.461 
835 3782 2169 13648.014 1710.403 
791 3804 2152 13624.817 1705.691 
815 3798 2162 13650.112 1712.072 
847 3723 2164 13621.952 1706.826 
838 3728 2170 13620.411 1705.359 
754 3857 2127 13638.604 1708.654 
758 3839 2114 13656.51 1709.894 
808 3799 2139 13639.435 1709.292 
828 3778 2187 13639.072 1709.828 
830 3759 2195 13638.785 1710.807 
762 3828 2136 13632.306 1707.098 
822 3765 2194 13641.455 1708.518 
791 3801 2148 13635.862 1709.428 
766 3823 2144 13633.394 1708.606 
789 3820 2141 13643.737 1710.402 
735 3854 2102 13657.214 1708.055 
740 3860 2097 13657.437 1709.707 
831 3747 2201 13634.751 1708.069 
787 3803 2158 13635.652 1707.483 
798 3805 2142 13641.721 1709.698 
801 3801 2147 13635.65 1709.424 
827 3761 2208 13637.728 1707.311 
825 3753 2204 13637.503 1707.989 
778 3814 2146 13646.102 1708.266 
790 3815 2149 13643.013 1708.976 
788 3810 2152 13637.057 1706.959 
821 3789 2167 13641.948 1709.401 
819 3791 2172 13647.828 1711.335 
763 3835 2100 13644.694 1710.831 
773 3840 2097 13648.421 1709.105 
822 3788 2186 13642.162 1710.276 
819 3787 2179 13642.703 1709.054 
826 3792 2144 13654.332 1711.699 
763 3858 2088 13631.178 1707.397 
760 3860 2092 13636.094 1708.685 
814 3776 2193 13649.611 1710.65 
810 3802 2121 13631.222 1707.758 
813 3786 2197 13647.021 1709.112 
811 3781 2194 13645.287 1709.819 
826 3779 2159 13646.111 1710.766 
829 3781 2158 13645.756 1711.293 
825 3789 2151 13653.405 1711.695 
824 3798 2140 13649.939 1710.592 
824 3795 2153 13654.667 1712.069 
771 3830 2097 13645.213 1709.572 
771 3833 2095 13646.478 1709.391 
769 3832 2096 13645.18 1709.502 
824 3790 2161 13651.982 1710.875 
827 3790 2158 13649.959 1710.783 
825 3791 2159 13650.821 1711.465 
747 3853 2133 13652.819 1709.893 
748 3852 2135 13653.478 1709.936 
731 3859 2114 13640.843 1708.842 
730 3861 2113 13640.747 1708.824 
808 3801 2127 13628.896 1707.21 
834 3745 2215 13639.427 1708.05 
833 3746 2214 13638.957 1708.029 
756 3842 2140 13638.824 1708.501 
757 3841 2141 13639.25 1708.511 
763 3818 2148 13640.549 1706.546 
762 3819 2147 13640.313 1706.518 
773 3816 2143 13638.227 1709.447 
774 3815 2144 13638.423 1709.478 
757 3851 2109 13658.012 1708.866 
758 3850 2110 13658.165 1708.891 
818 3773 2187 13640.879 1708.54 
818 3772 2188 13640.015 1708.559 
808 3800 2130 13627.992 1707.14 
808 3801 2129 13628.784 1707.195 
826 3792 2153 13653.409 1711.213 
826 3793 2152 13654.032 1711.246 
821 3797 2142 13649.848 1710.531 
821 3797 2141 13649.971 1710.536 
758 3825 2137 13617.154 1705.003 
760 3855 2132 13647.116 1710.751 
