862 3663 2162 13604.217 1704.93 
884 3701 2158 13656.477 1710.619 
840 3849 2206 13705.583 1715.637 
845 3743 2159 13648.029 1711.054 
852 3746 2147 13654.948 1713.241 
835 3836 2222 13692.56 1715.14 
770 3939 2186 13710.916 1718.8 
849 3732 2150 13637.545 1708.837 
770 3919 2204 13714.574 1719.416 
820 3849 2233 13691.676 1717.471 
773 3927 2189 13709.12 1719.964 
854 3739 2142 13644.128 1712.024 
850 3735 2149 13648.463 1711.121 
824 3861 2225 13699.881 1716.894 
827 3855 2229 13694.512 1715.492 
792 3921 2200 13707.068 1717.239 
786 3921 2187 13711.103 1720.641 
830 3860 2210 13703.509 1717.389 
822 3872 2207 13709.765 1719.248 
820 3867 2208 13704.925 1717.295 
825 3860 2203 13703.615 1716.79 
864 3726 2133 13655.689 1710.748 
867 3725 2138 13659.129 1711.072 
828 3846 2219 13694.803 1717.206 
871 3702 2142 13645.306 1710.727 
831 3850 2191 13696.206 1716.106 
832 3854 2192 13695.494 1715.662 
802 3903 2201 13714.301 1719.88 
864 3721 2145 13655.634 1712.475 
864 3724 2144 13653.74 1711.527 
782 3919 2196 13704.196 1718.94 
860 3729 2140 13655.333 1711.939 
861 3728 2141 13655.396 1711.951 
787 3949 2185 13716.33 1718.062 
786 3949 2184 13715.908 1718.078 
863 3633 2164 13589.907 1704.718 
862 3634 2164 13589.951 1704.745 
825 3848 2214 13696.516 1716.406 
825 3848 2214 13696.432 1716.415 
754 3965 2165 13708.165 1717.492 
851 3755 2135 13666.198 1711.861 
829 3848 2228 13709.565 1716.349 
779 3922 2212 13710.508 1718.691 
816 3888 2212 13706.204 1717.69 
844 3721 2151 13639.587 1711.404 
769 3929 2198 13708.306 1719.99 
824 3865 2205 13698.7 1716.0 
870 3713 2147 13651.638 1709.884 
849 3714 2154 13637.278 1709.786 
812 3909 2224 13724.662 1718.53 
795 3877 2233 13695.259 1716.561 
853 3752 2125 13665.831 1712.517 
821 3847 2233 13691.468 1717.428 
768 3940 2185 13710.107 1718.77 
845 3748 2132 13664.727 1713.818 
789 3936 2219 13717.954 1717.521 
853 3745 2147 13654.869 1713.226 
811 3914 2226 13725.773 1719.432 
848 3733 2151 13637.575 1708.893 
815 3873 2195 13708.487 1718.944 
842 3827 2200 13690.138 1713.978 
794 3916 2214 13720.065 1718.578 
781 3923 2205 13710.383 1720.656 
826 3847 2213 13696.547 1716.41 
836 3838 2210 13696.537 1715.028 
815 3871 2214 13704.061 1717.444 
869 3713 2154 13649.047 1711.612 
867 3717 2147 13649.131 1711.356 
803 3920 2212 13713.175 1718.725 
761 3964 2184 13708.926 1716.983 
770 3962 2165 13716.465 1717.905 
764 3950 2181 13705.908 1716.499 
