428 1959 1152 13769.139 1722.59 
485 1956 1162 13827.619 1731.709 
512 1885 1193 13788.387 1725.217 
516 1849 1173 13756.086 1721.252 
414 1995 1138 13796.603 1723.044 
491 1910 1168 13786.665 1727.944 
472 1952 1165 13801.115 1728.428 
378 2027 1107 13780.05 1722.647 
515 1861 1205 13754.5 1721.09 
413 1989 1150 13796.637 1724.495 
503 1872 1198 13758.139 1723.258 
494 1912 1171 13799.133 1727.094 
498 1898 1187 13786.677 1726.369 
502 1894 1186 13778.626 1723.823 
383 2017 1120 13771.996 1722.473 
450 1962 1135 13783.269 1726.674 
419 1991 1147 13809.148 1726.673 
413 1983 1149 13786.48 1724.558 
387 2012 1120 13792.457 1723.909 
513 1871 1195 13764.331 1719.808 
380 2010 1122 13778.239 1722.517 
521 1862 1197 13765.086 1720.357 
520 1867 1193 13766.979 1719.323 
384 2020 1115 13782.808 1721.264 
492 1922 1170 13800.709 1726.0 
491 1929 1161 13808.584 1727.039 
510 1869 1204 13761.922 1721.312 
396 2007 1128 13789.628 1725.727 
512 1862 1194 13767.613 1721.383 
513 1871 1189 13770.58 1722.622 
514 1870 1188 13766.123 1724.192 
487 1938 1157 13810.313 1728.646 
387 2019 1114 13789.783 1723.181 
461 1960 1139 13778.175 1724.387 
459 1960 1135 13776.471 1725.089 
514 1863 1202 13767.531 1722.192 
397 2009 1115 13790.84 1723.291 
398 1999 1138 13791.71 1725.489 
486 1935 1162 13804.955 1727.489 
420 1976 1147 13786.568 1723.727 
420 1979 1146 13783.995 1725.476 
392 2014 1114 13792.759 1725.395 
395 2013 1114 13791.346 1722.634 
399 1999 1140 13786.418 1725.639 
398 1998 1136 13787.006 1725.853 
386 2023 1109 13793.55 1724.334 
387 2022 1112 13793.053 1723.608 
392 2017 1108 13791.826 1722.891 
391 2019 1109 13789.607 1723.58 
487 1935 1158 13806.627 1728.013 
468 1959 1113 13771.398 1724.811 
511 1869 1202 13765.815 1724.258 
381 2014 1119 13782.797 1721.838 
381 2015 1118 13782.945 1721.985 
469 1958 1114 13773.322 1725.032 
469 1958 1113 13773.379 1725.033 
511 1870 1200 13766.808 1724.568 
511 1870 1201 13766.753 1724.555 
425 1987 1116 13765.66 1721.722 
446 1977 1143 13801.274 1728.693 
474 1945 1163 13790.389 1726.51 
447 1958 1143 13784.6 1724.581 
412 1996 1150 13807.957 1726.006 
391 2015 1115 13784.236 1720.587 
481 1928 1170 13804.756 1731.323 
408 1999 1157 13801.416 1725.113 
507 1871 1196 13758.235 1720.793 
493 1924 1169 13808.883 1727.613 
447 1968 1127 13796.245 1725.84 
386 2013 1120 13789.22 1724.803 
513 1866 1200 13769.062 1721.223 
517 1853 1189 13753.594 1720.474 
489 1931 1164 13804.555 1727.68 
399 2005 1141 13795.083 1725.053 
408 2002 1135 13803.661 1727.794 
506 1887 1161 13762.775 1720.565 
490 1928 1178 13815.359 1730.971 
490 1928 1169 13819.188 1731.231 
385 2018 1115 13781.013 1720.905 
488 1934 1167 13810.223 1728.499 
419 1992 1146 13807.414 1726.054 
