936 4556 2437 13705.26 1715.825 
931 4558 2457 13700.18 1715.264 
938 4547 2460 13699.003 1715.253 
994 4505 2476 13712.324 1720.065 
922 4585 2411 13700.655 1715.642 
943 4553 2453 13711.895 1718.4 
1019 4496 2470 13730.193 1721.202 
996 4512 2458 13722.0 1718.694 
1012 4507 2481 13727.344 1718.68 
1055 4410 2482 13702.278 1717.129 
977 4519 2462 13724.158 1719.748 
967 4527 2450 13716.888 1718.472 
1055 4409 2496 13696.022 1715.246 
983 4513 2479 13719.414 1718.499 
1009 4500 2491 13726.049 1721.606 
1020 4495 2471 13730.431 1721.305 
987 4512 2474 13720.673 1721.031 
976 4533 2442 13716.221 1716.661 
983 4525 2464 13710.475 1719.255 
963 4532 2472 13713.147 1718.557 
1046 4474 2502 13726.867 1719.782 
1021 4487 2494 13721.767 1721.613 
998 4506 2479 13712.739 1719.434 
1040 4470 2511 13728.581 1719.522 
1036 4498 2523 13736.991 1719.158 
1039 4453 2528 13719.828 1718.401 
1035 4501 2510 13739.221 1720.725 
995 4511 2461 13711.568 1718.639 
1005 4504 2489 13718.987 1718.897 
1007 4506 2453 13723.055 1719.204 
935 4557 2436 13705.259 1715.824 
960 4525 2492 13701.656 1715.729 
1044 4464 2519 13730.079 1720.943 
944 4537 2444 13702.563 1718.616 
1041 4483 2498 13736.387 1721.455 
1054 4433 2518 13718.246 1717.849 
956 4542 2478 13715.812 1718.347 
1038 4470 2523 13722.825 1719.103 
1028 4473 2524 13728.349 1720.448 
947 4548 2445 13709.912 1718.606 
984 4519 2478 13714.199 1718.981 
961 4539 2460 13710.654 1717.904 
1018 4497 2470 13730.132 1721.195 
948 4545 2431 13694.452 1714.753 
1033 4476 2503 13725.123 1720.914 
1026 4461 2529 13722.145 1720.985 
1033 4462 2518 13725.295 1721.615 
1025 4503 2489 13737.234 1720.935 
1030 4478 2518 13728.58 1720.546 
1031 4481 2515 13727.421 1720.034 
1022 4487 2510 13730.755 1721.464 
1038 4485 2498 13739.771 1721.527 
984 4526 2457 13722.764 1718.73 
936 4556 2436 13705.264 1715.825 
1034 4466 2521 13730.986 1719.915 
1049 4458 2524 13727.266 1719.545 
951 4528 2483 13699.042 1716.026 
945 4546 2465 13704.498 1715.998 
948 4544 2443 13705.805 1716.106 
1041 4464 2524 13727.394 1719.872 
1038 4468 2512 13721.323 1719.532 
993 4502 2496 13710.958 1721.282 
1041 4472 2500 13728.159 1720.112 
1050 4449 2507 13727.742 1720.029 
947 4544 2459 13711.936 1717.552 
990 4506 2482 13710.862 1721.254 
992 4512 2462 13716.224 1719.929 
991 4513 2442 13707.789 1716.951 
984 4520 2463 13709.262 1719.583 
992 4496 2496 13713.892 1721.573 
