214 641 462 14117.691 1774.424 
166 724 421 14172.195 1782.73 
193 671 468 14169.172 1783.9 
202 663 471 14156.065 1780.062 
179 696 455 14173.859 1782.829 
177 702 454 14160.91 1782.257 
168 712 444 14166.927 1779.938 
186 683 452 14163.502 1777.646 
194 667 476 14133.455 1779.89 
185 686 444 14114.152 1778.529 
210 640 464 14066.712 1767.118 
171 724 432 14161.087 1772.469 
169 717 445 14151.754 1776.296 
160 723 441 14102.525 1777.059 
159 717 447 14111.126 1779.318 
177 695 456 14117.824 1775.05 
187 692 440 14081.703 1767.368 
210 661 464 14112.306 1765.194 
172 720 443 14186.78 1781.909 
167 723 434 14186.127 1779.418 
193 689 442 14093.822 1769.395 
184 695 441 14092.319 1768.489 
206 670 451 14128.278 1771.593 
187 682 461 14141.277 1773.14 
169 714 433 14158.622 1783.111 
182 692 450 14126.425 1776.615 
174 714 419 14132.153 1779.151 
206 655 471 14095.571 1771.176 
159 724 444 14143.555 1777.931 
180 700 446 14118.976 1777.382 
183 689 455 14146.588 1775.983 
177 713 434 14158.212 1775.881 
174 712 432 14148.902 1776.744 
201 660 475 14102.301 1772.393 
191 681 447 14129.249 1781.582 
196 681 456 14137.914 1773.824 
216 658 460 14142.948 1773.045 
182 703 440 14149.976 1782.373 
156 730 434 14129.671 1777.314 
167 727 431 14149.846 1778.065 
169 712 446 14130.356 1774.325 
205 667 464 14139.311 1778.134 
176 709 447 14131.822 1778.51 
202 672 468 14134.18 1773.77 
205 664 468 14128.98 1772.982 
186 682 450 14140.967 1779.054 
189 685 449 14134.601 1775.13 
180 696 455 14136.28 1776.345 
184 689 456 14136.572 1777.333 
215 640 468 14081.131 1763.21 
173 714 445 14139.978 1776.748 
162 720 445 14130.909 1775.835 
209 648 468 14071.698 1758.718 
211 645 465 14077.502 1761.275 
208 657 462 14102.687 1768.784 
175 714 433 14138.32 1776.351 
208 648 467 14087.238 1765.478 
209 646 467 14092.874 1770.398 
185 690 440 14125.663 1774.795 
178 703 452 14144.712 1777.954 
175 709 454 14143.315 1775.527 
205 660 470 14109.746 1774.39 
206 654 471 14106.718 1771.546 
182 691 455 14145.594 1778.029 
201 664 470 14154.899 1780.002 
205 675 460 14179.208 1780.802 
163 731 425 14181.944 1779.622 
176 717 424 14122.253 1772.831 
196 677 463 14159.625 1779.011 
191 681 453 14156.062 1778.298 
170 714 444 14152.257 1776.833 
185 690 445 14097.667 1773.493 
206 664 458 14101.474 1769.291 
174 712 430 14146.076 1777.136 
183 710 445 14194.055 1781.305 
206 661 467 14130.694 1777.088 
206 658 470 14116.16 1771.788 
185 683 445 14126.525 1781.529 
189 681 463 14131.803 1774.631 
177 704 452 14144.991 1778.018 
189 678 444 14148.306 1778.726 
194 667 475 14133.809 1779.914 
209 662 461 14161.221 1776.12 
193 676 463 14151.976 1780.824 
161 732 436 14157.446 1775.762 
189 689 454 14095.673 1772.776 
168 723 441 14164.252 1776.389 
171 722 426 14183.974 1783.646 
161 723 438 14172.712 1781.361 
188 689 461 14141.008 1776.717 
