322 1324 857 13935.737 1749.431 
329 1315 806 13895.353 1739.597 
263 1389 767 13878.971 1740.804 
302 1372 788 13902.967 1742.166 
302 1362 848 13934.939 1747.78 
293 1379 759 13910.909 1741.575 
274 1382 768 13914.988 1749.982 
336 1302 848 13919.148 1746.5 
338 1309 848 13906.132 1743.096 
326 1306 841 13897.353 1743.766 
285 1376 807 13945.306 1750.682 
273 1378 784 13914.315 1749.233 
314 1354 816 13929.743 1748.236 
277 1386 782 13894.933 1740.201 
287 1374 806 13918.027 1748.081 
271 1385 797 13934.35 1751.748 
279 1379 785 13931.61 1748.5 
313 1352 836 13957.539 1748.502 
332 1303 829 13903.819 1745.551 
300 1367 811 13934.948 1748.614 
310 1335 843 13925.655 1749.61 
315 1340 845 13953.062 1748.69 
301 1344 821 13925.512 1751.44 
312 1348 815 13954.206 1750.815 
283 1385 786 13912.126 1741.599 
306 1337 816 13920.871 1751.023 
321 1331 812 13938.624 1748.559 
297 1369 796 13940.411 1747.374 
288 1368 795 13945.215 1748.343 
322 1333 810 13921.297 1748.321 
299 1367 829 13941.649 1747.181 
303 1365 820 13940.54 1748.372 
314 1341 826 13942.832 1750.157 
315 1332 817 13922.303 1752.348 
324 1313 824 13911.776 1744.981 
327 1306 829 13913.476 1745.95 
311 1352 843 13923.047 1745.07 
314 1344 845 13924.716 1744.923 
315 1327 847 13907.575 1742.786 
312 1333 846 13910.923 1747.473 
313 1342 809 13947.431 1749.765 
327 1332 822 13911.957 1743.061 
282 1389 764 13906.694 1742.559 
276 1383 795 13925.697 1745.391 
280 1377 795 13925.99 1749.703 
321 1326 817 13930.955 1749.227 
326 1326 815 13924.767 1749.611 
288 1375 777 13908.905 1743.857 
287 1380 780 13904.096 1744.797 
296 1346 838 13916.681 1748.583 
288 1383 768 13895.559 1738.699 
285 1386 769 13901.701 1739.8 
300 1346 850 13916.777 1746.115 
299 1348 844 13913.562 1748.432 
309 1353 825 13955.476 1748.038 
307 1355 829 13951.106 1747.147 
316 1336 835 13953.233 1751.103 
284 1368 817 13919.819 1745.969 
289 1368 818 13917.527 1748.349 
276 1377 812 13930.141 1743.553 
275 1377 814 13925.86 1746.592 
293 1377 784 13927.83 1742.57 
294 1374 784 13924.375 1742.202 
307 1362 826 13956.921 1748.874 
306 1361 830 13956.224 1750.742 
289 1378 774 13897.852 1740.39 
316 1340 814 13928.065 1749.608 
318 1338 815 13927.995 1749.624 
319 1339 832 13948.457 1749.012 
320 1338 834 13949.112 1749.2 
288 1381 774 13901.44 1739.807 
288 1380 775 13900.118 1739.566 
323 1325 816 13908.608 1745.979 
324 1324 817 13909.353 1746.162 
322 1326 826 13912.722 1747.169 
322 1327 825 13913.209 1747.276 
292 1378 773 13921.672 1744.624 
293 1377 773 13921.846 1744.634 
297 1334 856 13893.345 1742.367 
347 1272 833 13875.569 1738.175 
325 1295 849 13881.151 1739.355 
283 1360 786 13934.226 1750.98 
327 1316 836 13886.911 1745.799 
266 1394 783 13902.777 1738.952 
273 1390 763 13896.58 1742.662 
299 1367 810 13920.328 1748.663 
280 1392 781 13906.891 1740.04 
310 1341 816 13942.958 1750.011 
344 1277 822 13853.989 1736.703 
