357 1237 788 13783.511 1730.358 
323 1300 781 13872.322 1743.311 
268 1378 746 13867.148 1744.846 
300 1335 773 13865.081 1741.628 
306 1335 762 13878.02 1738.976 
338 1268 788 13853.309 1740.823 
237 1393 722 13791.424 1736.372 
336 1314 816 13910.946 1739.852 
337 1296 798 13883.989 1740.949 
343 1266 804 13827.646 1736.956 
287 1380 740 13876.839 1743.308 
283 1369 736 13875.076 1745.684 
293 1358 737 13860.011 1744.881 
296 1351 729 13833.58 1741.141 
327 1327 795 13912.43 1740.674 
341 1297 825 13885.356 1737.463 
334 1292 817 13886.439 1737.08 
272 1381 720 13826.898 1742.413 
334 1286 789 13878.039 1744.213 
277 1356 753 13852.959 1744.585 
285 1371 737 13858.649 1743.924 
342 1279 808 13835.99 1737.372 
318 1324 797 13901.15 1743.219 
271 1373 730 13842.013 1743.324 
262 1383 722 13824.034 1737.861 
267 1382 726 13846.39 1743.488 
267 1381 729 13836.999 1741.475 
288 1363 762 13863.637 1743.575 
343 1283 814 13865.773 1735.702 
306 1333 790 13904.013 1742.715 
310 1327 785 13900.659 1741.664 
273 1360 755 13863.961 1745.257 
335 1278 820 13872.326 1741.245 
335 1282 819 13864.639 1738.32 
248 1394 710 13813.113 1739.77 
340 1300 810 13896.942 1740.64 
284 1368 751 13859.277 1742.036 
280 1362 750 13861.044 1744.496 
259 1387 715 13829.106 1739.605 
298 1343 730 13820.039 1739.906 
289 1365 738 13851.067 1741.376 
243 1397 712 13808.406 1737.673 
258 1391 729 13832.364 1743.087 
284 1364 729 13852.833 1746.198 
260 1387 712 13813.501 1739.696 
265 1384 714 13813.746 1737.63 
309 1328 797 13897.596 1742.53 
311 1329 792 13894.8 1742.099 
299 1335 778 13884.602 1740.26 
302 1337 780 13888.6 1739.844 
295 1358 748 13850.097 1741.859 
258 1387 730 13822.836 1742.947 
269 1382 718 13837.937 1738.94 
265 1383 719 13836.383 1741.662 
258 1385 731 13830.013 1742.7 
259 1388 733 13826.957 1742.46 
290 1359 748 13852.354 1741.539 
290 1358 746 13848.892 1743.223 
336 1310 798 13901.758 1742.646 
298 1341 734 13828.808 1740.724 
299 1339 734 13825.122 1740.486 
333 1315 794 13904.162 1743.164 
332 1310 798 13903.599 1743.197 
356 1262 805 13850.849 1741.329 
354 1264 803 13849.295 1741.243 
343 1280 792 13868.633 1735.696 
344 1279 793 13871.23 1736.09 
291 1358 754 13861.318 1742.78 
293 1357 756 13862.18 1743.016 
265 1385 710 13829.361 1737.329 
265 1384 712 13827.846 1737.077 
335 1314 797 13905.422 1742.873 
334 1313 799 13904.389 1742.703 
339 1289 784 13887.003 1744.803 
338 1289 786 13887.968 1744.912 
286 1359 732 13848.357 1745.436 
285 1360 733 13849.504 1745.612 
285 1365 743 13847.916 1741.588 
286 1364 744 13848.917 1741.695 
347 1276 799 13847.353 1740.075 
348 1275 800 13847.917 1740.127 
330 1317 801 13912.661 1741.891 
331 1316 802 13912.966 1741.882 
335 1307 800 13892.607 1741.327 
336 1306 801 13892.491 1741.31 
336 1303 804 13895.588 1741.061 
335 1304 803 13895.63 1741.064 
345 1271 803 13839.251 1739.461 
346 1270 803 13839.703 1739.563 
300 1325 798 13868.219 1736.064 
289 1349 759 13838.655 1740.826 
279 1346 748 13840.478 1745.333 
274 1377 729 13859.593 1746.608 
245 1393 716 13805.381 1738.414 
294 1358 743 13848.276 1743.595 
