1093 4989 2804 13606.704 1705.312 
928 5226 2669 13613.906 1701.44 
1022 5145 2782 13632.932 1707.85 
1072 5081 2832 13633.346 1705.891 
969 5158 2706 13604.161 1701.03 
1065 5070 2827 13633.188 1706.057 
957 5169 2716 13607.145 1702.283 
1010 5147 2761 13625.288 1704.963 
1021 5146 2763 13629.627 1706.953 
1096 5011 2820 13610.565 1704.783 
1087 5007 2813 13610.866 1705.329 
1080 5070 2798 13627.561 1707.492 
940 5209 2696 13606.633 1701.25 
1066 5085 2801 13631.356 1707.258 
1072 5076 2818 13632.78 1707.339 
1085 5040 2803 13615.875 1706.483 
1056 5100 2825 13626.616 1705.53 
1067 5092 2773 13626.634 1705.035 
1060 5098 2812 13630.924 1706.528 
1059 5097 2802 13633.207 1707.991 
1081 5056 2801 13626.682 1706.382 
1082 5054 2801 13626.255 1706.298 
1077 5076 2807 13630.493 1706.568 
1081 5048 2805 13621.236 1706.925 
1080 5049 2804 13621.187 1706.926 
1049 5095 2834 13630.798 1705.41 
1048 5096 2833 13630.758 1705.403 
1052 5116 2752 13626.616 1705.856 
957 5194 2725 13612.685 1701.348 
1065 5089 2801 13626.047 1704.826 
1045 5123 2814 13638.357 1706.944 
957 5201 2701 13613.184 1702.756 
930 5220 2688 13605.624 1701.555 
1058 5092 2830 13631.222 1706.458 
1092 5056 2797 13629.121 1706.028 
944 5220 2685 13609.642 1701.566 
1076 5077 2806 13630.498 1706.569 
1066 5109 2777 13643.957 1709.457 
1064 5109 2795 13642.25 1709.142 
1035 5135 2799 13636.839 1705.711 
1051 5134 2812 13646.55 1708.65 
1066 5098 2793 13628.816 1706.191 
1071 5080 2822 13636.192 1707.976 
1062 5084 2824 13632.865 1707.848 
964 5181 2733 13609.297 1701.654 
935 5209 2677 13610.444 1701.215 
949 5207 2694 13612.203 1702.006 
1063 5110 2795 13642.26 1709.143 
941 5199 2708 13606.12 1701.625 
959 5189 2692 13606.241 1701.266 
1068 5083 2820 13632.689 1706.392 
1061 5090 2836 13638.338 1707.931 
1062 5095 2805 13632.639 1706.504 
1082 5067 2842 13629.082 1705.569 
1060 5091 2835 13637.943 1707.857 
1075 5080 2784 13628.945 1706.949 
1073 5088 2770 13630.475 1706.651 
1058 5099 2819 13639.99 1707.66 
1057 5114 2783 13630.947 1706.252 
1087 5006 2814 13610.621 1705.294 
968 5179 2714 13612.603 1700.948 
1025 5142 2774 13635.413 1708.396 
1050 5119 2819 13637.886 1706.805 
1008 5149 2761 13625.732 1704.961 
1059 5072 2839 13622.832 1705.188 
1057 5105 2812 13635.772 1705.506 
929 5212 2690 13606.775 1701.767 
1074 5078 2790 13622.073 1704.913 
1052 5100 2821 13625.485 1705.77 
1067 5093 2771 13625.264 1704.091 
1065 5107 2797 13641.968 1709.115 
