304 1360 782 13949.836 1750.374 
341 1304 809 13902.132 1745.177 
309 1354 789 13922.43 1746.04 
331 1350 788 13971.842 1753.814 
288 1389 795 13951.806 1751.042 
311 1354 778 13933.489 1751.966 
315 1357 777 13942.305 1751.8 
298 1382 789 13940.4 1750.005 
313 1341 799 13921.925 1748.12 
289 1385 791 13931.341 1746.782 
327 1340 799 13946.486 1753.269 
322 1337 811 13937.577 1750.131 
324 1334 805 13939.679 1748.667 
339 1320 804 13943.546 1751.438 
341 1309 801 13930.883 1750.457 
304 1354 800 13932.831 1748.356 
337 1311 792 13922.068 1751.935 
279 1395 785 13931.416 1747.561 
280 1375 797 13926.035 1750.243 
328 1349 782 13963.161 1753.961 
310 1340 807 13933.674 1746.992 
311 1340 806 13928.115 1747.698 
307 1343 800 13914.868 1747.047 
283 1381 797 13930.285 1746.662 
285 1377 798 13928.434 1749.345 
307 1341 811 13925.563 1747.391 
306 1343 803 13931.734 1748.066 
306 1347 805 13927.811 1748.865 
298 1356 803 13937.452 1747.49 
298 1356 802 13936.734 1747.571 
336 1321 787 13932.463 1751.185 
336 1321 788 13932.311 1751.177 
252 1399 762 13877.481 1741.473 
327 1352 796 13963.208 1753.976 
337 1313 809 13922.801 1750.796 
340 1313 796 13927.979 1750.836 
340 1308 803 13914.817 1747.756 
342 1310 799 13919.443 1748.819 
331 1353 779 13963.321 1752.773 
310 1342 804 13913.558 1745.026 
311 1341 802 13937.705 1747.763 
303 1353 801 13943.015 1750.227 
335 1331 818 13955.533 1753.838 
321 1338 810 13937.161 1750.104 
347 1305 788 13922.075 1751.292 
291 1368 801 13927.107 1747.547 
339 1313 807 13929.127 1751.363 
301 1355 801 13942.87 1750.193 
288 1385 790 13959.911 1752.123 
302 1354 800 13941.649 1750.218 
304 1377 795 13949.72 1750.221 
292 1384 791 13958.279 1751.57 
346 1307 802 13925.45 1751.722 
339 1326 800 13944.129 1750.686 
310 1337 817 13951.722 1752.898 
344 1300 805 13892.238 1744.305 
278 1392 788 13930.947 1749.118 
338 1319 783 13931.191 1753.276 
301 1353 803 13944.116 1750.533 
304 1347 811 13946.572 1751.664 
271 1398 786 13942.295 1751.716 
291 1359 800 13935.046 1748.509 
320 1345 798 13949.232 1752.878 
272 1396 769 13921.514 1749.592 
312 1335 817 13951.698 1752.888 
330 1335 790 13933.222 1748.897 
306 1356 793 13945.38 1749.515 
331 1353 780 13963.326 1752.482 
292 1358 801 13937.078 1748.891 
287 1390 794 13951.943 1751.07 
332 1334 803 13946.933 1751.078 
272 1395 769 13920.733 1749.722 
336 1302 810 13880.678 1739.377 
