351 1307 810 13935.111 1744.926 
316 1348 799 13932.35 1750.122 
360 1298 803 13896.606 1745.631 
348 1295 815 13891.919 1747.034 
305 1342 802 13910.307 1747.303 
265 1396 739 13897.324 1740.481 
346 1287 839 13916.832 1748.863 
257 1405 753 13918.945 1747.398 
367 1262 839 13881.167 1743.832 
362 1283 812 13883.728 1742.494 
351 1301 814 13917.885 1743.724 
351 1291 837 13897.429 1743.999 
315 1330 806 13894.772 1746.386 
357 1283 828 13877.36 1745.749 
258 1394 756 13907.966 1746.433 
358 1265 827 13853.571 1739.485 
339 1329 790 13917.322 1745.262 
359 1260 846 13865.907 1739.792 
356 1266 836 13862.256 1740.889 
268 1379 745 13900.977 1746.264 
279 1369 765 13882.146 1740.849 
271 1370 775 13901.711 1743.486 
340 1302 826 13873.904 1742.625 
339 1293 832 13869.227 1743.74 
363 1275 824 13884.744 1744.753 
363 1276 818 13894.864 1744.054 
358 1282 824 13902.643 1741.179 
332 1307 833 13892.028 1745.988 
268 1374 766 13887.378 1741.718 
335 1321 791 13900.432 1741.363 
334 1330 788 13895.518 1745.066 
365 1271 819 13863.255 1741.538 
358 1277 825 13865.298 1740.501 
359 1293 820 13903.419 1749.473 
342 1293 835 13881.571 1743.022 
339 1299 832 13889.838 1742.239 
325 1324 807 13904.962 1746.852 
269 1384 739 13913.22 1746.451 
266 1389 748 13912.421 1746.154 
275 1375 763 13895.503 1743.696 
346 1296 824 13904.391 1741.453 
360 1272 834 13874.914 1738.923 
354 1279 839 13876.274 1738.659 
368 1260 819 13848.911 1739.939 
374 1255 824 13844.611 1738.097 
333 1325 806 13925.545 1745.896 
277 1355 767 13882.835 1742.42 
275 1360 766 13875.059 1738.51 
271 1382 758 13908.992 1743.634 
275 1374 757 13904.325 1744.074 
375 1243 821 13844.967 1740.539 
373 1246 830 13845.649 1737.968 
286 1358 757 13891.444 1740.444 
265 1392 760 13917.647 1747.382 
265 1383 763 13918.149 1744.613 
323 1335 805 13903.478 1749.812 
329 1330 793 13908.094 1748.455 
320 1340 799 13916.676 1748.07 
349 1310 810 13908.487 1747.346 
267 1379 769 13897.58 1744.164 
273 1369 740 13898.55 1746.63 
322 1327 802 13915.356 1746.594 
317 1331 802 13909.387 1749.086 
278 1368 743 13887.019 1741.192 
275 1364 745 13893.17 1745.173 
328 1323 811 13914.55 1750.167 
324 1323 819 13906.945 1747.262 
323 1328 814 13912.173 1746.165 
371 1252 838 13867.199 1741.017 
370 1259 835 13863.483 1740.611 
332 1331 798 13923.643 1747.111 
326 1335 800 13911.272 1747.094 
277 1367 753 13900.49 1739.829 
283 1366 754 13896.154 1741.229 
332 1338 795 13920.742 1747.179 
329 1339 795 13915.022 1745.996 
278 1360 755 13882.371 1738.945 
277 1364 755 13890.51 1739.809 
277 1360 756 13888.595 1738.366 
359 1308 811 13908.002 1745.647 
358 1311 808 13909.457 1746.494 
268 1386 749 13890.593 1739.99 
268 1384 750 13889.114 1743.647 
352 1289 825 13907.855 1745.651 
350 1288 828 13906.786 1745.07 
354 1276 834 13890.78 1745.157 
355 1275 835 13891.673 1745.281 
263 1384 763 13892.967 1744.097 
262 1384 764 13894.145 1744.146 
275 1371 756 13918.723 1744.714 
274 1372 755 13918.419 1744.675 
262 1395 741 13919.497 1746.076 
262 1395 742 13919.485 1746.074 
257 1415 745 13940.003 1747.541 
345 1319 825 13939.552 1749.445 
351 1277 848 13895.398 1745.263 
370 1257 823 13867.069 1741.296 
