809 4598 2390 13653.96 1709.022 
881 4529 2382 13639.806 1707.92 
894 4522 2425 13641.941 1709.359 
823 4566 2352 13633.297 1706.299 
867 4531 2348 13626.086 1705.376 
915 4493 2475 13658.194 1712.504 
841 4528 2411 13639.538 1705.586 
967 4449 2541 13679.164 1714.66 
909 4516 2454 13659.775 1711.511 
963 4458 2430 13659.78 1714.368 
945 4473 2488 13680.391 1713.909 
954 4482 2423 13657.152 1713.442 
963 4487 2433 13670.552 1713.189 
996 4359 2552 13645.255 1711.156 
934 4504 2473 13663.459 1712.329 
1036 4364 2483 13644.864 1709.185 
840 4552 2345 13631.309 1703.313 
950 4476 2441 13664.583 1715.542 
960 4463 2450 13658.874 1714.216 
966 4475 2491 13673.488 1714.067 
961 4474 2510 13672.216 1712.326 
1006 4434 2481 13670.631 1714.11 
1013 4379 2525 13657.81 1711.044 
826 4535 2379 13633.372 1705.454 
970 4440 2472 13661.63 1710.859 
975 4438 2480 13647.503 1711.41 
928 4508 2453 13664.26 1712.751 
1000 4370 2542 13655.928 1711.714 
1028 4331 2519 13626.619 1707.113 
1034 4328 2527 13639.571 1708.547 
947 4493 2470 13669.743 1713.433 
1024 4336 2538 13650.928 1711.608 
1023 4362 2497 13650.754 1712.796 
1001 4412 2495 13662.86 1711.476 
1007 4393 2507 13656.929 1712.922 
868 4530 2411 13631.863 1709.601 
872 4526 2426 13635.011 1708.402 
942 4483 2486 13659.16 1713.192 
811 4546 2383 13626.384 1704.924 
931 4493 2451 13670.746 1714.602 
1028 4352 2517 13650.097 1709.711 
1013 4413 2480 13663.949 1712.872 
987 4409 2514 13662.892 1714.985 
997 4411 2525 13667.497 1712.932 
1019 4393 2488 13648.669 1713.908 
1043 4327 2497 13640.402 1711.039 
946 4464 2543 13686.187 1715.407 
948 4456 2534 13676.671 1713.834 
973 4448 2491 13655.849 1711.031 
970 4414 2540 13664.8 1711.964 
950 4453 2494 13673.91 1714.433 
975 4428 2539 13667.567 1714.971 
949 4486 2456 13664.485 1714.434 
940 4491 2447 13658.032 1713.7 
1006 4407 2539 13675.023 1713.75 
997 4409 2551 13669.251 1712.63 
999 4399 2541 13664.479 1712.804 
987 4425 2520 13671.839 1713.629 
977 4434 2525 13668.117 1714.357 
1010 4359 2532 13650.751 1713.121 
1027 4369 2538 13661.561 1711.467 
1024 4359 2530 13654.875 1711.566 
831 4557 2378 13645.595 1708.325 
823 4552 2379 13634.668 1705.838 
932 4492 2486 13671.69 1714.373 
1021 4383 2487 13662.414 1713.094 
1000 4428 2496 13666.495 1713.779 
1011 4350 2542 13642.346 1710.312 
958 4492 2497 13674.175 1712.254 
946 4491 2490 13672.187 1713.144 
836 4538 2335 13617.234 1705.608 
846 4534 2340 13624.61 1706.198 
1013 4408 2505 13659.555 1712.778 
1016 4405 2492 13657.654 1713.305 
957 4450 2513 13681.302 1713.85 
953 4460 2517 13673.775 1714.291 
981 4439 2457 13668.914 1712.701 
1009 4382 2541 13663.243 1711.765 
1010 4393 2549 13662.85 1711.45 
980 4441 2453 13654.8 1713.313 
1040 4331 2512 13636.74 1709.024 
1033 4336 2504 13642.88 1708.37 
982 4432 2496 13655.339 1711.357 
988 4429 2503 13664.327 1711.479 
822 4532 2417 13624.127 1704.6 
826 4531 2425 13632.59 1707.384 
1005 4337 2550 13626.26 1709.366 
976 4456 2448 13662.646 1713.844 
975 4451 2459 13659.597 1713.683 
1014 4337 2540 13638.333 1708.15 
1016 4333 2546 13628.702 1710.151 
1018 4378 2508 13657.514 1712.083 
1024 4385 2501 13661.64 1712.133 
969 4452 2502 13665.199 1710.899 
962 4460 2499 13670.064 1712.101 
840 4543 2364 13639.008 1705.592 
847 4543 2359 13632.122 1704.377 
993 4440 2467 13666.074 1713.088 
987 4432 2467 13670.642 1712.508 
1033 4375 2495 13651.995 1711.7 
