575 2660 1500 13834.947 1734.435 
649 2544 1529 13789.411 1729.874 
643 2547 1508 13763.286 1725.456 
597 2634 1541 13824.422 1731.754 
581 2659 1509 13832.26 1733.234 
605 2631 1544 13831.329 1732.842 
553 2676 1487 13826.4 1735.645 
587 2635 1516 13838.786 1738.152 
589 2629 1514 13836.475 1737.729 
549 2677 1487 13824.457 1735.17 
565 2667 1500 13834.969 1735.939 
555 2696 1476 13826.784 1732.53 
589 2642 1536 13823.667 1732.426 
593 2633 1537 13820.836 1732.276 
590 2636 1548 13829.388 1734.898 
631 2578 1516 13799.214 1727.945 
564 2670 1487 13826.375 1735.19 
554 2667 1502 13822.124 1734.491 
617 2617 1563 13859.06 1738.439 
619 2607 1531 13826.218 1733.464 
589 2636 1543 13829.557 1734.072 
570 2680 1481 13817.011 1732.744 
600 2647 1531 13844.467 1735.214 
554 2697 1476 13826.902 1732.54 
584 2636 1522 13841.983 1737.493 
588 2630 1513 13835.917 1737.611 
556 2695 1476 13826.69 1732.524 
568 2671 1513 13833.858 1734.017 
570 2669 1491 13830.203 1733.579 
553 2680 1509 13828.605 1734.482 
617 2617 1564 13859.018 1738.437 
581 2654 1519 13833.215 1734.526 
583 2650 1487 13814.61 1734.073 
581 2659 1508 13832.338 1733.235 
589 2637 1536 13825.958 1733.773 
587 2635 1517 13838.689 1738.13 
602 2632 1564 13852.904 1737.076 
557 2677 1515 13831.215 1733.514 
588 2642 1545 13828.894 1732.424 
589 2638 1535 13827.305 1733.999 
611 2624 1555 13852.679 1737.249 
634 2574 1541 13809.653 1730.958 
583 2638 1556 13833.957 1735.7 
590 2631 1518 13836.073 1737.401 
629 2599 1551 13833.823 1734.538 
564 2668 1500 13834.866 1735.92 
635 2557 1523 13793.038 1729.171 
577 2659 1516 13840.015 1734.954 
571 2662 1517 13826.72 1731.819 
555 2696 1477 13826.739 1732.527 
593 2641 1532 13836.48 1736.477 
578 2662 1482 13821.902 1735.014 
566 2688 1500 13835.351 1735.061 
558 2689 1481 13821.454 1731.35 
611 2629 1557 13853.192 1737.218 
618 2615 1573 13859.558 1738.296 
568 2675 1490 13824.835 1733.236 
575 2639 1515 13832.99 1737.566 
630 2588 1530 13807.811 1729.549 
582 2671 1496 13825.683 1733.531 
554 2697 1475 13827.005 1732.548 
589 2642 1535 13823.695 1732.419 
590 2641 1536 13823.58 1732.383 
