1160 5133 2906 13713.999 1717.117 
1155 5134 2851 13709.075 1717.847 
1153 5106 2855 13696.976 1718.027 
1101 5179 2810 13704.816 1716.353 
1109 5184 2843 13705.8 1716.23 
1118 5174 2870 13716.201 1718.53 
1121 5167 2856 13704.398 1716.278 
1150 5151 2802 13699.726 1716.786 
1085 5207 2806 13705.44 1716.815 
1098 5176 2828 13709.144 1716.217 
1093 5193 2815 13705.419 1717.57 
1082 5194 2808 13708.402 1716.891 
1166 5086 2892 13698.355 1717.475 
1123 5161 2834 13708.476 1717.163 
1155 5137 2827 13698.456 1716.796 
1147 5104 2896 13706.726 1717.241 
1134 5158 2867 13707.513 1715.913 
1187 5075 2872 13691.292 1714.211 
1136 5132 2878 13705.888 1717.896 
1091 5192 2831 13709.112 1718.487 
1101 5188 2829 13703.702 1716.653 
1125 5169 2822 13711.354 1719.253 
1183 5085 2884 13702.462 1717.51 
1164 5098 2895 13694.076 1715.525 
1172 5119 2813 13703.388 1715.519 
1172 5097 2879 13696.199 1715.541 
1119 5171 2822 13700.465 1715.497 
1171 5100 2877 13707.781 1717.708 
1127 5171 2804 13704.78 1716.47 
1121 5173 2811 13699.47 1715.686 
1129 5141 2883 13704.088 1717.219 
1180 5079 2900 13703.237 1716.903 
1154 5096 2887 13704.104 1717.224 
1156 5090 2895 13706.38 1717.201 
1132 5158 2820 13707.881 1717.73 
1141 5157 2842 13706.542 1716.709 
1138 5159 2833 13708.707 1717.22 
1186 5088 2855 13699.553 1716.054 
1140 5154 2818 13712.29 1719.108 
1132 5117 2882 13711.451 1718.284 
1140 5108 2886 13704.378 1717.118 
1138 5114 2889 13711.095 1717.428 
1172 5116 2824 13703.517 1717.056 
1161 5113 2835 13691.685 1714.766 
1151 5157 2820 13709.305 1715.791 
1151 5149 2816 13705.946 1716.742 
1116 5154 2883 13705.766 1716.625 
1155 5146 2839 13716.769 1716.401 
1149 5148 2846 13716.353 1717.038 
1124 5149 2872 13702.588 1716.92 
1177 5098 2852 13707.75 1717.08 
1180 5097 2844 13704.304 1716.54 
1167 5103 2888 13701.574 1715.91 
1167 5116 2832 13705.494 1716.777 
1175 5096 2868 13695.684 1714.535 
1122 5162 2873 13707.609 1717.469 
1135 5169 2836 13709.927 1717.143 
1135 5167 2828 13710.145 1716.848 
1174 5109 2860 13698.087 1715.139 
1171 5109 2871 13694.189 1713.558 
1172 5104 2866 13696.793 1714.792 
1174 5109 2843 13703.631 1715.857 
1167 5108 2880 13698.017 1716.501 
1163 5105 2880 13702.434 1716.938 
1180 5094 2891 13708.615 1717.777 
1183 5093 2893 13703.623 1716.619 
1187 5085 2868 13697.898 1714.906 
1185 5084 2864 13699.621 1715.496 
1124 5162 2843 13698.48 1715.869 
1123 5159 2843 13699.129 1717.232 
1165 5110 2844 13701.309 1715.569 
1168 5109 2844 13700.037 1715.665 
1176 5069 2902 13698.667 1715.893 
1175 5071 2901 13698.962 1715.928 
1144 5118 2879 13703.947 1717.299 
1145 5117 2880 13704.52 1717.364 
1121 5153 2876 13709.513 1717.36 
1120 5154 2875 13709.337 1717.338 
1160 5135 2821 13711.211 1715.726 
1161 5135 2822 13711.205 1715.724 
1198 5072 2881 13702.8 1717.008 
1197 5073 2881 13702.804 1717.008 
1150 5132 2874 13713.286 1718.889 
1122 5170 2849 13704.227 1716.384 
1167 5102 2857 13702.659 1715.964 
1178 5092 2871 13709.239 1716.491 
1162 5122 2827 13698.914 1717.074 
1128 5157 2840 13707.24 1716.192 
1148 5150 2894 13713.615 1716.082 
1132 5145 2885 13713.636 1717.09 
1149 5153 2863 13713.973 1718.877 
1171 5113 2834 13702.815 1716.754 
1127 5147 2866 13705.758 1716.155 
1166 5110 2840 13700.719 1714.964 
1102 5175 2809 13700.246 1716.703 
