617 2554 1544 13765.73 1721.604 
631 2567 1500 13792.259 1729.137 
607 2589 1561 13811.134 1727.515 
537 2703 1490 13823.0 1730.327 
533 2711 1477 13817.161 1729.729 
537 2716 1457 13809.393 1729.499 
599 2612 1540 13814.729 1731.349 
531 2701 1461 13810.426 1730.789 
571 2675 1495 13811.884 1727.289 
571 2688 1490 13820.404 1728.724 
582 2652 1492 13800.287 1726.782 
611 2629 1499 13824.524 1728.734 
556 2670 1482 13810.904 1731.819 
564 2668 1486 13822.684 1732.22 
584 2651 1516 13814.638 1731.362 
590 2634 1559 13825.712 1730.745 
563 2659 1502 13805.594 1731.695 
580 2646 1502 13815.537 1731.214 
548 2701 1490 13808.842 1728.581 
596 2629 1524 13800.594 1728.568 
578 2640 1526 13813.703 1730.353 
574 2657 1506 13812.479 1731.656 
627 2565 1532 13781.361 1727.75 
633 2561 1543 13780.47 1727.819 
614 2585 1540 13780.017 1727.832 
558 2688 1471 13819.337 1731.847 
594 2631 1546 13827.111 1732.279 
580 2673 1507 13830.373 1730.754 
566 2691 1509 13828.759 1730.635 
567 2679 1511 13826.218 1730.513 
593 2646 1491 13809.77 1727.198 
543 2709 1473 13803.371 1727.593 
572 2656 1525 13820.168 1728.067 
578 2647 1527 13824.91 1730.348 
608 2617 1535 13831.573 1731.301 
557 2674 1499 13820.2 1730.954 
556 2679 1505 13828.928 1730.498 
549 2704 1471 13813.246 1729.357 
598 2632 1516 13810.783 1729.5 
641 2548 1543 13776.205 1726.334 
634 2553 1537 13771.785 1725.779 
617 2590 1536 13791.097 1727.917 
621 2607 1518 13815.064 1729.54 
616 2612 1519 13806.413 1729.612 
638 2566 1518 13789.387 1727.787 
596 2620 1540 13831.531 1732.708 
599 2622 1532 13826.124 1730.657 
592 2642 1530 13813.038 1727.3 
570 2676 1475 13820.505 1732.723 
603 2623 1548 13825.507 1729.409 
619 2581 1526 13790.743 1728.554 
623 2585 1515 13797.616 1728.863 
616 2581 1520 13797.39 1730.548 
553 2701 1478 13805.633 1726.995 
620 2592 1522 13791.283 1727.645 
564 2685 1481 13833.759 1732.987 
566 2683 1477 13825.866 1731.819 
625 2578 1525 13799.838 1731.595 
626 2580 1532 13795.693 1727.589 
612 2604 1527 13805.224 1729.156 
615 2600 1521 13800.816 1728.352 
569 2652 1517 13808.091 1729.397 
566 2650 1516 13815.94 1729.925 
571 2658 1500 13830.324 1731.946 
593 2632 1528 13829.603 1730.42 
598 2639 1498 13817.913 1727.996 
606 2618 1496 13816.077 1731.445 
585 2638 1524 13830.511 1730.692 
586 2633 1527 13825.411 1731.519 
618 2582 1540 13797.741 1726.132 
612 2582 1538 13796.546 1730.221 
588 2639 1513 13822.146 1732.617 
576 2651 1506 13829.609 1731.549 
575 2658 1507 13828.048 1730.801 
559 2697 1474 13800.702 1727.136 
601 2633 1502 13811.724 1726.422 
596 2637 1499 13810.43 1727.321 
627 2586 1498 13788.631 1730.114 
623 2586 1499 13793.786 1727.49 
550 2701 1473 13797.276 1727.009 
553 2697 1470 13801.237 1727.599 
599 2624 1504 13819.218 1731.401 
600 2622 1499 13815.027 1730.352 
595 2642 1522 13824.315 1730.531 
591 2644 1525 13820.415 1731.987 
601 2620 1558 13820.641 1728.487 
600 2625 1554 13818.579 1728.242 
629 2572 1517 13791.895 1729.058 
634 2574 1516 13795.629 1727.548 
610 2605 1557 13808.271 1727.631 
606 2605 1552 13809.717 1728.133 
533 2695 1476 13807.03 1731.381 
537 2694 1476 13811.96 1730.417 
582 2636 1539 13819.072 1729.38 
580 2639 1539 13824.402 1729.137 
613 2591 1518 13797.213 1729.921 
617 2591 1522 13799.991 1729.297 
579 2665 1508 13820.974 1728.613 
581 2660 1508 13823.784 1729.969 
592 2632 1507 13814.5 1731.376 
