713 3293 1870 13791.433 1729.423 
679 3311 1827 13775.872 1728.058 
712 3301 1842 13795.6 1728.959 
579 3340 1712 13695.856 1717.248 
684 3294 1857 13767.879 1726.503 
768 3221 1878 13785.226 1726.729 
581 3348 1705 13706.741 1716.919 
745 3268 1863 13806.44 1730.702 
566 3384 1691 13718.739 1719.382 
718 3281 1850 13786.566 1728.18 
583 3328 1711 13695.912 1716.613 
723 3273 1883 13791.299 1728.295 
567 3355 1713 13698.224 1717.729 
729 3278 1860 13796.257 1729.898 
758 3252 1881 13800.82 1728.973 
587 3338 1707 13704.041 1717.349 
750 3257 1880 13794.524 1729.835 
703 3309 1828 13782.973 1727.966 
698 3304 1835 13782.856 1727.749 
583 3336 1680 13695.688 1718.023 
588 3330 1702 13699.214 1718.167 
762 3233 1886 13787.079 1727.585 
721 3279 1870 13795.046 1728.841 
689 3309 1812 13784.494 1728.053 
682 3306 1815 13782.485 1729.084 
754 3236 1883 13787.073 1727.678 
571 3361 1693 13713.747 1718.074 
576 3362 1695 13707.483 1719.023 
744 3269 1846 13793.655 1729.677 
747 3267 1853 13792.713 1727.319 
741 3244 1893 13785.294 1726.946 
741 3276 1870 13802.49 1729.097 
734 3275 1868 13800.378 1730.495 
757 3249 1872 13796.488 1729.31 
759 3245 1866 13794.647 1729.561 
569 3373 1693 13715.448 1719.11 
749 3260 1879 13804.651 1730.591 
753 3263 1883 13801.376 1729.52 
563 3368 1697 13709.578 1719.051 
570 3367 1702 13710.87 1718.297 
763 3232 1875 13789.723 1726.698 
758 3236 1876 13788.63 1729.547 
721 3294 1846 13791.714 1727.752 
717 3291 1850 13793.761 1729.426 
731 3270 1874 13800.231 1730.321 
719 3284 1844 13777.496 1728.336 
724 3285 1843 13781.675 1727.657 
562 3366 1704 13711.012 1718.102 
688 3306 1815 13775.221 1728.146 
684 3311 1814 13775.464 1727.124 
693 3302 1845 13789.059 1728.869 
590 3323 1690 13689.172 1716.657 
590 3326 1687 13693.464 1716.548 
698 3299 1847 13788.735 1726.91 
696 3305 1839 13794.107 1728.774 
759 3227 1869 13780.939 1727.939 
728 3275 1874 13794.658 1728.708 
733 3273 1873 13794.732 1729.335 
567 3376 1694 13706.762 1717.602 
571 3375 1696 13709.393 1718.241 
571 3355 1698 13701.515 1717.522 
759 3223 1870 13784.675 1727.931 
570 3350 1704 13700.552 1717.111 
579 3343 1687 13696.357 1717.528 
577 3343 1683 13696.471 1717.074 
566 3363 1703 13706.584 1717.554 
563 3363 1701 13706.22 1719.319 
572 3351 1699 13698.501 1718.196 
733 3239 1891 13785.249 1727.606 
739 3238 1898 13779.785 1726.295 
738 3240 1897 13780.82 1726.326 
699 3287 1830 13783.641 1729.708 
698 3289 1829 13784.361 1729.882 
683 3305 1860 13782.853 1729.233 
679 3310 1853 13783.256 1729.188 
680 3308 1854 13783.27 1729.163 
681 3308 1858 13783.668 1729.082 
682 3306 1858 13783.414 1729.034 
710 3280 1874 13786.263 1727.062 
709 3281 1873 13785.69 1726.929 
736 3263 1891 13789.106 1726.663 
735 3264 1890 13788.594 1726.521 
584 3337 1696 13703.172 1717.404 
585 3336 1697 13703.239 1717.417 
736 3238 1889 13783.603 1727.842 
735 3240 1888 13784.253 1727.779 
736 3239 1888 13784.562 1727.992 
762 3240 1860 13788.021 1729.771 
762 3239 1861 13788.362 1729.856 
759 3228 1868 13786.828 1727.865 
760 3227 1868 13786.617 1727.824 
692 3302 1836 13796.657 1727.966 
692 3302 1837 13796.283 1727.916 
756 3222 1889 13784.561 1728.181 
756 3222 1888 13784.646 1728.197 
687 3300 1854 13778.223 1726.449 
687 3300 1855 13778.17 1726.44 
696 3300 1844 13783.947 1727.559 
696 3299 1844 13783.983 1727.589 
572 3349 1703 13696.785 1718.502 
