975 4432 2382 13645.337 1708.412 
998 4275 2416 13588.755 1703.504 
917 4503 2409 13655.578 1710.776 
926 4491 2390 13656.282 1710.949 
933 4498 2401 13661.289 1710.817 
1003 4290 2397 13587.933 1701.286 
936 4479 2384 13650.237 1710.263 
979 4430 2429 13645.617 1709.529 
949 4467 2436 13648.006 1709.245 
974 4396 2450 13631.795 1707.86 
849 4526 2322 13634.985 1705.1 
922 4505 2390 13662.522 1711.215 
913 4511 2388 13666.013 1711.728 
975 4388 2442 13629.164 1708.588 
955 4463 2407 13652.752 1710.567 
833 4551 2319 13636.204 1704.83 
952 4443 2437 13650.529 1710.296 
904 4501 2391 13657.842 1710.61 
912 4507 2389 13655.459 1710.262 
859 4519 2345 13633.816 1704.623 
944 4489 2397 13654.307 1709.662 
961 4463 2418 13655.792 1709.377 
942 4447 2431 13646.948 1709.822 
949 4452 2435 13646.161 1709.982 
820 4552 2307 13637.566 1704.024 
955 4422 2457 13640.999 1707.525 
957 4431 2456 13641.374 1707.574 
985 4373 2430 13622.147 1705.762 
984 4373 2439 13622.042 1704.938 
825 4535 2336 13628.408 1703.494 
998 4295 2382 13583.335 1700.835 
1003 4289 2383 13584.002 1701.931 
824 4562 2312 13632.138 1705.332 
843 4532 2343 13639.701 1704.965 
941 4485 2411 13663.441 1709.903 
935 4489 2412 13664.013 1711.24 
844 4523 2332 13633.977 1705.365 
840 4523 2337 13631.051 1705.21 
830 4545 2325 13630.388 1704.113 
835 4541 2324 13630.164 1704.085 
988 4382 2400 13619.558 1706.146 
986 4385 2401 13624.179 1705.844 
837 4538 2306 13619.698 1702.994 
836 4541 2308 13624.192 1703.954 
955 4469 2414 13658.729 1709.941 
847 4530 2348 13631.867 1703.91 
847 4534 2345 13634.043 1703.571 
838 4533 2334 13631.413 1704.822 
835 4534 2330 13631.714 1703.766 
957 4454 2420 13650.232 1709.791 
861 4518 2333 13634.622 1704.853 
860 4520 2335 13635.016 1705.592 
968 4433 2421 13644.537 1708.605 
969 4431 2421 13644.101 1708.558 
995 4348 2425 13613.827 1705.982 
994 4350 2425 13614.24 1706.054 
952 4469 2420 13656.191 1710.346 
952 4470 2418 13656.294 1710.314 
813 4559 2307 13634.286 1704.965 
814 4558 2306 13634.009 1704.86 
967 4459 2449 13662.032 1709.343 
966 4459 2449 13662.079 1709.351 
970 4423 2434 13639.368 1706.591 
970 4423 2433 13639.394 1706.596 
825 4568 2307 13630.209 1703.854 
825 4568 2308 13630.206 1703.854 
981 4304 2447 13588.918 1702.964 
968 4441 2402 13642.947 1710.039 
956 4443 2452 13649.484 1708.541 
1012 4288 2406 13592.903 1702.576 
940 4473 2442 13650.822 1709.804 
818 4575 2303 13636.035 1705.05 
977 4386 2434 13622.397 1705.788 
831 4540 2335 13629.497 1704.831 
840 4537 2323 13629.673 1702.818 
827 4564 2326 13632.939 1704.812 
944 4480 2398 13658.251 1710.082 
987 4402 2392 13637.518 1707.424 
966 4453 2428 13654.556 1711.245 
956 4421 2458 13641.172 1707.536 
952 4482 2417 13661.212 1709.489 
954 4456 2420 13650.309 1709.67 
841 4530 2330 13632.959 1705.551 
948 4431 2438 13641.327 1709.746 
973 4405 2445 13641.435 1708.571 
951 4478 2430 13669.548 1711.843 
982 4415 2407 13637.692 1707.2 
