462 2675 1421 13713.853 1719.367 
631 2474 1524 13695.665 1713.255 
612 2542 1532 13744.501 1721.282 
616 2503 1539 13714.361 1717.441 
592 2545 1470 13738.476 1724.092 
526 2621 1463 13735.804 1718.735 
639 2495 1509 13713.722 1717.281 
619 2507 1521 13711.782 1716.496 
628 2498 1518 13712.463 1717.43 
616 2538 1487 13722.952 1717.968 
611 2544 1479 13723.156 1722.177 
585 2563 1465 13739.676 1723.791 
469 2653 1412 13699.562 1717.222 
485 2636 1373 13711.014 1718.764 
479 2634 1376 13706.584 1717.782 
580 2554 1468 13732.223 1724.968 
473 2644 1413 13698.893 1716.7 
469 2647 1414 13694.132 1715.673 
613 2545 1498 13732.25 1721.408 
609 2545 1503 13734.302 1721.19 
485 2644 1371 13688.63 1716.498 
487 2643 1373 13696.605 1716.806 
613 2531 1508 13725.044 1718.128 
615 2532 1503 13727.347 1718.973 
486 2640 1376 13688.966 1717.686 
486 2648 1370 13703.102 1716.769 
484 2648 1374 13701.943 1717.265 
484 2639 1376 13693.985 1715.767 
479 2660 1372 13705.488 1716.926 
480 2656 1371 13704.686 1717.328 
552 2619 1464 13764.043 1724.117 
620 2506 1518 13715.769 1717.318 
625 2486 1523 13699.669 1717.563 
595 2583 1503 13757.524 1723.128 
474 2657 1357 13695.64 1717.192 
587 2563 1504 13733.157 1719.545 
584 2587 1437 13723.756 1718.318 
625 2481 1527 13697.269 1715.587 
611 2546 1504 13737.911 1719.663 
583 2555 1483 13716.368 1723.896 
623 2490 1521 13705.519 1716.971 
600 2561 1507 13719.221 1719.106 
622 2500 1548 13710.945 1716.446 
619 2504 1522 13709.793 1716.635 
535 2612 1472 13742.183 1718.601 
520 2633 1451 13741.596 1719.028 
484 2637 1398 13694.268 1717.098 
621 2501 1547 13710.325 1716.372 
583 2587 1437 13724.259 1718.41 
479 2640 1381 13695.445 1717.032 
499 2637 1385 13712.197 1717.293 
623 2512 1513 13723.914 1718.556 
624 2487 1522 13699.39 1717.559 
626 2511 1510 13718.066 1718.496 
462 2675 1420 13713.886 1719.37 
478 2644 1392 13692.089 1716.125 
622 2491 1520 13705.262 1716.906 
618 2513 1522 13730.308 1718.445 
581 2608 1499 13758.559 1724.082 
607 2571 1497 13756.903 1723.602 
542 2624 1459 13737.287 1719.149 
600 2580 1488 13734.58 1721.547 
610 2554 1539 13758.672 1720.616 
613 2510 1496 13707.496 1721.875 
614 2530 1510 13725.638 1718.261 
481 2641 1378 13689.073 1715.0 
590 2559 1506 13732.27 1716.192 
482 2642 1377 13691.378 1716.393 
474 2656 1365 13703.187 1717.707 
608 2561 1496 13734.928 1721.928 
612 2546 1497 13731.75 1721.271 
628 2496 1520 13708.119 1716.623 
624 2507 1512 13720.046 1718.417 
608 2546 1507 13737.214 1720.895 
621 2523 1510 13736.98 1719.376 
603 2557 1533 13743.356 1719.21 
638 2496 1508 13713.133 1717.222 
597 2558 1509 13737.575 1716.286 
468 2647 1418 13693.944 1714.494 
477 2643 1416 13698.73 1716.678 
624 2482 1526 13696.834 1715.497 
