554 2600 1414 13702.58 1715.02 
484 2659 1386 13733.48 1720.258 
525 2615 1423 13698.361 1715.274 
498 2675 1389 13739.345 1719.698 
606 2517 1493 13701.35 1717.77 
509 2677 1370 13752.27 1723.906 
593 2557 1461 13710.557 1716.422 
509 2666 1395 13727.364 1717.181 
581 2566 1455 13701.853 1716.991 
583 2570 1462 13715.342 1715.626 
546 2592 1472 13711.483 1715.79 
590 2550 1497 13735.121 1720.378 
524 2611 1465 13702.19 1716.254 
511 2628 1377 13722.133 1719.829 
561 2598 1438 13718.237 1717.349 
513 2650 1371 13720.705 1719.116 
590 2565 1487 13725.877 1720.229 
579 2564 1496 13722.783 1715.954 
512 2633 1380 13707.589 1717.747 
519 2632 1391 13722.41 1717.016 
511 2629 1390 13715.391 1721.472 
532 2603 1472 13708.397 1717.334 
559 2580 1450 13727.982 1719.827 
575 2568 1484 13730.218 1719.148 
537 2599 1454 13717.17 1717.997 
567 2587 1489 13717.688 1717.583 
565 2585 1490 13727.802 1718.929 
589 2561 1475 13724.697 1720.473 
573 2572 1499 13738.349 1719.555 
570 2578 1497 13730.818 1717.987 
549 2601 1443 13717.168 1717.793 
578 2551 1509 13719.167 1717.506 
581 2548 1501 13723.637 1719.233 
517 2635 1367 13705.798 1716.455 
559 2593 1466 13732.109 1718.627 
523 2615 1440 13708.924 1717.048 
535 2608 1463 13713.246 1717.237 
530 2613 1458 13714.874 1716.651 
536 2602 1445 13702.788 1715.973 
491 2687 1360 13739.755 1722.453 
495 2684 1363 13745.742 1723.217 
608 2533 1482 13716.381 1718.424 
514 2640 1378 13717.236 1717.412 
514 2637 1371 13714.214 1717.496 
591 2549 1490 13712.283 1717.611 
569 2580 1465 13724.895 1717.935 
555 2586 1456 13715.995 1719.788 
505 2643 1397 13720.414 1716.342 
564 2585 1468 13726.112 1719.963 
553 2594 1463 13725.174 1718.916 
547 2597 1452 13719.746 1718.029 
512 2644 1396 13723.21 1716.26 
558 2598 1457 13712.672 1717.209 
552 2595 1458 13713.601 1716.89 
551 2591 1452 13718.555 1719.01 
552 2595 1457 13720.277 1718.665 
594 2550 1486 13718.647 1718.093 
566 2582 1479 13725.187 1718.632 
563 2582 1474 13722.671 1719.321 
595 2554 1479 13722.765 1718.447 
594 2552 1480 13717.22 1718.088 
503 2657 1385 13720.341 1717.63 
501 2658 1380 13721.114 1719.912 
541 2602 1433 13708.732 1717.487 
538 2602 1435 13711.772 1715.014 
508 2637 1403 13727.648 1717.901 
508 2640 1399 13726.033 1718.51 
610 2533 1490 13716.984 1717.707 
608 2534 1489 13712.639 1716.382 
603 2547 1486 13732.997 1720.591 
604 2545 1486 13728.72 1718.846 
534 2609 1449 13711.671 1717.299 
528 2612 1447 13710.652 1717.467 
532 2611 1446 13710.049 1718.229 
522 2622 1375 13705.203 1720.08 
520 2624 1374 13704.692 1719.984 
558 2587 1458 13723.144 1719.171 
557 2589 1459 13724.446 1719.284 
501 2665 1378 13724.445 1718.758 
500 2667 1378 13725.586 1718.879 
579 2577 1489 13726.202 1719.955 
580 2575 1489 13725.575 1719.918 
528 2601 1447 13703.922 1718.332 
576 2557 1504 13727.178 1718.867 
585 2536 1501 13721.134 1718.632 
584 2537 1500 13721.245 1718.638 
594 2525 1491 13688.25 1715.108 
595 2524 1491 13688.782 1715.202 
497 2667 1375 13724.358 1720.274 
497 2668 1376 13724.796 1720.243 
520 2625 1369 13713.286 1717.947 
519 2625 1370 13713.232 1717.935 
528 2600 1449 13704.768 1718.478 
529 2600 1448 13704.593 1718.441 
529 2600 1449 13704.405 1718.42 
578 2556 1505 13727.213 1718.881 
577 2556 1505 13727.301 1718.882 
523 2617 1396 13713.23 1716.535 
516 2614 1386 13713.717 1717.148 
