179 671 420 14027.436 1766.244 
186 669 465 14090.934 1765.803 
165 693 440 14000.156 1758.903 
156 704 431 14060.147 1763.601 
175 691 405 14079.28 1768.068 
165 698 416 14108.406 1773.38 
159 701 415 14096.778 1767.716 
171 685 426 14108.246 1774.042 
196 654 459 14036.345 1762.079 
169 694 431 14117.135 1770.354 
173 691 437 14107.266 1768.925 
185 670 466 14062.072 1761.144 
159 704 410 14041.955 1764.761 
175 693 423 14060.882 1764.813 
175 681 455 14030.322 1760.254 
181 679 413 14047.71 1762.801 
179 679 416 14058.038 1764.819 
145 711 414 13980.158 1756.571 
138 712 412 13988.141 1755.554 
151 706 423 14038.496 1765.934 
148 709 422 14030.919 1759.595 
157 703 409 14080.645 1768.612 
153 708 407 14018.249 1764.225 
149 707 408 14026.922 1760.49 
195 662 457 14051.82 1766.46 
172 685 415 14058.695 1771.516 
182 677 446 14065.715 1764.328 
177 664 460 14025.646 1766.529 
177 671 460 14029.626 1763.151 
152 704 417 14082.743 1772.536 
159 692 442 14032.22 1762.372 
161 689 445 14025.422 1765.135 
175 683 443 14060.111 1768.673 
164 695 440 14043.085 1761.103 
181 670 456 14073.102 1768.973 
183 666 453 14067.369 1769.697 
173 681 438 14067.17 1769.73 
176 676 441 14063.777 1767.67 
188 668 446 14047.908 1764.007 
178 685 437 14077.812 1768.693 
180 682 441 14075.616 1764.057 
191 665 447 14059.599 1766.89 
186 660 446 14059.383 1768.811 
153 700 432 14034.808 1760.53 
174 677 456 14050.268 1765.906 
170 678 455 14045.388 1768.922 
176 688 413 14067.313 1769.952 
170 688 413 14066.449 1773.093 
166 686 444 14050.254 1767.463 
162 673 459 14050.023 1769.693 
160 674 458 14045.857 1769.557 
175 674 459 14039.051 1760.512 
184 664 453 14058.819 1768.398 
183 666 456 14059.706 1766.287 
175 675 458 14042.252 1764.098 
176 672 461 14040.628 1763.95 
175 673 461 14044.382 1765.383 
154 707 432 14028.4 1760.115 
156 706 432 14031.732 1760.608 
172 695 424 14024.781 1757.566 
171 695 425 14028.339 1758.078 
189 663 453 14046.886 1761.859 
187 666 453 14047.232 1762.452 
173 685 458 14069.588 1765.431 
162 692 447 14014.364 1762.622 
161 693 448 14017.025 1762.867 
184 673 452 14058.251 1762.735 
185 672 453 14060.684 1762.864 
183 675 451 14047.525 1760.189 
184 674 452 14049.722 1760.76 
171 687 456 14064.899 1765.448 
148 715 411 14052.42 1767.16 
146 717 409 14050.704 1767.002 
147 716 409 14052.52 1767.178 
193 660 461 14070.961 1765.11 
192 661 461 14069.858 1764.795 
160 698 433 14047.01 1763.557 
161 697 434 14046.472 1763.499 
164 688 442 14044.428 1767.025 
165 687 443 14044.282 1767.031 
172 686 457 14066.722 1765.233 
185 669 468 14091.719 1766.068 
184 671 445 14060.929 1760.87 
169 702 430 14096.48 1771.685 
190 664 461 14053.005 1760.578 
177 673 455 14018.1 1757.43 
157 682 450 14047.003 1767.494 
166 688 417 14067.593 1772.852 
191 663 453 14033.561 1758.495 
172 684 432 14080.571 1769.547 
167 686 443 14053.39 1768.531 
158 702 415 14098.203 1768.353 
