457 1921 1097 13760.041 1729.158 
402 1979 1107 13768.504 1726.733 
365 2011 1071 13750.319 1720.837 
492 1903 1123 13775.008 1729.049 
486 1903 1141 13765.022 1726.995 
452 1933 1105 13781.929 1728.038 
435 1955 1124 13785.889 1730.716 
490 1882 1128 13755.67 1723.951 
390 1992 1085 13772.828 1725.938 
411 1970 1099 13790.459 1731.272 
468 1932 1115 13758.103 1723.496 
395 1985 1077 13763.617 1724.954 
467 1941 1125 13780.016 1725.811 
381 1983 1089 13754.312 1724.043 
474 1901 1142 13743.242 1724.064 
483 1894 1142 13748.002 1724.751 
450 1948 1135 13776.153 1726.384 
449 1942 1145 13776.972 1728.398 
463 1912 1107 13772.109 1730.018 
467 1922 1134 13776.807 1726.281 
451 1941 1124 13788.537 1733.225 
455 1942 1124 13777.941 1730.699 
464 1919 1115 13757.857 1728.671 
481 1913 1118 13769.027 1726.7 
479 1916 1126 13779.998 1729.779 
481 1911 1135 13777.99 1729.716 
477 1922 1123 13766.166 1727.793 
468 1925 1141 13768.279 1722.257 
379 1998 1074 13732.157 1719.325 
449 1940 1126 13761.755 1728.499 
377 2005 1042 13747.71 1719.439 
369 2001 1044 13743.119 1719.572 
467 1930 1132 13768.815 1723.723 
470 1919 1110 13769.336 1724.997 
401 1980 1088 13766.085 1726.181 
468 1927 1115 13772.19 1724.532 
424 1958 1100 13781.57 1727.834 
471 1906 1138 13771.147 1726.382 
473 1913 1133 13770.134 1728.667 
451 1935 1137 13769.205 1729.325 
459 1935 1134 13770.391 1726.446 
412 1969 1118 13793.394 1728.9 
455 1922 1135 13772.15 1723.937 
448 1931 1126 13772.198 1731.314 
459 1922 1125 13772.76 1727.98 
469 1921 1125 13759.792 1728.38 
468 1924 1128 13761.612 1723.106 
437 1956 1124 13770.929 1728.075 
370 2006 1071 13732.429 1719.133 
376 1994 1053 13733.864 1722.533 
454 1933 1116 13770.496 1730.883 
370 1998 1056 13737.502 1719.032 
373 1999 1054 13732.666 1720.011 
460 1929 1117 13773.865 1728.475 
454 1926 1125 13769.478 1729.45 
457 1926 1129 13768.972 1727.327 
358 2012 1060 13736.459 1720.13 
460 1932 1111 13768.303 1728.246 
458 1930 1115 13769.032 1727.189 
360 2014 1054 13743.543 1719.494 
360 2012 1056 13739.478 1719.927 
408 1971 1114 13787.024 1727.56 
410 1963 1114 13776.497 1730.414 
413 1961 1112 13775.572 1729.934 
373 1996 1079 13746.273 1719.91 
371 1997 1078 13745.285 1719.76 
447 1948 1103 13770.473 1726.622 
446 1948 1104 13768.504 1726.463 
419 1957 1107 13778.747 1729.129 
418 1958 1108 13780.109 1729.561 
442 1944 1120 13767.094 1729.057 
442 1944 1122 13766.839 1729.011 
408 1972 1091 13769.052 1727.42 
383 1994 1073 13741.022 1720.612 
407 1973 1088 13768.317 1727.399 
408 1972 1089 13769.146 1727.551 
405 1976 1116 13785.738 1729.0 
406 1975 1117 13786.289 1729.038 
440 1947 1129 13766.147 1729.678 
439 1948 1130 13766.123 1729.677 
369 2000 1072 13736.202 1718.01 
369 2001 1071 13736.798 1718.092 
484 1897 1127 13753.333 1727.499 
484 1896 1127 13752.256 1727.532 
353 2022 1056 13741.594 1720.656 
354 2021 1056 13741.796 1720.698 
390 1980 1096 13760.903 1725.689 
389 1981 1096 13761.064 1725.71 
404 1974 1111 13788.188 1726.993 
405 1973 1111 13788.218 1727.112 
374 1994 1077 13740.574 1718.86 
374 1995 1076 13740.472 1718.841 
439 1950 1129 13768.98 1729.362 
383 1993 1075 13740.168 1720.613 
383 1994 1075 13740.922 1720.591 
467 1933 1131 13790.34 1725.717 
467 1933 1130 13790.454 1725.733 
438 1951 1128 13768.98 1729.362 
438 1951 1129 13768.971 1729.265 
488 1884 1139 13766.91 1723.369 
