950 4461 2466 13662.088 1710.845 
986 4304 2404 13601.287 1701.194 
917 4521 2440 13676.705 1712.706 
895 4523 2451 13661.641 1711.624 
894 4522 2441 13665.267 1711.68 
995 4286 2440 13589.528 1700.286 
905 4507 2450 13659.285 1711.831 
964 4316 2409 13594.066 1700.821 
989 4292 2421 13589.611 1699.133 
911 4522 2427 13671.922 1712.372 
903 4525 2431 13673.976 1712.645 
969 4313 2395 13604.177 1700.771 
1003 4276 2435 13604.403 1700.838 
1002 4279 2429 13600.071 1700.23 
958 4316 2400 13599.898 1701.458 
973 4311 2408 13591.204 1700.515 
974 4314 2412 13593.561 1700.142 
931 4489 2444 13667.958 1711.633 
966 4319 2388 13598.464 1699.888 
975 4308 2402 13597.409 1700.611 
904 4536 2428 13677.989 1712.944 
909 4536 2427 13678.657 1712.812 
907 4539 2429 13677.286 1713.061 
918 4495 2458 13668.199 1712.276 
928 4484 2459 13664.241 1711.385 
971 4316 2394 13594.222 1700.314 
971 4315 2393 13596.086 1699.926 
997 4284 2453 13597.433 1700.721 
1014 4248 2457 13590.1 1698.962 
1013 4249 2456 13590.212 1698.988 
972 4311 2401 13598.599 1701.099 
929 4489 2462 13663.922 1712.294 
929 4488 2462 13663.4 1712.302 
943 4482 2467 13672.437 1711.941 
990 4290 2448 13592.098 1700.197 
973 4306 2414 13594.852 1700.527 
957 4328 2383 13592.386 1700.254 
961 4327 2386 13598.341 1700.602 
972 4322 2385 13598.754 1701.663 
996 4285 2452 13597.166 1700.719 
986 4304 2438 13598.601 1702.694 
996 4281 2438 13597.746 1699.689 
915 4508 2458 13660.783 1711.484 
1013 4250 2443 13591.231 1699.37 
914 4514 2449 13672.629 1713.067 
916 4508 2448 13663.546 1711.408 
970 4308 2391 13595.529 1701.963 
910 4525 2435 13670.958 1711.913 
973 4320 2385 13598.309 1701.653 
950 4462 2457 13660.423 1711.193 
981 4307 2395 13595.266 1700.282 
1011 4268 2449 13592.228 1699.96 
946 4467 2476 13662.823 1711.037 
915 4517 2444 13671.414 1712.49 
1008 4260 2462 13594.882 1700.367 
1012 4255 2451 13595.656 1700.238 
968 4325 2386 13604.661 1701.187 
930 4506 2456 13677.984 1713.117 
904 4525 2428 13673.517 1713.097 
985 4305 2437 13598.209 1702.666 
989 4284 2424 13597.656 1700.393 
921 4511 2441 13672.135 1711.814 
963 4326 2406 13602.204 1701.328 
934 4488 2458 13663.465 1710.926 
920 4511 2445 13671.839 1712.206 
944 4480 2467 13671.816 1711.802 
899 4520 2446 13665.97 1711.638 
904 4524 2432 13674.357 1712.688 
996 4286 2440 13589.647 1700.238 
930 4506 2455 13678.012 1713.119 
945 4468 2460 13667.448 1711.728 
960 4327 2386 13594.013 1700.756 
914 4518 2440 13673.523 1712.759 
1002 4277 2434 13604.276 1700.812 
998 4276 2442 13590.399 1699.88 
945 4484 2453 13673.636 1711.906 
971 4314 2402 13599.562 1701.294 
