154 741 450 14188.482 1782.496 
152 743 447 14199.235 1782.101 
155 742 445 14208.897 1783.746 
151 743 458 14208.944 1786.192 
159 740 457 14204.034 1784.823 
191 714 501 14290.362 1800.544 
160 736 461 14201.344 1784.508 
192 715 503 14273.926 1799.179 
175 725 501 14243.39 1796.763 
186 715 508 14268.674 1800.44 
162 739 460 14223.089 1785.844 
186 721 503 14295.306 1804.406 
186 723 494 14288.806 1802.965 
183 716 505 14273.035 1801.271 
209 683 501 14203.27 1790.475 
188 717 501 14269.449 1802.469 
149 748 449 14208.794 1785.201 
187 721 495 14282.956 1802.193 
152 743 474 14172.548 1786.405 
182 717 506 14249.041 1795.387 
180 719 494 14276.397 1805.667 
163 736 484 14196.398 1788.238 
206 690 498 14223.91 1793.49 
190 719 492 14273.105 1799.86 
193 714 504 14276.846 1799.196 
174 729 503 14262.371 1797.794 
181 724 497 14296.917 1804.48 
188 716 503 14276.934 1800.933 
195 713 503 14289.055 1801.811 
175 730 492 14290.088 1803.332 
164 735 487 14201.964 1788.797 
204 712 520 14322.141 1804.462 
183 716 504 14273.601 1801.403 
158 736 473 14167.908 1790.108 
177 725 497 14262.296 1800.681 
206 684 500 14194.11 1791.287 
205 689 504 14217.276 1794.488 
180 726 485 14275.919 1801.566 
178 725 492 14291.011 1805.695 
176 724 500 14248.613 1797.176 
156 742 449 14200.616 1785.737 
155 739 476 14173.21 1786.916 
178 725 491 14291.038 1805.734 
184 715 506 14273.113 1800.664 
173 730 503 14261.897 1797.719 
151 745 446 14209.008 1782.755 
173 734 495 14288.631 1802.386 
179 722 507 14263.702 1796.592 
