195 650 413 14054.306 1773.085 
209 639 427 14040.492 1770.352 
204 642 440 14057.448 1764.733 
186 682 453 14143.954 1776.88 
170 704 445 14170.042 1787.13 
187 663 470 14076.158 1768.777 
180 676 472 14124.456 1772.895 
153 720 436 14149.901 1782.508 
162 715 438 14154.152 1779.771 
151 709 454 14134.025 1782.114 
187 676 462 14121.294 1780.875 
154 713 444 14114.435 1774.545 
173 683 468 14128.29 1784.097 
176 688 469 14123.108 1779.573 
192 657 458 14056.483 1771.897 
192 663 456 14060.349 1772.363 
176 684 479 14124.203 1779.468 
174 685 475 14118.606 1779.422 
179 681 464 14096.257 1778.176 
173 694 457 14125.147 1782.414 
174 689 458 14128.342 1782.615 
174 691 455 14132.876 1776.858 
174 695 451 14131.689 1778.705 
176 695 445 14136.798 1779.311 
174 700 445 14134.078 1779.555 
175 696 444 14131.762 1779.178 
157 714 431 14113.406 1781.563 
159 712 444 14135.193 1778.84 
158 704 456 14118.411 1777.749 
157 704 455 14115.839 1777.895 
178 690 461 14121.925 1784.802 
179 689 460 14123.434 1785.175 
119 722 393 13939.257 1753.779 
206 648 432 14090.791 1774.113 
205 649 432 14090.206 1774.049 
192 668 437 14089.528 1770.66 
192 668 438 14089.442 1770.647 
218 624 442 14030.995 1763.052 
214 635 430 14077.984 1769.358 
207 647 428 14070.651 1766.944 
184 680 471 14137.509 1778.513 
191 662 458 14076.804 1774.233 
199 656 429 14082.761 1772.11 
171 697 467 14128.361 1782.711 
156 716 439 14129.883 1776.064 
165 704 447 14133.197 1778.074 
180 683 458 14121.473 1781.755 
178 678 463 14101.359 1779.271 
117 725 394 13943.796 1754.884 
160 711 445 14138.188 1779.155 
118 723 393 13938.297 1753.745 
175 690 469 14108.113 1779.098 
177 694 450 14137.161 1780.124 
163 711 451 14133.236 1785.017 
172 703 456 14149.469 1787.68 
173 694 450 14127.647 1784.823 
180 693 453 14177.212 1783.748 
175 685 471 14117.641 1780.025 
179 676 467 14121.861 1779.229 
190 665 448 14065.439 1765.573 
167 704 446 14117.703 1775.988 
169 697 460 14154.832 1780.75 
189 667 469 14110.049 1774.25 
