251 1408 735 13906.219 1746.949 
287 1407 804 13987.422 1751.856 
348 1291 829 13903.693 1741.474 
330 1340 804 13939.561 1747.45 
369 1276 820 13869.133 1737.083 
334 1335 815 13933.777 1746.52 
314 1383 810 14008.027 1755.891 
320 1371 814 14008.959 1756.361 
312 1375 821 14010.189 1757.881 
301 1392 809 14026.507 1757.829 
327 1344 826 13972.787 1754.896 
326 1357 822 13972.854 1751.619 
300 1385 825 13983.257 1753.527 
345 1306 818 13912.918 1741.906 
329 1340 818 13952.253 1749.347 
323 1358 822 13983.504 1754.055 
307 1370 826 13978.794 1756.528 
321 1373 815 13985.893 1756.985 
317 1378 819 13987.341 1753.412 
311 1378 824 13999.399 1756.45 
315 1371 824 13987.405 1752.777 
313 1374 825 13980.302 1751.893 
294 1402 793 14001.306 1756.641 
295 1400 811 14009.911 1755.881 
301 1394 814 14009.461 1756.65 
322 1362 834 14004.133 1758.669 
297 1406 808 14020.658 1755.575 
356 1294 817 13890.624 1739.407 
362 1291 820 13889.392 1739.952 
301 1396 809 14015.903 1757.222 
296 1400 807 14016.548 1756.628 
362 1285 827 13884.752 1741.148 
360 1279 829 13884.702 1741.373 
316 1370 832 13999.317 1755.274 
321 1369 832 14002.331 1757.493 
366 1281 822 13881.302 1738.842 
364 1276 825 13882.49 1738.847 
338 1316 812 13898.372 1739.82 
330 1336 824 13957.831 1749.264 
329 1333 829 13958.588 1750.014 
342 1296 838 13883.902 1740.16 
345 1292 836 13886.291 1739.137 
355 1306 833 13902.722 1744.039 
351 1307 831 13899.375 1743.457 
347 1301 815 13903.653 1740.589 
349 1304 814 13905.565 1742.524 
293 1404 797 14008.025 1756.921 
294 1399 802 14008.567 1757.122 
295 1401 799 14006.174 1756.31 
304 1388 798 14001.553 1758.273 
325 1350 820 13965.659 1752.473 
324 1350 823 13966.212 1750.28 
301 1387 813 14001.108 1757.556 
335 1319 817 13897.93 1742.141 
337 1318 817 13900.222 1742.253 
355 1266 839 13854.635 1736.526 
354 1268 838 13855.942 1736.797 
359 1290 834 13893.479 1743.227 
342 1312 826 13903.949 1740.151 
347 1274 835 13851.614 1735.21 
346 1274 836 13853.294 1735.335 
345 1312 816 13925.681 1743.749 
345 1312 817 13924.185 1743.383 
344 1313 816 13924.598 1743.454 
341 1310 827 13903.089 1741.048 
340 1311 826 13902.929 1741.039 
358 1292 831 13892.069 1743.31 
359 1291 832 13892.113 1743.312 
295 1397 815 14001.542 1755.387 
296 1396 815 14001.351 1755.352 
323 1362 830 13979.661 1754.831 
323 1362 829 13980.137 1754.918 
351 1272 837 13856.488 1735.654 
351 1272 838 13856.424 1735.56 
303 1396 805 13993.102 1754.191 
303 1397 805 13993.002 1754.174 
331 1314 820 13887.084 1738.128 
330 1332 825 13940.773 1747.895 
312 1381 818 13997.648 1757.424 
300 1399 799 14000.83 1754.285 
325 1345 830 13963.866 1749.226 
312 1391 823 14019.014 1757.373 
302 1391 793 13994.417 1759.193 
327 1339 830 13957.41 1750.869 
316 1369 823 13995.163 1759.777 
315 1372 807 13990.018 1754.844 
300 1390 816 14008.51 1759.981 
338 1312 836 13900.279 1742.47 
314 1373 821 13995.784 1753.416 
291 1400 812 13992.645 1752.559 
298 1398 799 14011.065 1754.751 
295 1401 800 14006.159 1756.307 
313 1373 812 13989.101 1755.674 
305 1393 808 13995.874 1752.217 
