767 3109 1846 13699.584 1718.08 
731 3220 1836 13747.417 1727.315 
557 3248 1608 13570.087 1700.181 
554 3252 1624 13572.556 1702.139 
729 3214 1829 13744.638 1727.685 
761 3149 1803 13709.944 1720.919 
765 3119 1842 13696.756 1719.231 
757 3173 1856 13739.445 1726.947 
537 3277 1615 13588.508 1702.388 
538 3271 1614 13583.755 1701.64 
539 3264 1616 13571.084 1701.545 
730 3211 1840 13737.059 1726.413 
543 3263 1610 13576.53 1702.063 
751 3192 1857 13748.696 1727.961 
732 3203 1844 13744.998 1729.344 
754 3174 1854 13739.725 1727.55 
557 3247 1611 13569.977 1700.113 
541 3269 1611 13578.066 1701.82 
729 3212 1839 13736.929 1726.403 
690 3242 1791 13721.548 1723.685 
745 3196 1862 13746.784 1727.004 
766 3118 1843 13697.168 1719.269 
539 3272 1610 13577.907 1702.338 
763 3137 1834 13703.195 1717.63 
729 3215 1830 13744.553 1727.636 
769 3128 1830 13711.481 1721.544 
751 3197 1860 13749.748 1726.952 
536 3263 1619 13573.623 1702.711 
557 3248 1609 13570.059 1700.181 
755 3166 1859 13734.712 1723.324 
756 3165 1859 13733.523 1723.171 
762 3121 1844 13694.236 1719.308 
759 3128 1838 13705.373 1718.568 
766 3111 1847 13700.507 1718.244 
556 3248 1608 13569.302 1700.607 
753 3182 1855 13734.311 1725.101 
551 3262 1622 13587.183 1702.905 
539 3269 1616 13581.524 1701.176 
766 3118 1844 13697.114 1719.261 
744 3203 1851 13745.151 1726.213 
689 3243 1790 13720.981 1723.567 
742 3206 1857 13748.244 1727.76 
767 3148 1809 13714.49 1721.629 
759 3137 1823 13694.714 1718.599 
767 3114 1831 13686.778 1718.242 
745 3206 1834 13751.503 1727.296 
543 3263 1611 13576.484 1702.05 
772 3105 1810 13685.834 1718.254 
759 3130 1858 13709.291 1718.541 
764 3122 1842 13700.681 1719.081 
762 3127 1843 13699.509 1717.375 
552 3249 1613 13575.74 1701.453 
553 3259 1611 13574.877 1702.739 
544 3253 1629 13572.812 1700.878 
542 3265 1609 13577.754 1701.005 
