157 684 432 13939.276 1757.341 
199 665 446 14113.988 1778.813 
207 642 447 14070.008 1767.041 
185 666 436 14002.14 1761.97 
179 678 428 14110.183 1777.413 
176 677 429 14089.821 1775.366 
176 681 396 14019.068 1762.977 
149 704 398 14034.136 1772.262 
181 658 458 13977.93 1761.473 
213 627 465 14019.154 1758.229 
156 701 401 14051.356 1767.373 
149 702 410 14026.135 1758.654 
145 699 428 14007.555 1765.353 
200 656 443 14014.577 1758.372 
158 695 408 14065.778 1773.504 
168 695 415 14045.154 1763.758 
197 650 464 14043.546 1759.097 
181 682 423 14050.732 1759.651 
184 667 430 14023.329 1756.9 
209 637 463 14036.525 1759.016 
202 640 457 14024.968 1759.677 
193 640 455 13971.94 1761.663 
186 659 455 14004.66 1753.639 
160 681 433 13985.468 1760.959 
161 680 440 13975.62 1754.045 
163 690 429 14034.906 1759.686 
154 689 430 13995.112 1766.213 
160 685 439 14021.958 1756.729 
162 681 430 14025.591 1765.187 
196 652 451 13997.236 1761.348 
181 668 423 14063.562 1773.758 
151 698 424 14029.204 1764.941 
183 669 450 14041.596 1774.642 
188 644 460 14037.089 1766.807 
154 695 422 14057.532 1767.931 
187 650 461 14004.304 1762.659 
159 683 428 14006.111 1768.628 
168 678 445 13988.612 1755.087 
163 675 453 13980.573 1752.909 
173 684 422 14043.979 1770.541 
206 643 437 14049.736 1765.981 
196 648 466 14010.262 1757.582 
182 670 420 14024.537 1767.763 
181 672 422 14036.274 1771.523 
177 679 436 14028.379 1770.722 
180 670 434 14035.735 1767.431 
171 671 447 14015.78 1760.656 
200 652 433 14035.87 1759.902 
191 650 449 14036.063 1771.145 
178 675 442 14052.401 1766.025 
180 673 431 14055.231 1769.571 
209 638 463 13984.001 1754.849 
158 694 416 14095.479 1776.744 
155 699 408 14089.097 1774.626 
172 678 439 14040.337 1767.755 
184 665 447 14067.727 1772.586 
182 663 447 14056.218 1772.965 
186 663 448 14038.928 1763.736 
152 689 428 14016.411 1760.108 
157 688 430 14006.503 1756.988 
161 687 415 14058.796 1765.029 
170 685 414 14054.616 1770.844 
210 637 437 14022.173 1761.701 
203 645 440 14024.934 1759.02 
191 638 467 14013.107 1770.958 
191 645 460 14016.622 1765.818 
178 647 456 13989.827 1769.796 
186 643 455 13982.419 1768.936 
182 659 455 14011.783 1767.181 
211 637 478 14025.977 1761.485 
203 641 472 14022.322 1760.184 
161 690 410 14018.542 1764.749 
161 692 419 14017.914 1758.0 
170 687 412 14027.754 1758.078 
172 687 423 14026.084 1756.589 
195 658 459 14021.607 1757.736 
191 653 451 14027.955 1762.68 
188 662 453 14026.628 1757.294 
172 680 427 14015.072 1762.301 
169 680 437 14014.65 1765.818 
172 665 453 14007.641 1764.641 
180 667 460 14007.117 1762.647 
204 642 466 13992.797 1750.405 
180 661 456 14034.261 1760.179 
200 631 453 14003.035 1765.569 
157 689 420 14033.293 1770.007 
169 684 425 14060.786 1768.263 
158 684 427 14039.587 1770.108 
155 694 426 14040.157 1770.26 
181 654 454 14043.31 1770.695 
183 656 460 14035.735 1768.271 
161 689 406 14039.213 1773.793 
161 688 410 14048.504 1774.042 
204 639 453 13993.146 1752.583 
207 638 460 13999.502 1754.056 
203 643 447 14040.189 1761.855 
200 648 441 14040.52 1767.198 
199 644 455 14006.556 1759.097 
204 639 451 14001.282 1760.203 
165 680 436 14048.269 1772.009 
