911 3684 2094 13630.445 1710.082 
911 3706 2093 13636.576 1711.217 
769 3976 2109 13726.684 1719.301 
772 3978 2072 13722.041 1718.981 
828 3889 2135 13715.569 1716.271 
755 3982 2097 13726.926 1718.27 
775 3961 2059 13709.372 1716.804 
876 3745 2097 13645.991 1711.871 
908 3734 2109 13650.4 1711.429 
851 3758 2074 13646.358 1713.063 
899 3742 2107 13659.101 1714.214 
890 3738 2115 13654.22 1712.721 
781 3952 2124 13721.246 1718.601 
885 3750 2095 13659.176 1713.225 
888 3743 2103 13652.76 1712.505 
809 3910 2112 13714.763 1717.811 
800 3928 2128 13719.431 1718.776 
826 3898 2166 13722.86 1717.245 
906 3695 2122 13635.141 1709.96 
785 3944 2117 13715.135 1718.236 
765 3944 2121 13715.299 1719.049 
770 3980 2089 13725.853 1720.178 
792 3941 2119 13724.413 1718.379 
783 3948 2104 13720.448 1717.993 
819 3915 2143 13723.197 1717.041 
812 3908 2136 13712.615 1717.055 
818 3906 2143 13717.391 1717.543 
784 3959 2084 13719.029 1719.635 
862 3756 2082 13643.854 1711.79 
862 3763 2079 13650.893 1711.796 
801 3903 2118 13711.236 1718.595 
807 3906 2125 13713.135 1718.268 
769 3950 2112 13718.398 1718.873 
774 3956 2106 13718.974 1718.933 
771 3970 2090 13719.975 1718.722 
895 3709 2126 13641.558 1711.403 
902 3713 2111 13643.915 1711.074 
782 3958 2098 13719.488 1720.376 
801 3926 2158 13729.016 1718.224 
894 3711 2116 13636.997 1710.201 
804 3922 2145 13722.873 1717.664 
793 3955 2107 13721.163 1717.375 
793 3949 2102 13725.076 1718.395 
805 3936 2139 13730.643 1716.951 
774 3959 2096 13716.517 1718.082 
896 3703 2121 13636.004 1710.201 
795 3937 2135 13726.125 1717.254 
782 3941 2139 13725.404 1720.51 
853 3749 2098 13642.16 1711.577 
853 3751 2094 13637.046 1710.171 
808 3917 2150 13719.56 1716.796 
785 3942 2134 13721.855 1719.006 
782 3946 2138 13721.622 1717.662 
901 3721 2112 13648.211 1711.804 
786 3945 2093 13709.109 1718.447 
783 3944 2098 13710.713 1719.182 
794 3930 2154 13724.947 1719.48 
773 3965 2082 13713.18 1718.237 
776 3960 2082 13712.745 1717.957 
887 3728 2116 13644.875 1711.941 
891 3727 2112 13643.936 1711.454 
783 3928 2140 13724.449 1720.48 
897 3703 2114 13637.554 1711.094 
896 3698 2116 13636.885 1710.778 
783 3935 2129 13726.166 1720.115 
786 3935 2132 13722.956 1719.416 
790 3922 2143 13722.257 1720.192 
814 3894 2126 13714.035 1717.601 
812 3898 2128 13714.084 1717.84 
888 3715 2121 13641.696 1711.558 
891 3718 2120 13640.063 1710.609 
773 3962 2089 13714.741 1718.303 
774 3960 2086 13716.875 1718.359 
800 3940 2127 13722.922 1719.608 
799 3939 2130 13724.295 1717.774 
786 3928 2145 13724.48 1720.371 
789 3926 2144 13725.341 1720.05 
895 3725 2111 13648.562 1712.399 
897 3724 2108 13648.282 1711.82 
798 3932 2149 13727.48 1718.743 
799 3930 2151 13725.57 1718.693 
777 3962 2076 13707.582 1716.776 
775 3964 2077 13709.045 1717.615 
823 3905 2156 13723.367 1717.102 
824 3903 2155 13722.58 1716.993 
803 3913 2153 13718.674 1717.621 
802 3915 2152 13719.275 1717.149 
909 3717 2109 13652.352 1712.865 
908 3718 2108 13651.928 1712.806 
800 3914 2166 13722.281 1717.931 
799 3915 2165 13722.352 1717.941 
830 3863 2120 13694.204 1714.861 
829 3864 2119 13694.208 1714.861 
808 3931 2144 13727.204 1718.232 
808 3931 2143 13727.217 1718.235 
892 3746 2081 13652.717 1713.26 
892 3746 2081 13652.984 1713.256 
864 3751 2044 13626.616 1710.365 
900 3722 2093 13647.642 1713.169 
