428 1898 1101 13678.186 1710.746 
417 1979 1115 13768.459 1722.248 
398 2011 1088 13772.228 1726.722 
406 1983 1135 13763.121 1723.213 
422 1944 1091 13724.47 1721.395 
423 1946 1104 13736.49 1720.407 
424 1913 1054 13705.13 1721.825 
387 2004 1095 13748.67 1721.671 
391 2000 1115 13768.366 1723.395 
422 1921 1146 13734.834 1720.042 
385 1991 1115 13762.353 1725.02 
392 1986 1125 13753.068 1722.306 
394 1990 1115 13755.664 1723.359 
404 1948 1148 13736.581 1719.822 
414 1974 1124 13742.919 1717.121 
415 1963 1121 13729.231 1720.37 
397 1999 1099 13753.285 1723.973 
410 1958 1123 13737.088 1721.05 
393 1997 1096 13766.309 1721.823 
423 1915 1133 13710.857 1715.584 
425 1910 1136 13718.05 1718.554 
463 1866 1042 13680.217 1717.159 
463 1863 1051 13678.994 1716.954 
406 1962 1140 13757.252 1724.491 
387 1992 1110 13745.443 1723.771 
385 1995 1117 13748.132 1723.658 
409 1947 1122 13739.465 1722.81 
459 1889 1063 13721.711 1722.199 
455 1891 1064 13715.134 1721.092 
401 1996 1099 13762.274 1724.895 
422 1926 1129 13729.045 1721.056 
367 2012 1092 13773.703 1726.151 
376 2009 1100 13776.52 1726.114 
372 2023 1098 13764.467 1723.07 
373 2017 1094 13764.767 1724.135 
422 1928 1137 13736.831 1719.476 
417 1931 1136 13739.747 1721.66 
476 1855 1049 13689.002 1719.485 
474 1856 1055 13687.392 1718.168 
413 1946 1140 13742.278 1722.867 
413 1944 1143 13737.748 1719.605 
384 2010 1098 13764.949 1724.636 
384 2005 1094 13764.417 1726.157 
377 2004 1100 13768.532 1725.263 
377 2002 1094 13769.502 1725.13 
444 1899 1059 13709.252 1722.223 
408 1950 1129 13734.778 1721.906 
409 1948 1130 13740.493 1722.228 
419 1932 1131 13732.817 1722.056 
445 1901 1054 13706.902 1720.097 
370 2013 1099 13775.386 1725.658 
442 1899 1045 13713.383 1720.385 
367 2017 1097 13758.734 1723.385 
370 2016 1100 13759.668 1723.155 
409 1978 1112 13750.151 1722.478 
427 1917 1130 13720.606 1718.318 
415 1938 1131 13733.817 1720.72 
423 1918 1127 13718.805 1717.906 
426 1918 1127 13717.984 1717.453 
417 1935 1133 13730.163 1718.829 
416 1937 1131 13730.789 1718.724 
438 1879 1111 13673.306 1708.174 
440 1878 1112 13674.898 1708.528 
441 1896 1051 13704.799 1723.548 
442 1898 1051 13705.486 1722.273 
410 1957 1141 13751.818 1721.575 
409 1958 1140 13751.125 1721.43 
445 1898 1046 13705.898 1722.43 
444 1899 1046 13705.73 1722.414 
403 1990 1104 13757.772 1723.775 
403 1991 1103 13757.931 1723.736 
407 1979 1108 13748.796 1723.584 
408 1978 1108 13748.921 1723.599 
445 1896 1066 13713.472 1721.438 
445 1897 1065 13713.381 1721.421 
441 1904 1046 13712.169 1721.394 
441 1903 1047 13712.18 1721.396 
440 1909 1061 13716.529 1723.08 
440 1910 1061 13716.849 1723.056 
372 2012 1099 13770.074 1724.899 
372 2012 1098 13770.21 1724.931 
443 1902 1070 13709.831 1720.599 
443 1902 1069 13709.86 1720.6 
422 1954 1109 13755.127 1719.231 
389 2012 1084 13751.924 1722.006 
432 1874 1121 13678.564 1711.648 
421 1952 1123 13742.734 1721.691 
426 1925 1044 13726.982 1722.225 
405 1983 1122 13750.839 1723.659 
435 1913 1050 13720.328 1724.199 
428 1917 1043 13717.535 1721.04 
408 1966 1125 13742.59 1721.647 
