844 3824 2141 13701.379 1716.916 
831 3813 2195 13695.06 1715.258 
792 3972 2152 13753.892 1720.882 
771 3973 2155 13744.508 1721.132 
762 3997 2117 13733.251 1720.468 
777 3989 2123 13746.55 1720.965 
776 3995 2134 13744.059 1721.49 
838 3919 2159 13747.984 1721.582 
778 3882 2196 13702.961 1716.547 
786 3876 2190 13700.004 1716.312 
817 3913 2174 13729.493 1717.298 
801 3958 2154 13745.798 1720.547 
831 3911 2182 13738.344 1720.218 
818 3918 2163 13730.293 1719.547 
837 3885 2173 13730.393 1719.325 
833 3884 2163 13729.845 1720.036 
798 3925 2177 13737.94 1721.078 
797 3962 2160 13737.785 1720.706 
799 3964 2119 13748.308 1722.995 
803 3949 2163 13735.509 1718.459 
805 3941 2147 13747.114 1721.269 
807 3950 2146 13745.817 1721.679 
806 3927 2174 13732.2 1720.806 
821 3922 2156 13737.39 1720.82 
827 3918 2161 13739.529 1720.934 
802 3938 2175 13733.975 1718.874 
806 3942 2173 13741.629 1719.951 
807 3935 2178 13739.865 1720.44 
790 3951 2174 13748.37 1720.069 
797 3952 2171 13744.519 1719.53 
809 3942 2162 13744.734 1720.127 
815 3937 2165 13744.406 1720.498 
795 3957 2165 13750.613 1720.327 
817 3925 2173 13732.064 1718.883 
777 3982 2137 13741.525 1720.358 
828 3905 2174 13742.829 1721.509 
829 3907 2168 13739.499 1721.982 
812 3921 2181 13729.941 1718.259 
810 3939 2151 13728.027 1717.219 
811 3935 2153 13734.769 1720.79 
806 3939 2152 13732.472 1720.522 
831 3910 2169 13752.716 1720.62 
832 3915 2169 13748.997 1721.736 
838 3833 2185 13707.791 1718.378 
838 3830 2190 13706.738 1718.082 
807 3932 2165 13737.649 1720.679 
821 3935 2142 13745.815 1720.438 
817 3938 2143 13743.899 1720.839 
820 3931 2157 13743.924 1721.279 
821 3930 2152 13745.215 1721.357 
815 3942 2138 13744.814 1722.267 
814 3937 2139 13745.946 1722.366 
804 3956 2121 13738.912 1722.285 
803 3957 2122 13743.415 1720.265 
827 3908 2156 13739.073 1722.34 
823 3909 2159 13739.619 1722.303 
797 3948 2157 13739.5 1721.327 
813 3928 2172 13737.851 1719.731 
775 3974 2139 13742.649 1721.544 
774 3977 2141 13743.582 1720.999 
815 3932 2150 13744.81 1721.062 
817 3933 2148 13744.97 1720.685 
842 3881 2161 13723.752 1717.478 
841 3879 2161 13722.049 1717.796 
846 3851 2108 13691.016 1714.53 
848 3848 2107 13689.835 1714.463 
847 3850 2106 13690.302 1714.461 
806 3905 2187 13738.315 1719.281 
805 3906 2186 13737.834 1719.253 
810 3945 2149 13738.516 1720.801 
809 3944 2150 13738.258 1720.774 
790 3965 2165 13751.491 1721.918 
791 3964 2166 13751.74 1721.914 
842 3875 2164 13718.827 1717.196 
842 3876 2163 13719.605 1717.323 
811 3932 2169 13737.59 1718.896 
811 3931 2170 13737.057 1718.835 
849 3813 2115 13691.562 1715.436 
848 3814 2115 13691.069 1715.431 
795 3951 2159 13737.119 1720.797 
850 3767 2056 13646.063 1708.968 
850 3768 2055 13646.436 1709.014 
809 3923 2186 13733.262 1719.075 
809 3921 2188 13732.8 1719.036 
809 3922 2187 13732.965 1719.076 
795 3952 2158 13737.55 1720.786 
794 3952 2159 13737.513 1720.882 
787 3974 2136 13739.996 1718.957 
787 3975 2135 13739.898 1718.928 
818 3940 2149 13740.665 1721.217 
818 3941 2148 13740.569 1721.216 
790 3974 2127 13745.801 1721.532 
790 3974 2127 13745.308 1721.54 
823 3871 2183 13724.625 1718.821 
819 3824 2192 13691.266 1716.262 
771 4002 2116 13743.286 1721.047 
784 3958 2169 13739.135 1720.161 
