659 3249 1817 13695.616 1715.972 
695 3176 1797 13665.591 1713.777 
673 3203 1824 13682.161 1714.661 
656 3257 1788 13713.702 1718.001 
661 3253 1780 13677.306 1710.378 
624 3300 1750 13693.512 1715.014 
647 3245 1802 13695.413 1717.457 
679 3235 1798 13693.555 1713.579 
748 3054 1758 13608.622 1703.847 
758 3052 1750 13612.859 1704.456 
682 3246 1767 13682.745 1714.698 
686 3209 1810 13690.201 1713.762 
631 3292 1735 13698.926 1717.854 
642 3295 1739 13693.992 1716.163 
700 3168 1759 13665.92 1712.174 
673 3236 1767 13696.423 1715.912 
701 3176 1766 13658.452 1710.688 
691 3219 1802 13692.384 1713.192 
688 3228 1802 13699.874 1715.138 
724 3100 1774 13617.686 1706.057 
722 3162 1791 13662.716 1711.944 
713 3138 1810 13656.288 1712.73 
728 3103 1762 13628.075 1708.831 
723 3108 1769 13624.719 1705.614 
662 3262 1778 13698.129 1716.577 
703 3134 1811 13653.503 1712.63 
692 3149 1798 13649.287 1711.356 
663 3245 1791 13684.888 1715.497 
640 3289 1761 13695.904 1714.108 
638 3289 1753 13694.788 1714.724 
659 3240 1788 13691.224 1716.207 
713 3167 1790 13667.139 1712.096 
746 3093 1778 13646.932 1708.937 
737 3106 1771 13653.747 1708.752 
740 3102 1772 13651.568 1708.184 
710 3166 1788 13661.156 1712.14 
694 3179 1756 13657.775 1711.644 
695 3177 1756 13654.492 1710.757 
656 3258 1772 13703.4 1717.191 
618 3318 1745 13697.621 1714.53 
703 3173 1782 13662.337 1711.555 
704 3172 1781 13661.898 1711.536 
741 3095 1775 13644.661 1708.624 
740 3096 1774 13644.858 1708.684 
759 3051 1763 13617.524 1706.719 
761 3049 1765 13617.544 1706.739 
760 3050 1764 13617.662 1706.753 
706 3186 1752 13677.487 1712.654 
707 3185 1752 13677.977 1712.748 
720 3148 1779 13656.102 1712.554 
719 3149 1779 13656.29 1712.559 
620 3316 1746 13698.418 1714.574 
619 3317 1746 13698.378 1714.57 
736 3094 1777 13645.28 1707.943 
736 3094 1776 13645.304 1707.947 
678 3232 1819 13693.534 1715.064 
749 3068 1754 13618.413 1705.267 
669 3248 1781 13702.345 1717.391 
692 3114 1827 13620.431 1705.078 
672 3243 1787 13690.623 1715.292 
684 3230 1814 13706.553 1715.915 
646 3281 1772 13709.459 1717.38 
630 3290 1738 13696.152 1715.361 
657 3287 1809 13719.431 1717.074 
636 3288 1757 13706.155 1716.929 
702 3125 1822 13622.398 1703.001 
735 3095 1775 13645.411 1707.965 
677 3233 1818 13692.939 1714.941 
664 3240 1809 13687.929 1713.933 
699 3178 1776 13659.018 1708.781 
707 3168 1785 13662.05 1711.55 
710 3172 1821 13672.576 1711.115 
