1132 4983 2780 13611.425 1703.914 
1026 5125 2699 13611.952 1702.428 
1134 4964 2729 13583.23 1699.049 
1078 5043 2758 13605.685 1703.361 
1012 5087 2743 13614.687 1703.223 
988 5173 2691 13622.183 1704.301 
986 5159 2695 13610.549 1703.294 
1042 5097 2704 13614.492 1702.029 
1013 5132 2711 13628.098 1705.104 
1132 4941 2788 13592.958 1700.412 
1130 4949 2785 13602.234 1701.71 
1111 5032 2774 13622.391 1703.87 
1108 5042 2778 13628.439 1705.506 
1138 4944 2760 13593.484 1700.564 
1075 5053 2728 13606.287 1700.124 
1027 5089 2754 13624.224 1703.174 
1071 5062 2731 13613.457 1701.275 
1029 5090 2742 13622.335 1704.479 
1029 5100 2737 13625.444 1705.04 
1137 4956 2766 13603.489 1700.407 
1048 5074 2740 13616.622 1705.425 
1043 5076 2733 13611.227 1704.89 
1062 5062 2787 13619.441 1705.024 
1101 5045 2754 13623.084 1703.642 
1100 5049 2751 13614.701 1702.829 
1002 5106 2741 13617.725 1702.569 
1010 5107 2738 13618.404 1703.881 
1065 5061 2769 13618.666 1704.858 
1046 5085 2720 13612.599 1701.021 
1041 5080 2720 13608.17 1701.955 
1156 4916 2749 13583.531 1698.196 
1063 5047 2775 13609.91 1704.166 
1064 5044 2782 13610.536 1703.933 
1147 4947 2767 13601.894 1700.424 
1146 4941 2766 13602.141 1701.306 
1101 4966 2805 13603.248 1702.919 
1099 4970 2808 13604.362 1701.244 
1148 4922 2749 13581.961 1697.997 
1150 4919 2745 13581.807 1697.813 
1038 5084 2712 13605.939 1702.982 
1090 5049 2750 13618.652 1703.675 
1091 5047 2752 13619.043 1703.745 
997 5157 2676 13613.136 1703.006 
1066 5035 2781 13611.821 1703.937 
1065 5037 2780 13612.103 1703.967 
1068 5060 2741 13620.338 1705.669 
1068 5059 2739 13619.714 1705.685 
1026 5086 2770 13621.401 1702.85 
1061 5064 2777 13619.987 1705.601 
1061 5065 2775 13620.13 1705.579 
1063 5071 2772 13625.488 1705.896 
977 5192 2698 13623.543 1705.082 
978 5191 2699 13623.613 1705.086 
1005 5136 2688 13616.062 1703.192 
1006 5135 2689 13615.998 1703.182 
1119 4942 2811 13608.619 1704.092 
1037 5086 2710 13606.335 1703.117 
1137 4959 2755 13603.937 1701.28 
1138 4958 2755 13603.682 1701.272 
1006 5133 2723 13629.09 1704.853 
1007 5132 2723 13629.185 1704.866 
1128 5025 2801 13628.703 1705.343 
1127 5026 2801 13628.765 1705.361 
995 5160 2675 13613.873 1703.084 
996 5159 2675 13613.823 1703.117 
1132 4918 2808 13588.95 1698.668 
1132 4919 2807 13588.905 1698.654 
1089 4988 2804 13598.518 1700.931 
1090 4987 2804 13598.475 1700.922 
1136 4929 2773 13584.855 1697.908 
1135 4930 2773 13584.89 1697.914 
1140 4950 2745 13591.864 1700.496 
1141 4950 2746 13591.882 1700.469 
1117 4944 2810 13608.613 1704.09 
1118 4943 2810 13608.627 1704.092 
1036 5087 2709 13605.922 1703.028 
1036 5087 2710 13605.982 1703.025 
1018 5122 2722 13632.45 1705.519 
1018 5122 2723 13632.426 1705.518 
987 5146 2694 13600.794 1701.724 
987 5146 2695 13600.785 1701.722 
1055 5049 2746 13611.762 1706.117 
1035 5110 2715 13616.829 1703.335 
1114 4958 2819 13613.937 1705.409 
1027 5122 2737 13633.966 1705.261 
1025 5103 2760 13628.566 1702.379 
1159 4919 2734 13584.526 1698.255 
1135 4946 2772 13594.973 1699.867 
1030 5096 2726 13625.64 1703.901 
1027 5086 2772 13621.629 1702.808 
1064 5072 2771 13625.741 1706.014 
