308 1336 768 13903.973 1743.889 
319 1331 808 13942.955 1750.947 
261 1384 748 13898.181 1743.621 
343 1324 806 13901.959 1740.87 
273 1356 756 13856.394 1739.713 
368 1251 777 13823.274 1734.192 
350 1294 803 13874.864 1740.167 
270 1374 759 13893.296 1742.263 
362 1271 786 13860.492 1738.712 
370 1250 785 13835.074 1736.386 
366 1260 787 13842.55 1737.622 
366 1257 793 13834.171 1735.718 
335 1332 796 13899.406 1742.057 
320 1312 803 13908.704 1746.765 
343 1304 790 13872.496 1742.263 
332 1320 805 13880.65 1743.1 
280 1354 750 13873.701 1741.765 
273 1357 752 13870.12 1743.207 
363 1270 791 13849.824 1736.516 
358 1276 792 13848.561 1733.188 
340 1303 809 13873.257 1743.38 
344 1312 779 13872.34 1739.712 
342 1313 786 13868.178 1741.433 
335 1308 806 13868.119 1741.449 
364 1261 807 13855.859 1737.8 
328 1291 792 13898.682 1748.531 
350 1302 793 13865.39 1740.616 
349 1306 798 13879.349 1740.483 
350 1304 795 13872.622 1737.957 
336 1323 789 13883.141 1741.073 
344 1311 795 13873.602 1738.909 
359 1286 794 13847.53 1736.234 
321 1303 806 13912.157 1748.153 
355 1294 784 13867.108 1741.57 
357 1279 796 13855.417 1736.885 
356 1284 798 13852.124 1738.885 
266 1369 750 13887.256 1743.638 
269 1370 748 13881.809 1742.72 
335 1314 797 13871.483 1740.936 
334 1308 798 13870.279 1743.169 
363 1264 798 13857.619 1736.468 
332 1321 796 13884.061 1743.345 
354 1287 801 13865.679 1737.153 
354 1288 796 13862.497 1738.433 
336 1313 802 13879.609 1741.228 
337 1309 805 13876.285 1741.351 
354 1291 790 13866.032 1741.045 
354 1294 794 13862.799 1740.398 
368 1249 794 13825.83 1733.559 
366 1245 794 13829.155 1735.164 
337 1316 791 13877.154 1740.922 
271 1363 751 13881.257 1741.671 
341 1310 796 13880.849 1742.442 
336 1317 794 13884.095 1741.934 
339 1313 795 13884.833 1742.687 
324 1302 804 13906.913 1745.3 
329 1290 797 13889.868 1745.401 
324 1293 798 13891.824 1748.144 
325 1290 797 13889.051 1747.419 
362 1269 805 13853.537 1733.937 
345 1310 790 13879.086 1739.818 
340 1314 787 13879.293 1741.142 
342 1311 788 13878.495 1741.175 
358 1266 801 13852.324 1736.643 
359 1267 798 13853.679 1735.349 
307 1340 794 13931.632 1751.261 
305 1342 792 13930.118 1751.073 
360 1273 787 13833.615 1734.518 
361 1272 789 13836.17 1734.48 
320 1331 788 13877.013 1742.384 
322 1333 787 13878.722 1741.797 
330 1301 804 13904.053 1744.593 
329 1302 805 13906.9 1744.61 
271 1364 749 13875.959 1741.294 
271 1365 747 13878.018 1740.977 
366 1269 803 13858.493 1735.006 
360 1283 785 13865.113 1740.576 
359 1285 784 13866.36 1740.807 
326 1294 805 13904.636 1747.16 
325 1295 803 13903.441 1746.885 
310 1336 797 13914.331 1743.668 
311 1335 799 13915.479 1743.821 
301 1350 781 13926.425 1748.18 
363 1268 805 13858.785 1733.649 
364 1268 804 13856.941 1734.404 
337 1323 792 13873.3 1741.357 
338 1322 793 13874.679 1741.577 
302 1347 781 13924.36 1748.186 
302 1348 782 13925.549 1747.95 
359 1263 804 13863.542 1736.697 
358 1264 804 13863.288 1736.692 
327 1296 790 13892.635 1746.47 
327 1296 791 13892.553 1746.462 
359 1288 786 13855.594 1740.528 
336 1325 795 13891.928 1740.435 
371 1248 797 13834.747 1733.378 
276 1365 754 13887.349 1740.758 
