1173 4842 2751 13561.42 1697.572 
1123 4973 2745 13607.757 1705.541 
1146 4906 2808 13593.35 1703.223 
1053 5181 2746 13672.741 1711.709 
1066 5142 2760 13671.475 1711.324 
1149 4913 2761 13603.595 1705.802 
1124 4965 2765 13613.457 1707.146 
1130 4959 2759 13604.375 1704.751 
1142 4920 2800 13591.9 1702.297 
1146 4925 2779 13607.831 1706.348 
1138 4950 2765 13593.786 1701.286 
1131 4956 2756 13589.633 1700.813 
1154 4921 2779 13597.193 1702.362 
1135 4937 2745 13598.484 1705.539 
1134 4942 2756 13602.491 1705.379 
1159 4893 2815 13593.096 1702.265 
1155 4890 2804 13595.174 1702.234 
1080 5121 2767 13668.505 1711.416 
1075 5129 2774 13667.948 1710.044 
1124 4949 2772 13607.452 1705.763 
1134 4925 2790 13591.249 1703.292 
1164 4904 2787 13596.025 1702.919 
1154 4908 2785 13596.885 1702.779 
1012 5200 2729 13671.018 1711.195 
1062 5164 2776 13680.762 1711.618 
1060 5149 2793 13672.586 1710.568 
1036 5167 2776 13675.252 1711.537 
1040 5187 2782 13679.155 1711.263 
1143 4927 2783 13595.872 1702.892 
1138 4931 2775 13595.371 1701.723 
1116 4949 2786 13597.274 1702.481 
1021 5200 2735 13672.47 1710.931 
1067 5125 2761 13658.526 1710.518 
1071 5132 2758 13662.989 1709.544 
1039 5191 2769 13680.956 1711.47 
1031 5201 2761 13673.627 1710.539 
1052 5161 2773 13673.571 1711.764 
1056 5150 2784 13668.585 1709.628 
1135 4945 2787 13608.459 1703.788 
1131 4933 2785 13597.456 1704.339 
1108 4955 2771 13589.836 1703.017 
1129 4939 2795 13599.002 1703.402 
1132 4939 2788 13602.701 1704.335 
1042 5187 2776 13670.94 1710.447 
1063 5151 2782 13673.791 1710.701 
1142 4924 2764 13608.02 1705.875 
1135 4936 2776 13608.514 1705.633 
1037 5194 2761 13671.539 1710.647 
1058 5156 2778 13674.273 1710.993 
1054 5170 2770 13673.897 1711.215 
1104 4966 2753 13592.197 1701.595 
1099 4967 2758 13591.642 1702.827 
1070 5133 2785 13671.173 1709.596 
1066 5139 2785 13670.667 1710.281 
1044 5182 2772 13676.947 1711.432 
1050 5174 2771 13665.438 1710.037 
1107 4964 2783 13599.193 1703.631 
1110 4959 2786 13599.362 1701.658 
1050 5192 2760 13685.431 1713.36 
1061 5176 2762 13682.603 1713.655 
1064 5163 2767 13675.245 1711.778 
1047 5181 2761 13675.259 1712.027 
1047 5180 2766 13678.409 1712.617 
1138 4931 2764 13608.434 1705.638 
1045 5175 2771 13670.428 1709.533 
1061 5155 2771 13674.08 1711.757 
1063 5157 2767 13673.593 1712.562 
1052 5171 2782 13676.834 1711.022 
1053 5171 2779 13679.405 1711.266 
1042 5178 2774 13671.363 1710.615 
1042 5175 2773 13673.683 1711.117 
1116 4951 2777 13593.09 1701.107 
1115 4952 2774 13591.281 1700.979 
1099 4968 2775 13593.856 1702.567 
1063 5159 2762 13673.384 1712.622 
1139 4933 2771 13605.061 1705.104 
1139 4933 2768 13605.582 1705.555 
1062 5162 2760 13677.041 1712.684 
1062 5160 2762 13676.267 1712.629 
1024 5205 2728 13676.628 1711.803 
1048 5170 2765 13676.44 1711.803 
1050 5170 2764 13674.999 1712.777 
1055 5180 2760 13679.24 1713.266 
1056 5179 2762 13680.142 1713.359 
1097 4980 2771 13597.113 1703.383 
1098 4978 2772 13596.893 1703.332 
1100 4967 2770 13595.951 1702.44 
1099 4968 2772 13596.091 1702.497 
1023 5208 2727 13677.617 1711.858 
1024 5207 2726 13677.171 1711.835 
1056 5165 2764 13671.321 1709.321 
1041 5191 2769 13671.64 1710.313 
1040 5192 2768 13671.512 1710.297 
1045 5198 2758 13684.228 1713.274 
1046 5197 2759 13684.12 1713.264 
1055 5165 2763 13670.005 1709.854 
1055 5166 2763 13670.974 1709.306 
1132 4944 2770 13614.256 1706.208 
1133 4944 2771 13614.464 1706.156 
1067 5156 2777 13671.693 1710.311 
