629 2627 1592 13852.789 1735.378 
598 2666 1511 13851.338 1737.801 
596 2651 1538 13855.799 1739.509 
650 2580 1584 13837.116 1734.554 
607 2653 1557 13854.744 1739.206 
668 2515 1550 13785.541 1728.138 
611 2665 1522 13847.633 1736.327 
651 2598 1583 13840.61 1735.069 
621 2645 1536 13846.225 1737.176 
637 2598 1592 13842.653 1736.365 
642 2594 1583 13856.156 1739.073 
640 2606 1588 13854.777 1737.242 
649 2591 1569 13851.854 1735.981 
595 2667 1530 13863.598 1739.524 
594 2668 1524 13840.081 1737.455 
646 2600 1553 13835.33 1733.644 
594 2655 1546 13838.209 1736.447 
610 2659 1533 13853.398 1739.661 
656 2557 1571 13824.522 1730.806 
620 2656 1544 13851.87 1739.058 
618 2658 1535 13847.016 1734.941 
596 2661 1536 13838.947 1734.982 
627 2628 1576 13860.162 1737.329 
662 2585 1565 13835.781 1734.588 
634 2605 1559 13838.737 1737.367 
623 2621 1579 13842.077 1736.342 
650 2591 1562 13842.06 1734.819 
634 2618 1559 13849.933 1735.309 
635 2614 1542 13845.922 1736.996 
627 2620 1549 13849.803 1737.865 
635 2622 1547 13845.612 1738.284 
582 2679 1526 13855.453 1740.472 
589 2674 1525 13857.631 1740.152 
643 2609 1576 13846.237 1736.873 
628 2645 1572 13845.594 1736.012 
627 2644 1564 13842.451 1736.943 
627 2631 1562 13847.974 1735.004 
625 2640 1563 13854.02 1739.789 
619 2645 1565 13862.796 1739.044 
617 2640 1565 13856.344 1739.106 
660 2566 1566 13823.036 1733.569 
637 2614 1575 13850.028 1735.341 
582 2666 1547 13840.443 1736.196 
585 2661 1542 13839.248 1737.349 
625 2617 1558 13846.48 1739.828 
607 2647 1563 13835.341 1737.691 
629 2624 1573 13851.056 1735.564 
633 2620 1577 13848.905 1737.496 
646 2595 1571 13837.989 1735.766 
649 2589 1570 13836.866 1735.425 
634 2626 1565 13844.895 1737.03 
647 2597 1562 13828.513 1735.938 
644 2600 1567 13828.887 1736.215 
630 2616 1563 13843.302 1739.306 
628 2624 1563 13844.162 1738.04 
620 2643 1579 13854.991 1738.94 
622 2644 1575 13856.92 1736.942 
631 2610 1578 13847.003 1736.46 
613 2650 1557 13838.201 1737.699 
609 2651 1559 13839.951 1737.416 
606 2662 1535 13834.777 1734.257 
606 2661 1539 13836.64 1733.722 
633 2613 1553 13839.382 1737.587 
634 2616 1556 13838.936 1737.224 
633 2608 1584 13844.086 1736.461 
633 2611 1581 13843.462 1737.163 
610 2652 1548 13835.604 1733.233 
664 2508 1552 13772.885 1726.381 
612 2648 1548 13839.237 1733.703 
610 2650 1546 13838.507 1733.494 
585 2671 1530 13844.498 1736.817 
584 2670 1528 13844.845 1738.034 
621 2610 1583 13841.674 1735.826 
665 2503 1554 13770.409 1726.064 
665 2505 1553 13771.509 1726.119 
631 2634 1553 13853.037 1737.603 
632 2632 1554 13852.584 1737.559 
630 2628 1570 13836.549 1734.867 
631 2627 1569 13835.934 1734.708 
631 2620 1567 13841.228 1737.656 
630 2621 1566 13841.342 1737.657 
658 2567 1567 13837.916 1731.984 
657 2568 1566 13837.948 1731.957 
659 2564 1568 13815.116 1731.155 
659 2565 1567 13815.419 1731.107 
570 2682 1515 13844.169 1739.538 
571 2681 1515 13844.122 1739.67 
662 2536 1569 13790.962 1727.928 
663 2535 1569 13791.086 1727.942 
641 2612 1527 13836.541 1735.02 
640 2613 1527 13836.659 1735.021 
639 2621 1578 13844.71 1735.89 
639 2621 1577 13844.903 1735.919 
620 2612 1582 13842.806 1736.079 
620 2612 1583 13842.816 1736.078 
612 2626 1587 13848.211 1738.105 
575 2668 1529 13834.614 1736.833 
655 2580 1569 13831.09 1734.573 
