247 1352 696 13764.373 1728.676 
318 1320 788 13861.7 1744.352 
258 1351 706 13778.264 1730.36 
264 1344 725 13782.218 1729.378 
354 1254 772 13764.787 1729.622 
361 1226 784 13776.825 1733.945 
246 1363 715 13783.606 1729.36 
341 1298 797 13854.299 1743.33 
339 1299 797 13854.282 1743.214 
349 1283 789 13840.667 1739.123 
322 1306 801 13852.768 1741.394 
322 1310 789 13856.588 1741.208 
317 1313 796 13854.869 1742.254 
322 1306 800 13852.915 1741.395 
324 1310 802 13846.251 1739.301 
337 1294 822 13836.32 1742.283 
333 1301 784 13866.99 1743.933 
353 1257 786 13805.055 1737.695 
333 1304 820 13850.786 1741.538 
344 1287 805 13841.766 1740.16 
354 1239 785 13768.993 1733.704 
336 1284 813 13842.368 1743.594 
268 1350 722 13808.328 1731.977 
269 1342 723 13783.957 1728.488 
315 1318 794 13862.577 1740.874 
307 1325 779 13842.123 1738.556 
346 1289 788 13846.666 1742.494 
333 1303 815 13853.963 1742.509 
328 1312 800 13848.133 1742.649 
255 1354 717 13779.394 1728.437 
351 1268 804 13833.309 1741.12 
322 1315 781 13858.547 1744.316 
332 1303 788 13861.994 1745.02 
331 1314 786 13888.976 1747.736 
247 1352 695 13764.381 1728.677 
259 1348 723 13767.849 1725.712 
339 1311 794 13849.126 1741.862 
332 1313 787 13889.609 1747.737 
360 1247 788 13767.969 1728.603 
324 1320 784 13833.958 1738.208 
254 1347 725 13764.267 1724.79 
357 1253 794 13787.094 1733.282 
330 1305 794 13857.849 1739.417 
352 1264 833 13837.78 1739.775 
341 1295 818 13866.447 1743.542 
254 1355 716 13777.638 1728.208 
317 1321 788 13860.7 1744.108 
315 1322 798 13852.147 1741.379 
344 1280 815 13834.075 1740.116 
318 1323 787 13849.631 1743.544 
257 1355 702 13786.911 1727.361 
268 1339 724 13778.544 1727.98 
348 1285 788 13841.804 1739.327 
329 1306 810 13852.062 1740.847 
317 1322 802 13847.747 1744.431 
335 1297 798 13853.568 1738.295 
354 1247 802 13789.585 1733.534 
303 1333 791 13862.208 1743.995 
270 1336 725 13764.968 1725.459 
359 1230 786 13766.148 1730.754 
