366 1237 814 13822.348 1733.934 
352 1265 834 13824.008 1735.103 
361 1257 792 13838.547 1737.207 
318 1332 831 13916.489 1746.46 
351 1276 833 13855.088 1736.566 
347 1282 840 13889.836 1743.668 
331 1302 844 13887.525 1743.663 
359 1264 837 13848.713 1739.984 
356 1277 801 13895.599 1745.955 
354 1278 801 13882.551 1744.711 
363 1249 823 13854.482 1742.61 
325 1319 820 13935.923 1754.334 
339 1309 832 13924.36 1753.465 
330 1306 840 13922.313 1747.501 
301 1344 815 13922.615 1752.354 
346 1303 814 13902.531 1743.662 
325 1323 842 13922.78 1748.456 
299 1365 803 13939.906 1749.872 
306 1367 794 13941.011 1751.633 
352 1296 811 13907.39 1748.722 
350 1286 816 13905.097 1748.123 
331 1340 825 13952.353 1750.021 
327 1316 831 13945.631 1749.905 
351 1287 829 13897.218 1745.326 
334 1317 812 13916.104 1751.757 
312 1345 826 13939.347 1752.015 
356 1257 820 13861.279 1744.638 
360 1267 806 13839.773 1733.187 
361 1259 818 13839.279 1735.994 
361 1265 811 13848.871 1734.347 
364 1259 809 13842.202 1735.256 
353 1287 828 13912.38 1747.828 
347 1298 825 13896.784 1750.86 
351 1294 822 13900.479 1745.466 
297 1358 805 13921.043 1747.938 
358 1283 818 13884.267 1741.277 
354 1284 815 13891.509 1743.43 
307 1346 815 13932.855 1750.479 
304 1349 808 13932.618 1751.637 
344 1295 845 13899.964 1747.291 
340 1301 843 13897.519 1744.841 
340 1317 815 13923.649 1749.188 
355 1267 822 13867.25 1744.821 
357 1265 818 13873.513 1746.475 
333 1322 823 13952.518 1752.988 
329 1328 823 13949.927 1753.537 
324 1326 832 13946.041 1751.84 
355 1258 829 13856.44 1737.792 
355 1263 827 13857.682 1742.691 
317 1343 828 13952.478 1750.556 
321 1339 827 13948.105 1751.205 
342 1315 830 13949.797 1754.109 
323 1333 821 13945.441 1754.437 
318 1346 806 13925.934 1747.945 
306 1361 795 13929.334 1748.673 
333 1322 831 13923.243 1750.002 
334 1319 836 13925.075 1748.062 
302 1358 800 13926.799 1748.173 
344 1307 821 13926.718 1747.964 
344 1312 820 13924.104 1750.008 
333 1323 814 13942.653 1752.523 
349 1293 830 13915.862 1743.571 
307 1356 802 13924.272 1751.089 
320 1330 826 13940.157 1751.612 
321 1329 826 13945.284 1752.357 
324 1335 806 13940.685 1750.399 
328 1333 805 13938.148 1751.238 
337 1310 827 13946.89 1754.591 
336 1312 829 13951.176 1755.443 
347 1298 836 13913.237 1744.986 
350 1298 833 13915.071 1747.544 
312 1352 800 13931.116 1747.888 
310 1349 803 13929.657 1748.717 
332 1328 810 13950.511 1753.671 
331 1325 811 13946.862 1753.012 
305 1362 799 13922.794 1751.355 
306 1358 797 13924.052 1750.61 
314 1344 805 13931.638 1748.545 
314 1346 809 13930.485 1749.699 
339 1317 810 13944.427 1753.589 
337 1319 810 13944.76 1755.043 
324 1333 813 13957.699 1754.041 
324 1332 814 13955.282 1753.639 
315 1343 826 13947.614 1756.915 
316 1341 827 13947.71 1757.392 
315 1327 833 13898.808 1742.466 
315 1328 832 13900.458 1742.723 
344 1298 829 13915.228 1744.0 
345 1297 830 13916.267 1744.172 
326 1320 835 13932.792 1746.758 
327 1319 836 13933.811 1746.959 
359 1271 799 13855.242 1736.234 
360 1270 800 13855.615 1736.304 
358 1269 809 13876.478 1742.081 
359 1268 810 13876.212 1742.04 
343 1303 842 13913.385 1748.098 
342 1304 841 13913.227 1747.91 
311 1346 815 13912.956 1748.692 
310 1347 814 13913.07 1748.693 
337 1305 833 13915.061 1746.432 
