328 1351 791 13956.241 1750.789 
336 1303 782 13837.02 1741.491 
337 1310 773 13854.598 1737.932 
310 1372 799 13960.808 1749.338 
294 1371 815 13957.476 1748.702 
365 1263 797 13852.297 1738.692 
346 1295 770 13882.239 1741.758 
307 1364 817 13956.663 1748.777 
360 1267 766 13832.034 1736.905 
328 1320 799 13918.882 1747.474 
330 1318 787 13917.047 1744.061 
322 1361 811 14000.826 1756.764 
319 1370 808 13994.968 1754.479 
353 1285 774 13878.635 1746.222 
330 1310 794 13886.846 1742.462 
311 1370 793 13977.119 1756.18 
329 1309 789 13901.803 1749.968 
311 1359 821 13967.423 1750.531 
317 1352 824 13967.8 1749.495 
348 1273 787 13836.079 1738.519 
362 1268 778 13836.673 1736.762 
314 1361 815 13974.854 1752.27 
351 1293 784 13893.777 1747.792 
353 1291 779 13887.221 1744.697 
293 1397 800 13988.852 1752.403 
295 1389 804 13988.986 1753.457 
310 1362 811 13967.748 1753.976 
349 1278 791 13842.933 1738.296 
340 1287 790 13881.635 1744.69 
355 1276 781 13851.441 1740.542 
329 1299 790 13886.812 1747.886 
341 1294 792 13862.256 1740.646 
304 1369 815 13976.758 1751.108 
307 1380 797 13981.108 1751.196 
344 1282 787 13862.989 1739.72 
340 1289 785 13863.027 1741.149 
316 1352 813 13958.155 1753.966 
356 1269 779 13856.303 1740.713 
322 1347 818 13968.335 1751.333 
335 1311 793 13909.298 1745.782 
334 1312 786 13906.784 1743.393 
358 1273 780 13842.579 1739.327 
353 1278 783 13842.807 1737.588 
346 1283 801 13856.437 1740.07 
342 1286 795 13855.701 1739.625 
313 1355 821 13992.685 1754.441 
315 1359 820 13986.618 1755.714 
317 1349 812 13968.496 1750.275 
320 1353 815 13965.125 1753.929 
307 1375 806 13975.436 1752.082 
325 1325 818 13941.759 1746.367 
356 1269 790 13860.737 1740.342 
357 1265 786 13856.628 1739.411 
302 1383 809 14015.468 1758.826 
306 1381 814 14014.014 1757.671 
296 1387 796 13982.724 1754.51 
307 1372 807 13982.379 1752.513 
308 1366 808 13974.887 1754.87 
308 1373 800 13983.99 1753.205 
308 1371 804 13987.781 1754.986 
337 1297 788 13887.469 1745.97 
314 1345 823 13946.528 1749.827 
318 1342 822 13949.062 1749.995 
306 1386 798 13987.494 1751.825 
301 1386 799 13985.225 1752.154 
344 1291 789 13848.325 1740.531 
307 1368 812 13983.79 1753.69 
310 1367 807 13980.469 1755.839 
310 1366 810 13981.517 1754.143 
325 1326 817 13950.125 1747.752 
326 1324 817 13949.016 1747.319 
326 1333 810 13939.058 1750.085 
326 1332 811 13939.673 1749.875 
337 1293 791 13878.043 1736.733 
336 1294 791 13878.353 1736.759 
345 1289 785 13852.933 1740.423 
345 1289 786 13852.459 1740.322 
370 1207 751 13712.989 1718.213 
371 1207 751 13713.203 1718.057 
329 1301 797 13880.313 1741.829 
329 1301 798 13880.31 1741.829 
368 1233 758 13770.108 1730.522 
352 1288 767 13862.571 1746.175 
299 1385 794 13970.594 1752.393 
338 1298 783 13869.414 1742.45 
338 1302 778 13889.621 1745.35 
310 1363 826 13983.936 1752.092 
343 1301 786 13860.066 1739.32 
297 1391 788 13980.023 1752.362 
335 1296 798 13882.693 1738.484 
337 1294 786 13882.608 1746.685 
