890 4499 2361 13629.756 1706.62 
972 4482 2484 13674.281 1712.096 
984 4465 2496 13670.679 1712.105 
1002 4417 2508 13665.012 1711.399 
995 4434 2497 13669.951 1711.914 
1013 4417 2494 13662.291 1710.601 
1005 4440 2486 13671.814 1711.621 
987 4449 2501 13667.388 1711.741 
992 4472 2479 13686.166 1714.212 
1001 4421 2490 13668.853 1711.746 
1001 4422 2493 13662.752 1710.916 
977 4458 2499 13665.366 1711.706 
983 4455 2498 13664.364 1711.5 
1000 4423 2501 13661.227 1711.189 
890 4517 2351 13633.824 1706.843 
991 4443 2498 13667.839 1712.542 
995 4427 2522 13664.119 1710.715 
995 4454 2493 13678.773 1713.091 
1004 4413 2499 13663.284 1711.303 
1002 4419 2498 13658.138 1712.582 
988 4445 2497 13672.326 1711.143 
1027 4393 2485 13661.57 1709.732 
1026 4394 2484 13661.257 1709.704 
998 4458 2493 13680.661 1712.32 
933 4496 2396 13648.422 1707.628 
996 4438 2516 13668.558 1712.372 
1007 4430 2489 13671.894 1711.833 
1013 4394 2498 13648.598 1710.665 
952 4479 2461 13665.407 1712.837 
1005 4413 2504 13654.6 1711.464 
883 4521 2348 13633.463 1706.88 
999 4456 2492 13680.345 1712.268 
998 4458 2492 13680.673 1712.322 
1016 4425 2487 13676.298 1711.459 
1011 4410 2517 13662.191 1712.276 
1000 4455 2493 13680.34 1712.372 
1021 4401 2495 13659.569 1709.836 
1000 4423 2502 13661.173 1711.186 
1012 4417 2497 13666.139 1711.488 
988 4475 2453 13672.739 1711.654 
996 4441 2495 13674.914 1712.826 
992 4449 2509 13668.081 1711.485 
990 4450 2496 13666.367 1711.417 
979 4477 2481 13681.903 1712.815 
997 4426 2508 13659.84 1710.564 
989 4469 2483 13684.418 1714.301 
997 4425 2518 13666.081 1712.555 
1001 4415 2518 13660.68 1712.067 
884 4521 2351 13632.923 1706.872 
1002 4474 2489 13690.479 1713.976 
1003 4425 2490 13667.835 1711.409 
992 4429 2522 13661.16 1711.475 
894 4520 2354 13636.026 1706.835 
996 4427 2518 13666.59 1712.653 
1009 4455 2483 13684.722 1713.394 
1002 4420 2503 13665.105 1712.472 
969 4462 2500 13671.173 1712.581 
987 4476 2452 13672.683 1711.642 
1010 4447 2483 13678.989 1712.496 
1019 4422 2487 13670.329 1712.849 
991 4444 2502 13673.655 1712.212 
1037 4375 2487 13652.775 1709.205 
994 4428 2523 13670.051 1711.929 
1006 4413 2498 13658.754 1710.708 
978 4478 2480 13681.863 1712.825 
988 4470 2495 13686.747 1713.67 
1012 4396 2498 13649.171 1710.637 
965 4492 2460 13674.187 1711.971 
