838 3923 2189 13749.899 1724.414 
907 3828 2238 13730.701 1721.507 
869 3896 2228 13767.318 1724.151 
872 3887 2234 13766.998 1724.077 
893 3865 2230 13754.484 1724.055 
892 3866 2239 13761.508 1725.234 
898 3842 2258 13752.535 1722.751 
838 3916 2208 13744.949 1724.075 
846 3911 2198 13751.702 1724.499 
856 3908 2203 13754.442 1724.691 
893 3848 2258 13750.357 1722.491 
889 3861 2254 13756.999 1723.621 
862 3907 2241 13766.778 1725.296 
844 3922 2206 13754.346 1725.256 
836 3910 2215 13741.771 1723.22 
879 3881 2229 13761.88 1724.765 
894 3848 2246 13754.669 1721.981 
865 3893 2242 13764.692 1724.494 
882 3882 2244 13764.637 1724.591 
904 3835 2245 13738.984 1721.739 
891 3874 2234 13757.715 1723.814 
834 3937 2198 13761.06 1725.837 
893 3866 2231 13755.484 1724.044 
885 3870 2240 13766.356 1725.163 
899 3850 2251 13754.416 1724.82 
878 3882 2228 13761.509 1724.711 
886 3863 2241 13767.571 1725.056 
867 3889 2230 13764.083 1724.388 
900 3826 2250 13739.393 1721.683 
888 3863 2243 13754.661 1724.094 
835 3927 2219 13754.489 1724.851 
886 3875 2262 13768.212 1724.536 
880 3886 2235 13768.766 1724.233 
905 3825 2256 13745.349 1723.228 
905 3817 2268 13740.013 1720.34 
877 3887 2239 13758.693 1724.741 
867 3889 2230 13764.125 1724.306 
899 3841 2259 13753.049 1722.792 
892 3868 2234 13760.184 1724.724 
900 3833 2246 13743.492 1721.948 
896 3855 2228 13754.182 1723.835 
875 3882 2245 13767.611 1725.434 
855 3909 2201 13757.649 1725.038 
870 3884 2260 13764.575 1724.313 
892 3857 2237 13766.358 1724.444 
894 3864 2228 13760.475 1724.584 
888 3878 2232 13761.324 1725.68 
863 3886 2240 13758.771 1724.848 
890 3860 2243 13770.367 1725.174 
845 3910 2198 13753.866 1725.507 
853 3919 2186 13757.59 1724.293 
838 3913 2208 13747.273 1723.783 
826 3941 2193 13758.306 1725.669 
837 3929 2203 13756.295 1724.852 
845 3916 2207 13750.962 1724.512 
900 3847 2245 13751.729 1723.303 
880 3885 2248 13760.227 1725.077 
882 3878 2246 13768.306 1725.693 
