328 1349 835 13977.017 1755.07 
342 1338 820 13976.364 1754.371 
319 1399 821 14054.357 1764.237 
340 1348 829 13994.232 1757.133 
340 1377 820 14021.432 1763.221 
334 1380 806 14013.535 1760.723 
330 1382 819 14009.815 1761.656 
348 1351 816 13985.85 1758.597 
353 1302 811 13895.811 1747.066 
351 1311 811 13903.531 1747.24 
350 1306 819 13899.869 1747.455 
369 1271 798 13841.073 1731.187 
328 1368 827 14012.697 1761.914 
329 1371 827 14006.375 1757.042 
313 1398 829 14036.898 1761.493 
326 1361 828 13992.165 1758.353 
376 1260 797 13832.15 1732.189 
374 1257 798 13825.199 1730.557 
336 1365 827 13989.357 1758.498 
372 1276 788 13844.935 1733.137 
373 1265 777 13834.717 1732.746 
363 1279 774 13830.826 1731.772 
373 1269 792 13828.612 1732.415 
372 1265 797 13824.01 1731.905 
376 1264 789 13830.504 1732.466 
330 1365 833 14006.491 1758.114 
373 1267 794 13834.584 1733.534 
374 1265 784 13833.602 1731.753 
375 1264 787 13836.17 1732.229 
331 1366 827 13999.105 1757.075 
323 1386 832 14027.161 1762.709 
323 1384 830 14030.033 1763.059 
338 1361 823 14005.947 1760.521 
337 1362 822 14003.144 1759.812 
370 1268 791 13836.862 1732.077 
371 1266 790 13835.306 1732.828 
358 1295 817 13898.234 1747.464 
284 1400 773 13942.6 1750.649 
285 1400 772 13944.044 1750.842 
344 1301 820 13912.727 1750.062 
379 1260 794 13819.322 1732.77 
379 1260 792 13819.993 1732.916 
378 1261 793 13819.913 1732.965 
349 1293 809 13898.868 1748.613 
332 1363 827 13997.296 1754.994 
282 1406 768 13944.665 1752.224 
280 1408 766 13943.165 1752.324 
377 1263 794 13821.947 1733.192 
377 1263 793 13821.985 1733.198 
359 1280 770 13810.57 1726.693 
361 1279 777 13825.461 1729.624 
339 1360 832 14005.876 1755.713 
336 1360 834 14009.636 1759.382 
380 1254 792 13820.458 1732.637 
358 1294 818 13896.046 1746.915 
333 1364 830 13996.748 1756.207 
332 1365 829 13995.349 1755.718 
343 1302 819 13911.883 1749.913 
366 1273 789 13837.706 1732.353 
366 1272 790 13836.728 1732.226 
349 1293 810 13897.775 1748.521 
333 1362 827 13997.517 1755.018 
282 1407 767 13944.853 1752.223 
281 1407 766 13943.044 1752.304 
319 1392 829 14040.125 1765.134 
318 1393 829 14040.01 1765.127 
321 1378 838 14007.192 1757.373 
342 1358 810 13982.653 1758.604 
370 1278 793 13839.518 1731.821 
279 1402 769 13948.478 1752.616 
366 1278 788 13840.887 1732.635 
331 1361 830 14006.876 1757.557 
