1112 5044 2845 13629.042 1706.72 
1053 5201 2765 13680.64 1711.755 
1076 5073 2864 13655.625 1709.466 
1058 5147 2856 13649.981 1707.913 
1095 5154 2817 13690.583 1713.719 
1077 5140 2863 13659.092 1708.193 
1017 5224 2801 13667.521 1711.422 
1030 5205 2764 13672.671 1713.335 
1100 5107 2850 13679.535 1712.472 
1016 5202 2824 13680.134 1714.079 
1061 5189 2794 13691.801 1712.069 
1089 5074 2886 13646.144 1706.558 
1098 5080 2876 13652.558 1710.128 
1063 5196 2814 13681.945 1714.203 
942 5245 2701 13644.252 1706.698 
938 5243 2686 13646.781 1709.208 
1034 5214 2778 13672.639 1711.195 
1034 5205 2784 13684.192 1712.987 
1013 5226 2768 13672.91 1710.781 
984 5237 2787 13672.682 1711.335 
1042 5134 2875 13678.124 1710.952 
1042 5192 2860 13703.027 1715.96 
1023 5221 2787 13675.174 1713.18 
1045 5170 2843 13675.286 1710.59 
1042 5158 2862 13687.037 1713.036 
1089 5135 2862 13682.946 1713.102 
1052 5195 2825 13677.757 1711.594 
1032 5178 2864 13685.236 1712.119 
1034 5169 2876 13686.316 1712.104 
1040 5174 2870 13677.401 1710.064 
1049 5139 2855 13690.178 1712.681 
1034 5203 2799 13680.18 1713.814 
1022 5203 2807 13667.333 1713.387 
1069 5096 2881 13668.328 1711.179 
1066 5106 2886 13673.709 1710.794 
1029 5197 2858 13699.386 1715.309 
1050 5147 2844 13679.587 1712.327 
1013 5207 2797 13679.659 1713.065 
1019 5206 2787 13678.197 1712.639 
1069 5130 2871 13673.83 1711.307 
1052 5150 2863 13681.485 1711.825 
1054 5138 2865 13678.899 1713.148 
1044 5142 2864 13682.535 1713.349 
1047 5193 2792 13684.276 1712.736 
1046 5200 2800 13687.372 1712.783 
1090 5133 2850 13676.658 1711.232 
1066 5121 2871 13667.222 1711.566 
1096 5147 2849 13690.708 1712.22 
1090 5151 2842 13693.211 1712.019 
998 5212 2789 13676.581 1712.565 
1004 5208 2788 13669.23 1712.374 
988 5231 2761 13662.529 1710.165 
1079 5157 2839 13685.447 1711.883 
1098 5119 2862 13681.383 1712.77 
1093 5136 2820 13679.568 1713.402 
1083 5136 2843 13679.369 1712.639 
1081 5143 2839 13683.337 1712.478 
1030 5205 2790 13666.054 1713.678 
1034 5206 2797 13668.252 1710.162 
1012 5227 2750 13673.486 1710.714 
1006 5224 2755 13676.04 1712.693 
1017 5219 2774 13684.721 1713.978 
1017 5223 2781 13686.633 1713.912 
1029 5202 2819 13671.716 1710.118 
1024 5205 2819 13666.016 1710.306 
1105 5128 2846 13681.912 1712.581 
985 5234 2775 13663.834 1710.702 
1100 5126 2843 13687.121 1712.757 
1099 5127 2841 13680.437 1712.722 
1056 5179 2833 13681.787 1714.132 
1056 5180 2837 13677.842 1710.127 
1070 5150 2842 13683.012 1713.729 
1076 5150 2843 13681.712 1713.024 
1096 5126 2828 13677.865 1713.153 
1097 5129 2824 13681.184 1712.287 
1111 5117 2863 13685.298 1711.718 
1107 5118 2861 13682.16 1711.029 
990 5235 2770 13660.912 1709.841 
991 5234 2772 13660.993 1709.857 
1047 5198 2813 13680.707 1712.235 
1047 5197 2811 13680.368 1712.278 
1043 5156 2842 13673.09 1710.854 
1044 5155 2843 13673.374 1710.917 
1083 5092 2870 13643.099 1707.796 
1084 5091 2871 13643.252 1707.832 
1054 5181 2807 13685.591 1713.998 
1053 5182 2806 13685.624 1713.993 
1061 5114 2864 13671.966 1711.709 
1061 5113 2865 13671.229 1711.668 
999 5228 2761 13665.533 1710.572 
998 5228 2762 13665.09 1710.496 
1056 5124 2876 13669.9 1711.771 
1057 5123 2876 13669.679 1711.752 
1023 5198 2869 13696.643 1715.733 
1023 5199 2868 13696.642 1715.712 
1001 5227 2808 13681.058 1711.68 
1001 5227 2807 13681.094 1711.687 
921 5244 2667 13640.099 1708.322 
1090 5174 2833 13699.546 1715.202 
