913 3650 2147 13625.255 1706.25 
804 3838 2074 13644.885 1707.864 
893 3738 2156 13654.56 1709.741 
803 3839 2109 13656.655 1709.719 
771 3898 2078 13662.749 1711.755 
773 3876 2099 13665.197 1712.904 
894 3718 2147 13652.485 1710.499 
856 3793 2141 13664.799 1712.536 
796 3868 2102 13669.729 1710.679 
780 3887 2048 13652.87 1710.379 
915 3668 2115 13623.347 1705.836 
913 3670 2127 13622.064 1705.74 
882 3767 2149 13660.849 1711.855 
763 3878 2111 13650.059 1709.824 
795 3860 2108 13653.299 1710.436 
903 3715 2136 13642.102 1706.426 
895 3714 2133 13638.355 1707.154 
774 3874 2076 13647.491 1710.352 
899 3699 2158 13636.031 1707.935 
783 3860 2088 13656.339 1711.44 
778 3863 2082 13657.73 1712.874 
910 3677 2152 13634.207 1706.809 
768 3898 2101 13672.203 1712.581 
769 3895 2096 13666.912 1712.823 
846 3793 2127 13665.48 1713.213 
900 3702 2166 13648.163 1706.418 
899 3704 2162 13641.904 1707.87 
776 3882 2055 13643.578 1709.18 
775 3879 2058 13637.798 1708.488 
808 3827 2095 13642.994 1708.872 
848 3809 2108 13658.943 1713.104 
850 3807 2114 13659.169 1713.575 
899 3705 2173 13641.149 1706.353 
907 3683 2151 13644.536 1707.452 
907 3688 2148 13643.448 1708.239 
894 3710 2154 13639.177 1707.376 
902 3701 2148 13636.118 1708.168 
908 3697 2146 13631.667 1706.434 
909 3693 2147 13633.359 1707.715 
798 3857 2102 13660.266 1710.6 
799 3857 2106 13661.646 1710.58 
775 3876 2063 13646.163 1710.099 
849 3799 2131 13658.783 1713.336 
777 3867 2069 13659.469 1712.246 
776 3869 2070 13660.194 1712.313 
897 3707 2140 13640.815 1707.078 
898 3706 2142 13641.218 1707.147 
918 3619 2110 13589.041 1702.579 
917 3620 2109 13588.519 1702.555 
894 3706 2159 13651.999 1707.372 
893 3707 2158 13651.553 1707.316 
872 3775 2157 13675.377 1713.147 
873 3774 2158 13675.76 1713.219 
878 3766 2151 13670.072 1712.615 
805 3825 2100 13647.191 1706.96 
877 3767 2150 13670.127 1712.625 
910 3685 2148 13636.081 1707.821 
911 3684 2148 13635.834 1707.762 
898 3700 2169 13639.956 1707.449 
897 3701 2169 13639.716 1707.432 
908 3700 2161 13634.469 1706.368 
876 3768 2149 13669.609 1712.539 
876 3768 2150 13669.67 1712.515 
804 3826 2098 13647.246 1706.964 
804 3826 2099 13647.21 1706.962 
907 3701 2161 13634.825 1706.345 
907 3701 2161 13634.673 1706.388 
915 3638 2121 13604.36 1702.89 
755 3899 2061 13652.456 1709.19 
843 3821 2129 13668.83 1715.257 
904 3683 2113 13629.466 1709.552 
847 3783 2146 13657.489 1711.152 
912 3683 2139 13625.495 1707.005 
874 3756 2153 13663.841 1712.575 
856 3797 2120 13657.851 1713.445 
767 3870 2106 13650.003 1709.777 
846 3800 2116 13653.435 1713.203 
892 3708 2169 13645.844 1708.744 
777 3871 2083 13663.209 1712.175 
775 3875 2084 13651.332 1707.748 
892 3710 2158 13642.973 1708.364 
900 3705 2150 13638.71 1708.105 
775 3876 2066 13644.417 1707.654 
850 3798 2129 13661.319 1713.097 
