941 4500 2494 13685.144 1714.993 
988 4317 2421 13589.237 1702.921 
961 4473 2491 13679.46 1714.522 
880 4644 2492 13720.187 1719.981 
873 4652 2482 13725.972 1721.159 
870 4660 2462 13723.286 1719.779 
938 4561 2522 13721.428 1720.084 
984 4300 2428 13582.193 1702.699 
942 4476 2490 13668.403 1712.168 
944 4478 2488 13677.775 1713.823 
903 4614 2477 13715.476 1721.723 
893 4621 2483 13724.284 1721.992 
913 4612 2509 13730.663 1721.272 
927 4577 2520 13727.941 1721.473 
895 4622 2505 13727.264 1721.52 
883 4646 2459 13728.497 1721.955 
900 4617 2500 13725.45 1722.025 
953 4476 2473 13669.91 1714.159 
960 4474 2470 13672.483 1714.338 
934 4570 2514 13724.706 1720.625 
924 4582 2514 13716.645 1720.439 
918 4597 2510 13728.043 1722.507 
921 4586 2520 13730.65 1722.531 
929 4572 2516 13719.186 1720.371 
880 4640 2478 13723.379 1720.559 
917 4582 2521 13727.038 1722.248 
911 4579 2528 13713.758 1718.912 
920 4587 2520 13724.046 1720.927 
887 4637 2473 13725.396 1721.002 
914 4592 2527 13727.16 1720.463 
910 4594 2525 13726.982 1720.919 
929 4573 2506 13719.976 1721.478 
916 4604 2488 13719.408 1721.118 
918 4579 2527 13723.475 1721.418 
919 4582 2525 13722.621 1720.145 
928 4577 2508 13720.509 1720.15 
888 4634 2480 13724.774 1720.294 
887 4636 2478 13724.727 1720.986 
880 4641 2470 13722.436 1720.781 
927 4580 2505 13719.783 1721.15 
883 4642 2464 13722.861 1721.369 
892 4626 2491 13720.588 1720.172 
893 4624 2491 13720.091 1720.065 
882 4654 2458 13722.822 1720.646 
883 4653 2459 13723.039 1720.648 
927 4580 2508 13720.056 1721.147 
926 4581 2507 13719.949 1721.138 
906 4592 2518 13720.636 1721.13 
984 4291 2431 13574.91 1702.228 
922 4595 2517 13731.163 1723.423 
888 4631 2493 13727.373 1721.563 
920 4587 2525 13721.13 1718.719 
884 4624 2507 13726.782 1721.147 
920 4603 2516 13729.426 1722.387 
906 4623 2516 13730.825 1721.255 
928 4574 2516 13719.589 1720.399 
942 4476 2491 13668.064 1712.09 
924 4578 2529 13732.318 1723.048 
886 4646 2453 13719.979 1719.409 
926 4570 2525 13719.895 1720.302 
982 4396 2455 13649.477 1710.835 
918 4601 2502 13725.0 1722.472 
952 4495 2475 13685.157 1715.144 
869 4649 2481 13723.652 1721.789 
925 4587 2502 13728.54 1722.442 
878 4647 2473 13725.93 1720.893 
925 4585 2509 13724.014 1722.4 
880 4640 2479 13723.378 1720.559 
925 4579 2515 13730.31 1720.958 
963 4464 2478 13673.568 1712.693 
927 4580 2504 13719.803 1721.152 
887 4643 2468 13725.287 1720.665 
927 4577 2517 13726.887 1722.415 
915 4612 2508 13735.172 1723.197 
905 4609 2519 13724.157 1721.266 
931 4565 2519 13722.884 1721.262 
991 4276 2438 13577.319 1702.568 
926 4586 2497 13720.616 1720.754 
891 4626 2493 13728.245 1721.378 
894 4630 2484 13727.725 1721.785 
932 4575 2514 13724.383 1720.222 
906 4610 2509 13726.864 1722.001 
