203 672 432 14072.83 1767.322 
182 703 460 14190.227 1779.143 
148 730 421 14081.87 1763.357 
171 713 452 14143.98 1777.337 
193 679 474 14132.362 1778.165 
194 676 475 14120.132 1775.53 
173 710 449 14131.549 1774.084 
163 714 434 14119.72 1775.433 
172 706 464 14146.794 1773.944 
180 707 461 14167.273 1780.042 
181 703 442 14161.661 1780.744 
206 653 458 14050.543 1766.047 
178 697 462 14150.31 1777.129 
178 698 463 14161.314 1776.063 
154 718 432 14108.525 1770.752 
209 657 464 14090.715 1765.627 
157 717 439 14114.564 1765.853 
201 680 449 14144.726 1774.315 
203 667 455 14084.314 1767.323 
195 685 454 14138.631 1773.053 
194 679 455 14143.643 1776.925 
163 719 445 14120.275 1763.898 
167 718 438 14117.125 1764.995 
212 647 465 14051.523 1768.388 
157 720 444 14102.199 1762.273 
162 722 441 14107.757 1764.53 
185 683 463 14137.064 1778.338 
156 727 426 14113.389 1766.804 
160 725 428 14106.946 1764.67 
189 686 463 14127.556 1772.746 
187 683 467 14122.436 1776.424 
190 683 467 14107.809 1772.071 
187 681 465 14113.356 1776.561 
211 651 464 14069.153 1767.202 
204 660 459 14078.681 1762.01 
207 661 457 14072.6 1763.689 
193 693 446 14154.257 1777.721 
194 687 449 14151.782 1777.34 
204 669 444 14099.901 1768.862 
205 666 450 14098.276 1767.487 
203 669 446 14082.573 1765.845 
203 667 447 14089.236 1766.803 
156 720 420 14077.502 1767.104 
160 717 425 14077.984 1767.252 
173 713 435 14143.245 1773.28 
208 650 458 14065.068 1770.395 
180 709 454 14178.797 1782.377 
181 709 454 14178.453 1776.636 
203 659 451 14074.356 1772.448 
206 658 454 14073.149 1769.803 
164 713 436 14131.425 1778.32 
165 712 440 14133.441 1777.524 
184 689 473 14146.283 1776.18 
213 649 462 14059.238 1767.482 
213 652 460 14061.569 1767.143 
171 716 434 14135.84 1771.842 
170 716 434 14138.591 1774.871 
178 714 426 14142.537 1776.632 
178 711 427 14140.479 1775.865 
191 679 462 14137.731 1772.991 
190 680 462 14140.699 1773.351 
186 687 475 14152.34 1777.287 
185 688 474 14150.199 1776.83 
202 676 470 14164.201 1779.45 
201 678 469 14163.176 1779.098 
176 713 430 14165.731 1778.753 
177 712 431 14164.023 1778.524 
193 700 431 14152.773 1777.235 
193 699 431 14150.699 1777.254 
179 696 462 14132.842 1774.571 
180 695 463 14132.491 1774.532 
176 695 465 14118.929 1772.321 
177 694 465 14119.525 1772.399 
197 679 435 14123.221 1776.897 
196 680 435 14123.604 1776.985 
211 644 459 14043.375 1768.882 
211 644 460 14043.309 1768.875 
214 635 446 14001.705 1756.976 
192 702 460 14202.827 1785.549 
203 666 473 14111.507 1772.195 
209 655 457 14101.364 1774.163 
161 719 428 14096.377 1766.147 
159 714 451 14122.229 1771.879 
196 688 444 14132.829 1773.844 
155 719 433 14085.074 1767.107 
182 708 443 14170.748 1775.994 
193 681 458 14117.704 1774.196 
211 651 463 14082.611 1764.296 
208 654 458 14066.118 1765.964 
