557 2643 1499 13784.328 1725.502 
541 2645 1522 13763.989 1726.694 
630 2572 1496 13781.783 1729.009 
570 2626 1510 13772.731 1724.931 
605 2600 1463 13772.487 1726.981 
583 2624 1461 13791.19 1730.133 
563 2604 1517 13748.531 1725.786 
495 2670 1446 13745.236 1722.418 
504 2662 1445 13745.176 1722.322 
612 2571 1513 13775.853 1726.266 
605 2592 1479 13787.922 1729.223 
596 2593 1485 13778.148 1730.278 
613 2585 1508 13792.456 1730.701 
603 2608 1496 13794.556 1729.108 
597 2599 1491 13782.471 1729.935 
590 2612 1491 13776.774 1727.777 
590 2616 1482 13795.925 1729.863 
586 2617 1488 13791.757 1729.082 
589 2613 1493 13785.984 1726.577 
600 2606 1492 13787.19 1729.623 
597 2610 1492 13781.361 1729.204 
636 2542 1486 13753.976 1722.025 
635 2546 1484 13760.017 1721.7 
629 2579 1505 13796.022 1731.652 
549 2630 1514 13767.467 1726.909 
607 2591 1507 13788.532 1731.057 
576 2623 1462 13763.3 1725.08 
615 2585 1501 13783.455 1726.883 
621 2578 1509 13795.79 1730.424 
626 2579 1510 13791.424 1730.742 
554 2623 1520 13759.737 1725.697 
553 2624 1521 13765.912 1727.101 
606 2595 1490 13782.241 1729.827 
607 2587 1512 13784.746 1728.655 
608 2585 1509 13779.893 1728.595 
553 2635 1499 13760.344 1726.389 
608 2592 1493 13789.811 1728.367 
608 2595 1495 13785.342 1729.586 
616 2587 1495 13785.931 1727.08 
557 2630 1503 13757.857 1725.432 
550 2633 1505 13758.457 1728.039 
552 2631 1501 13756.471 1726.163 
606 2599 1482 13780.912 1727.887 
619 2587 1490 13786.217 1727.622 
616 2585 1488 13788.084 1728.324 
605 2594 1499 13782.81 1726.12 
621 2565 1512 13778.865 1726.786 
542 2661 1511 13777.81 1728.381 
543 2659 1510 13776.587 1728.254 
553 2629 1518 13771.702 1728.218 
554 2627 1518 13770.664 1728.018 
606 2603 1474 13764.084 1725.028 
607 2601 1476 13763.485 1724.907 
607 2602 1475 13764.128 1725.033 
614 2585 1491 13790.872 1730.973 
614 2584 1491 13789.92 1731.044 
608 2596 1484 13778.556 1725.465 
608 2596 1483 13779.213 1725.575 
588 2620 1468 13765.915 1726.527 
588 2620 1467 13765.984 1726.541 
622 2563 1515 13778.451 1726.697 
622 2563 1514 13778.474 1726.691 
623 2555 1530 13775.993 1726.466 
505 2662 1456 13737.044 1721.934 
586 2617 1468 13798.687 1729.49 
594 2607 1483 13786.876 1729.94 
611 2593 1472 13765.012 1726.614 
561 2614 1514 13754.434 1726.1 
585 2604 1500 13778.655 1726.439 
611 2580 1514 13785.939 1728.215 
588 2617 1487 13782.953 1729.428 
560 2618 1519 13761.964 1726.738 
601 2591 1491 13791.825 1730.298 
608 2594 1491 13782.292 1729.831 
595 2602 1501 13781.24 1728.11 
605 2599 1496 13788.523 1727.579 
586 2622 1476 13781.465 1729.147 
596 2614 1469 13782.177 1726.475 
605 2599 1481 13795.462 1728.937 
608 2588 1506 13784.255 1727.722 
604 2600 1517 13797.171 1729.352 
576 2610 1494 13763.347 1725.432 
607 2590 1507 13788.188 1731.067 
613 2590 1504 13803.711 1732.28 
584 2623 1455 13788.547 1730.206 
595 2601 1502 13776.517 1727.21 
