631 3336 1766 13723.175 1720.227 
747 3141 1844 13692.052 1717.826 
710 3252 1817 13723.21 1721.234 
697 3244 1855 13722.502 1720.367 
661 3295 1829 13713.992 1719.531 
690 3270 1844 13733.91 1723.23 
695 3267 1825 13726.025 1720.574 
668 3312 1794 13735.327 1721.868 
652 3311 1785 13727.031 1723.503 
660 3320 1785 13730.056 1723.025 
707 3248 1840 13717.508 1722.335 
671 3312 1810 13726.587 1722.526 
667 3313 1799 13724.038 1722.536 
647 3316 1816 13733.534 1723.239 
693 3270 1836 13711.492 1720.182 
694 3267 1841 13720.831 1722.571 
731 3198 1872 13725.072 1723.776 
683 3259 1847 13715.598 1719.293 
684 3250 1848 13709.821 1718.466 
713 3221 1883 13740.343 1724.141 
730 3200 1860 13720.659 1722.245 
708 3225 1862 13738.583 1724.705 
737 3188 1859 13725.407 1722.315 
736 3197 1857 13727.214 1723.496 
743 3158 1861 13707.465 1719.53 
742 3152 1857 13701.7 1720.938 
663 3327 1808 13729.58 1722.975 
720 3208 1884 13739.097 1724.117 
696 3263 1819 13715.945 1721.703 
712 3236 1827 13708.07 1718.59 
708 3233 1851 13729.049 1723.575 
723 3220 1854 13731.199 1723.443 
657 3316 1823 13739.124 1721.956 
687 3289 1826 13734.218 1723.321 
682 3298 1824 13734.684 1722.892 
684 3292 1819 13733.297 1723.01 
680 3272 1829 13730.105 1722.24 
675 3273 1835 13729.203 1721.505 
653 3324 1822 13732.358 1723.311 
656 3318 1826 13731.387 1722.759 
692 3266 1807 13723.685 1721.124 
696 3262 1811 13719.978 1721.234 
745 3142 1871 13699.687 1720.606 
743 3146 1865 13701.971 1720.772 
709 3227 1864 13728.458 1722.143 
676 3283 1835 13728.571 1721.989 
666 3293 1837 13723.896 1721.824 
671 3291 1835 13728.158 1721.697 
675 3309 1827 13741.001 1723.644 
683 3304 1815 13738.376 1724.039 
692 3246 1843 13714.442 1718.651 
738 3165 1879 13709.259 1721.384 
741 3163 1877 13714.73 1722.391 
723 3218 1870 13737.41 1723.839 
726 3216 1874 13733.178 1722.969 
674 3285 1837 13721.927 1721.474 
718 3226 1873 13732.444 1722.787 
719 3220 1861 13734.223 1724.471 
672 3302 1823 13737.894 1723.865 
678 3303 1825 13740.072 1723.053 
673 3309 1819 13741.494 1723.246 
678 3307 1815 13742.295 1724.018 
709 3225 1875 13737.513 1723.331 
714 3223 1860 13728.412 1723.698 
734 3189 1877 13722.901 1721.615 
637 3329 1742 13704.843 1719.778 
636 3334 1745 13707.312 1719.517 
723 3209 1865 13728.105 1724.046 
674 3283 1830 13720.769 1722.401 
671 3288 1832 13719.84 1721.766 
734 3207 1854 13730.852 1724.368 
734 3183 1879 13724.773 1722.781 
732 3203 1859 13732.891 1722.749 
734 3205 1856 13736.131 1725.551 
710 3233 1837 13705.163 1719.85 
711 3233 1833 13702.368 1717.075 
733 3185 1885 13729.826 1723.904 
728 3216 1867 13731.151 1722.769 
724 3214 1864 13731.786 1723.97 
658 3328 1800 13725.812 1722.733 
658 3323 1802 13726.428 1723.569 
737 3190 1882 13725.739 1721.23 
739 3186 1879 13724.742 1721.284 
694 3253 1837 13722.522 1720.199 
737 3179 1889 13728.089 1723.648 
736 3182 1885 13726.343 1723.057 
728 3207 1877 13736.377 1726.056 
714 3221 1873 13741.1 1723.747 
714 3222 1872 13736.234 1722.544 
729 3208 1883 13738.526 1724.692 
729 3210 1880 13735.068 1723.317 
687 3281 1839 13727.895 1722.772 
685 3283 1838 13723.955 1722.047 
692 3252 1842 13717.869 1718.73 
696 3251 1841 13720.246 1719.42 
734 3189 1887 13715.629 1719.745 
731 3189 1887 13719.209 1720.906 
717 3222 1863 13740.032 1725.319 
717 3222 1867 13738.33 1724.468 
710 3226 1855 13725.897 1723.41 
