1022 4230 2413 13582.88 1702.4 
946 4392 2451 13639.026 1708.84 
964 4399 2429 13645.797 1710.395 
1012 4308 2444 13629.227 1707.767 
1000 4343 2429 13631.974 1708.641 
1019 4249 2424 13590.557 1702.82 
1021 4251 2410 13582.909 1702.059 
951 4393 2430 13624.432 1707.286 
958 4384 2469 13644.313 1710.116 
903 4447 2392 13634.806 1709.021 
945 4422 2414 13648.551 1711.103 
971 4358 2461 13640.721 1711.319 
993 4333 2468 13629.582 1708.746 
985 4353 2471 13638.985 1709.236 
984 4362 2464 13638.094 1707.957 
1000 4330 2434 13622.9 1708.623 
856 4477 2325 13591.556 1701.172 
992 4338 2446 13632.279 1707.828 
831 4520 2317 13601.029 1702.606 
979 4368 2440 13631.454 1707.676 
910 4439 2349 13627.104 1706.587 
966 4379 2437 13631.792 1707.529 
952 4411 2416 13639.928 1710.34 
1002 4322 2437 13630.195 1708.538 
908 4442 2385 13627.075 1708.232 
907 4468 2372 13640.748 1708.644 
916 4444 2362 13625.562 1705.572 
959 4385 2440 13630.668 1708.483 
960 4383 2435 13626.963 1708.107 
909 4452 2367 13635.878 1708.125 
908 4456 2371 13633.075 1707.924 
846 4496 2329 13598.075 1701.709 
981 4345 2460 13628.992 1709.472 
979 4346 2457 13627.6 1709.278 
849 4489 2330 13597.226 1702.677 
949 4404 2422 13636.205 1709.749 
948 4406 2420 13636.645 1709.768 
852 4487 2330 13596.734 1702.053 
841 4512 2323 13601.74 1702.496 
853 4484 2332 13596.16 1701.998 
853 4485 2331 13596.134 1702.029 
942 4415 2424 13642.183 1709.898 
1002 4318 2474 13627.166 1707.008 
843 4498 2318 13592.099 1701.195 
904 4447 2381 13629.28 1708.52 
906 4465 2366 13642.222 1709.12 
916 4439 2358 13623.976 1706.437 
837 4514 2323 13602.005 1702.868 
840 4513 2322 13601.69 1702.492 
1023 4229 2414 13583.204 1702.462 
958 4384 2470 13644.075 1710.065 
1009 4280 2469 13611.491 1706.784 
994 4345 2448 13621.39 1707.84 
998 4336 2462 13642.276 1708.823 
984 4335 2475 13626.66 1706.608 
1025 4232 2427 13587.058 1702.041 
857 4476 2325 13591.225 1701.162 
942 4433 2416 13649.782 1711.795 
995 4340 2430 13634.277 1708.615 
849 4497 2327 13598.648 1702.184 
848 4492 2331 13596.486 1702.064 
978 4351 2481 13629.33 1707.171 
982 4368 2445 13631.29 1706.877 
999 4317 2475 13626.848 1707.958 
987 4351 2461 13633.615 1708.762 
914 4435 2386 13633.063 1708.547 
995 4322 2469 13627.261 1707.717 
959 4403 2412 13640.014 1710.551 
992 4321 2473 13625.98 1706.647 
1021 4262 2387 13598.714 1703.377 
1023 4261 2390 13599.522 1703.497 
978 4376 2478 13650.152 1710.733 
1007 4298 2472 13621.405 1708.549 
1009 4336 2453 13629.942 1708.531 
991 4366 2455 13658.523 1711.86 
