478 1929 1128 13755.625 1725.017 
482 1906 1142 13770.049 1731.521 
497 1841 1105 13680.692 1717.138 
432 2007 1154 13810.594 1735.244 
467 1966 1146 13813.684 1735.258 
440 1961 1171 13779.12 1731.6 
449 1950 1176 13772.616 1730.842 
425 2019 1162 13830.77 1737.882 
457 1988 1152 13827.557 1737.033 
479 1930 1126 13783.733 1729.381 
468 1960 1171 13807.414 1733.96 
448 1996 1158 13820.028 1734.542 
484 1902 1144 13770.09 1731.35 
483 1903 1143 13768.272 1731.276 
449 1993 1154 13815.054 1733.395 
453 1988 1145 13822.151 1737.667 
441 1988 1149 13833.534 1738.465 
495 1891 1128 13753.115 1724.395 
478 1909 1140 13766.875 1730.877 
441 1961 1173 13779.07 1730.717 
467 1961 1159 13819.045 1736.595 
462 1977 1148 13823.843 1737.867 
478 1929 1128 13755.681 1725.006 
440 1948 1174 13781.849 1731.674 
466 1962 1159 13818.947 1736.569 
432 2007 1152 13819.931 1737.163 
452 1995 1142 13823.758 1737.908 
434 1968 1174 13785.175 1729.863 
456 1982 1157 13826.017 1735.725 
476 1943 1160 13801.25 1733.963 
473 1950 1157 13798.393 1733.069 
435 2009 1127 13810.218 1734.856 
451 1984 1162 13809.648 1734.378 
458 1987 1153 13827.448 1737.013 
430 2009 1150 13811.826 1733.845 
444 1997 1165 13827.697 1737.696 
469 1971 1149 13808.758 1733.496 
470 1962 1152 13815.583 1736.682 
478 1936 1127 13773.882 1728.325 
468 1961 1170 13808.321 1734.142 
476 1937 1168 13803.519 1735.443 
465 1973 1164 13831.306 1738.551 
474 1939 1161 13785.153 1732.362 
464 1989 1141 13823.196 1735.65 
429 2011 1153 13827.537 1737.577 
431 2007 1162 13823.911 1738.164 
454 1992 1144 13824.469 1738.248 
459 1979 1154 13824.508 1737.503 
486 1921 1147 13771.04 1726.045 
477 1936 1169 13803.551 1735.45 
468 1964 1155 13806.541 1734.372 
432 2006 1154 13810.691 1735.413 
461 1978 1148 13823.4 1737.965 
442 2005 1160 13823.928 1736.837 
458 1992 1132 13826.027 1735.662 
424 2020 1161 13830.911 1737.914 
429 2012 1155 13825.94 1737.756 
444 1997 1155 13827.996 1736.936 
458 1981 1156 13826.495 1737.78 
473 1941 1163 13787.347 1732.658 
489 1927 1131 13781.988 1730.632 
476 1944 1146 13786.318 1731.512 
406 2021 1138 13799.215 1733.231 
469 1951 1158 13809.877 1735.497 
490 1912 1115 13767.76 1726.384 
441 1959 1175 13776.631 1730.742 
444 1996 1166 13826.71 1737.603 
475 1945 1145 13785.922 1731.486 
479 1913 1139 13768.555 1728.733 
448 1987 1159 13814.096 1736.036 
466 1967 1145 13813.428 1735.207 
458 1982 1154 13826.708 1738.367 
471 1950 1158 13801.402 1735.249 
443 1998 1155 13827.824 1736.898 
426 2009 1160 13817.87 1734.946 
455 1989 1150 13824.514 1736.799 
439 1977 1173 13804.693 1733.367 
479 1928 1128 13755.381 1725.016 
