633 2592 1562 13827.751 1733.315 
630 2602 1569 13846.938 1733.671 
631 2601 1571 13844.842 1733.184 
630 2604 1601 13847.975 1732.993 
616 2635 1575 13860.306 1734.108 
616 2638 1586 13856.92 1735.368 
594 2658 1587 13846.358 1734.63 
629 2599 1604 13836.107 1731.517 
633 2592 1562 13827.72 1733.342 
627 2616 1610 13856.488 1733.53 
613 2644 1587 13857.953 1735.901 
602 2658 1555 13852.056 1734.244 
629 2622 1595 13851.027 1733.733 
634 2607 1585 13836.07 1730.479 
628 2615 1610 13856.604 1733.551 
599 2656 1551 13854.872 1738.121 
608 2649 1558 13858.708 1737.886 
633 2613 1583 13836.649 1730.809 
599 2665 1552 13855.107 1736.26 
636 2596 1565 13823.875 1729.175 
620 2639 1586 13855.634 1735.706 
603 2655 1560 13856.984 1737.62 
646 2595 1584 13837.315 1730.817 
630 2617 1588 13844.342 1734.128 
597 2672 1572 13871.801 1738.825 
616 2642 1569 13859.888 1736.649 
603 2656 1556 13851.832 1734.219 
613 2633 1573 13860.684 1737.169 
613 2646 1588 13867.516 1735.27 
632 2619 1600 13860.011 1733.05 
640 2591 1571 13843.027 1734.18 
603 2650 1565 13855.014 1737.537 
647 2563 1571 13804.798 1726.341 
631 2592 1609 13837.43 1730.775 
615 2655 1580 13871.435 1736.934 
623 2622 1580 13853.669 1735.935 
614 2632 1574 13860.666 1737.154 
599 2662 1555 13852.68 1736.249 
629 2631 1579 13869.101 1737.115 
613 2635 1585 13858.378 1736.077 
613 2634 1590 13858.759 1734.009 
627 2622 1596 13852.081 1733.867 
620 2634 1578 13860.093 1735.861 
630 2594 1609 13838.355 1730.741 
629 2633 1582 13864.453 1735.553 
633 2602 1561 13843.205 1734.023 
619 2629 1592 13859.353 1735.896 
614 2620 1599 13847.355 1732.29 
622 2636 1578 13855.629 1734.914 
634 2608 1561 13843.871 1732.362 
