974 4531 2530 13715.329 1717.413 
954 4553 2533 13713.376 1717.671 
1034 4394 2546 13663.39 1709.449 
927 4545 2557 13696.921 1715.11 
941 4536 2553 13705.103 1717.436 
957 4540 2547 13709.27 1716.677 
1006 4453 2581 13685.573 1714.163 
982 4502 2519 13702.817 1716.632 
984 4491 2513 13698.584 1715.809 
994 4478 2579 13698.027 1715.977 
944 4535 2579 13710.397 1716.686 
995 4441 2559 13677.778 1714.542 
1001 4443 2554 13686.026 1714.858 
965 4531 2553 13704.211 1715.671 
1021 4414 2561 13680.676 1713.297 
1031 4393 2576 13677.966 1711.378 
954 4528 2581 13710.26 1715.49 
982 4477 2559 13687.708 1716.017 
979 4491 2581 13702.607 1714.745 
1010 4428 2569 13675.569 1713.312 
978 4498 2584 13708.079 1715.218 
980 4491 2589 13699.535 1715.611 
978 4494 2591 13706.562 1716.869 
1011 4433 2542 13680.854 1711.553 
951 4526 2563 13707.106 1717.097 
947 4530 2568 13709.241 1717.354 
933 4544 2568 13706.876 1716.468 
935 4539 2570 13703.86 1716.379 
956 4519 2588 13709.584 1716.305 
952 4520 2587 13705.519 1715.04 
1011 4425 2559 13675.946 1712.661 
1026 4401 2557 13674.453 1711.063 
1030 4395 2565 13676.283 1712.194 
1029 4398 2564 13677.273 1712.222 
900 4558 2494 13678.126 1713.016 
960 4530 2573 13712.227 1715.935 
959 4528 2572 13710.763 1715.98 
937 4529 2581 13699.395 1715.895 
938 4528 2584 13699.358 1715.887 
937 4529 2583 13699.21 1715.921 
898 4561 2495 13679.76 1713.291 
899 4560 2496 13679.787 1713.297 
981 4467 2584 13681.892 1713.789 
982 4466 2584 13681.891 1713.788 
1040 4392 2572 13676.335 1711.843 
1040 4393 2572 13677.05 1711.803 
915 4556 2508 13690.76 1713.61 
915 4556 2509 13690.736 1713.738 
858 4579 2461 13652.524 1708.132 
907 4549 2539 13685.386 1715.26 
998 4458 2591 13689.856 1713.833 
1009 4443 2564 13680.523 1713.708 
1002 4462 2564 13690.492 1714.146 
1026 4393 2561 13673.7 1712.823 
972 4512 2587 13716.129 1717.664 
1022 4432 2573 13683.742 1712.625 
940 4555 2533 13705.821 1716.504 
1042 4381 2562 13665.475 1710.316 
982 4481 2576 13698.675 1713.369 
965 4527 2575 13712.378 1716.147 
952 4534 2572 13712.012 1715.981 
1025 4413 2582 13688.434 1712.658 
950 4531 2567 13705.365 1717.942 
990 4482 2539 13691.152 1714.406 
950 4527 2563 13707.073 1716.988 
975 4507 2537 13704.534 1716.654 
934 4540 2562 13697.688 1715.883 
980 4500 2549 13700.592 1715.52 
979 4513 2573 13711.377 1716.397 
971 4525 2579 13720.66 1717.726 
988 4482 2561 13697.871 1714.178 
960 4548 2538 13716.527 1718.583 
1041 4382 2561 13665.178 1710.29 
913 4557 2517 13687.736 1714.819 
948 4538 2561 13704.338 1715.604 
982 4483 2569 13694.329 1713.998 
