146 708 449 14047.206 1760.891 
192 643 427 13945.202 1751.165 
187 641 443 13978.572 1757.677 
123 741 388 14006.989 1754.709 
184 668 450 14099.621 1776.222 
185 666 427 14006.324 1754.179 
187 669 424 14020.498 1760.901 
157 722 424 14138.284 1770.3 
172 702 449 14142.757 1774.99 
153 730 432 14120.961 1765.447 
169 693 455 14099.1 1769.128 
146 732 425 14140.862 1777.422 
150 728 436 14141.624 1773.506 
151 731 416 14103.818 1767.694 
151 719 433 14098.625 1770.284 
192 639 446 14031.962 1765.905 
154 723 429 14106.663 1764.437 
175 693 438 14092.244 1766.974 
177 696 437 14113.118 1767.985 
175 684 443 14093.072 1772.473 
167 703 448 14129.378 1773.568 
170 706 448 14111.292 1768.636 
172 697 453 14111.603 1769.919 
167 707 431 14094.641 1773.819 
183 671 438 14071.993 1769.475 
171 705 438 14128.079 1770.799 
163 708 436 14101.315 1768.99 
165 710 432 14130.035 1766.196 
162 710 430 14139.652 1772.701 
174 696 437 14101.67 1772.209 
174 698 444 14105.469 1767.713 
165 708 434 14132.521 1776.275 
191 648 435 14036.452 1767.959 
180 678 448 14077.744 1770.192 
169 707 427 14109.99 1765.674 
186 657 443 14035.525 1767.834 
178 675 437 14086.622 1774.391 
176 680 440 14083.765 1770.538 
167 704 444 14121.788 1767.21 
164 704 444 14119.028 1773.71 
162 709 433 14110.221 1772.392 
168 708 432 14113.761 1771.427 
161 717 437 14118.745 1772.986 
157 712 437 14119.822 1770.432 
187 656 441 14051.264 1769.228 
174 676 432 14070.047 1773.185 
159 717 438 14107.364 1769.777 
156 719 436 14112.093 1770.282 
161 705 448 14103.769 1769.7 
157 719 425 14119.615 1768.042 
159 719 430 14118.833 1771.079 
164 718 430 14127.116 1770.612 
162 715 431 14129.211 1774.685 
182 669 448 14073.465 1770.651 
161 711 442 14125.399 1772.023 
162 713 441 14121.801 1768.714 
185 661 438 14048.487 1767.743 
186 663 436 14051.725 1764.583 
180 670 444 14079.716 1773.619 
178 670 446 14076.446 1771.06 
190 662 412 14013.774 1757.971 
188 664 411 14009.85 1757.167 
178 678 433 14077.139 1770.969 
177 680 433 14073.858 1773.037 
185 658 436 14040.471 1770.541 
185 659 439 14042.198 1767.915 
181 672 410 14021.763 1759.49 
181 672 411 14018.202 1757.626 
167 713 428 14105.336 1770.907 
166 714 427 14108.352 1770.897 
190 657 434 14052.673 1765.68 
147 721 432 14117.724 1774.463 
149 719 433 14117.358 1774.787 
188 659 432 14053.503 1765.824 
189 658 433 14055.406 1766.252 
160 717 435 14148.57 1775.631 
160 716 436 14146.508 1775.385 
159 710 445 14108.437 1771.809 
160 708 445 14107.757 1771.735 
154 729 428 14157.743 1774.066 
123 740 397 14041.515 1757.454 
124 739 398 14040.811 1757.703 
137 736 422 14108.627 1771.813 
140 737 404 14085.26 1767.22 
184 669 419 14039.127 1760.856 
141 734 410 14104.756 1771.013 
186 659 429 14031.59 1766.027 
152 715 428 14107.067 1776.059 
180 681 431 14093.866 1773.825 
190 646 442 14040.314 1765.537 
153 730 429 14156.611 1773.967 
136 737 421 14108.075 1771.719 
