215 652 481 14154.602 1777.456 
167 708 474 14173.332 1788.918 
186 707 472 14208.555 1788.552 
175 710 465 14181.663 1786.604 
190 683 476 14185.801 1789.769 
165 714 458 14179.454 1790.827 
192 681 471 14141.903 1784.312 
197 676 468 14153.867 1781.671 
201 663 473 14118.459 1782.646 
201 672 456 14115.176 1780.072 
174 708 454 14171.314 1786.75 
179 702 453 14167.13 1789.422 
158 720 438 14105.342 1773.799 
156 721 445 14108.99 1775.334 
188 678 479 14157.999 1781.482 
206 660 471 14097.659 1772.842 
196 673 482 14144.332 1784.242 
199 674 482 14150.115 1783.795 
206 657 465 14099.141 1771.24 
208 656 466 14115.968 1775.957 
196 689 471 14188.691 1783.513 
196 690 473 14182.998 1784.305 
205 659 457 14122.31 1785.564 
207 658 462 14123.749 1785.196 
172 707 478 14217.0 1789.464 
173 706 476 14212.411 1789.259 
180 693 479 14180.727 1782.548 
184 687 480 14170.404 1786.393 
203 661 481 14143.509 1786.583 
202 662 478 14141.661 1786.422 
176 697 456 14145.897 1789.466 
175 695 459 14145.591 1789.283 
169 712 470 14197.466 1785.15 
152 722 452 14143.627 1780.169 
165 713 469 14199.118 1790.583 
207 654 471 14115.716 1779.543 
206 655 470 14116.353 1780.186 
178 706 479 14226.656 1788.715 
210 653 470 14102.673 1770.808 
160 714 464 14173.936 1784.849 
196 673 445 14118.168 1787.615 
195 674 445 14117.249 1787.512 
158 719 455 14167.037 1782.653 
159 718 455 14167.559 1782.7 
168 711 473 14195.091 1784.957 
169 711 472 14194.714 1784.878 
169 706 474 14209.775 1789.665 
168 707 474 14209.41 1789.582 
209 654 470 14101.445 1770.886 
209 654 469 14102.406 1770.798 
159 715 465 14174.139 1784.89 
159 715 464 14174.844 1785.042 
195 672 479 14157.386 1783.941 
195 672 478 14157.707 1784.012 
179 705 481 14225.97 1788.766 
179 705 480 14226.239 1788.623 
165 712 471 14197.281 1790.084 
165 712 470 14197.286 1790.08 
169 719 453 14208.893 1785.088 
194 670 465 14130.153 1788.05 
194 660 485 14111.377 1776.386 
200 666 483 14170.38 1785.752 
160 715 460 14196.21 1780.015 
203 668 468 14162.648 1785.189 
194 673 453 14118.468 1784.557 
168 705 469 14203.895 1789.781 
193 675 474 14161.741 1781.76 
167 710 470 14208.699 1789.983 
153 721 453 14145.99 1780.607 
192 676 481 14118.894 1776.898 
208 655 470 14109.568 1772.712 
193 680 473 14142.504 1784.467 
192 681 470 14142.383 1784.339 
189 702 477 14209.27 1789.167 
205 659 469 14119.856 1774.13 
158 716 457 14156.72 1781.189 
191 682 476 14185.56 1789.756 
168 706 466 14204.937 1790.124 
191 698 477 14198.735 1788.972 
154 723 440 14133.612 1779.225 
151 728 445 14136.591 1778.631 
182 689 485 14189.844 1790.536 
