291 1366 808 13915.956 1745.532 
361 1277 833 13925.906 1743.372 
312 1347 801 13905.575 1748.291 
322 1336 813 13914.163 1745.254 
346 1297 856 13932.053 1745.697 
331 1322 846 13960.354 1750.992 
242 1398 719 13846.467 1736.408 
324 1339 812 13959.828 1752.427 
336 1326 833 13969.101 1750.098 
342 1322 825 13966.741 1750.207 
242 1395 732 13844.174 1739.036 
318 1344 814 13937.998 1746.831 
312 1334 837 13915.407 1749.29 
244 1400 708 13827.287 1737.416 
329 1330 809 13951.55 1746.742 
316 1327 841 13911.835 1747.753 
313 1328 836 13906.093 1747.531 
321 1332 819 13939.21 1748.976 
327 1330 821 13942.95 1749.301 
232 1406 718 13823.552 1735.026 
254 1389 737 13847.462 1738.788 
251 1391 731 13847.943 1739.366 
239 1399 715 13834.226 1734.444 
357 1310 845 13994.774 1754.119 
331 1338 805 13955.332 1750.164 
237 1404 719 13834.07 1736.234 
355 1313 840 13993.865 1753.339 
242 1392 733 13828.611 1736.134 
238 1399 716 13823.012 1736.695 
247 1394 724 13835.294 1736.946 
243 1393 722 13835.8 1735.919 
296 1381 797 13932.072 1748.161 
358 1307 842 13987.579 1753.124 
317 1333 836 13910.928 1743.139 
318 1331 835 13908.428 1742.618 
357 1312 836 13989.968 1752.519 
359 1311 838 13990.933 1752.378 
332 1329 808 13933.977 1745.628 
301 1344 824 13901.153 1743.945 
300 1344 826 13901.709 1744.021 
313 1347 796 13930.153 1748.488 
340 1325 828 13979.669 1752.622 
341 1324 827 13978.316 1752.214 
328 1330 815 13945.918 1745.113 
328 1340 801 13956.187 1747.533 
327 1341 800 13955.478 1747.532 
310 1350 793 13928.156 1748.258 
332 1328 810 13932.694 1745.616 
333 1327 809 13933.362 1745.563 
234 1404 723 13828.515 1737.066 
233 1405 722 13829.166 1737.117 
328 1340 795 13956.19 1748.57 
329 1340 796 13957.381 1748.487 
318 1342 802 13949.548 1747.59 
319 1341 803 13950.113 1747.672 
327 1343 799 13959.464 1747.928 
326 1344 799 13958.436 1747.893 
299 1377 799 13930.933 1748.135 
298 1378 798 13930.964 1747.924 
330 1328 817 13947.124 1745.281 
329 1329 816 13946.979 1745.273 
312 1348 795 13928.722 1748.414 
311 1349 794 13928.819 1748.421 
337 1301 848 13918.314 1743.748 
338 1300 849 13918.303 1743.734 
304 1374 806 13938.7 1748.824 
303 1375 806 13938.47 1748.815 
234 1401 719 13830.021 1736.611 
233 1402 719 13830.195 1736.641 
245 1392 729 13824.966 1736.568 
244 1392 730 13824.843 1736.563 
325 1345 798 13957.425 1747.694 
325 1345 799 13957.304 1747.677 
366 1238 819 13861.937 1735.401 
365 1263 831 13909.602 1740.912 
231 1417 713 13843.163 1737.227 
313 1365 817 13943.317 1748.119 
295 1383 795 13920.589 1744.837 
319 1342 822 13944.038 1749.027 
323 1327 826 13941.763 1745.007 
315 1356 817 13931.36 1747.605 
320 1358 812 13934.363 1748.059 
352 1319 842 13997.165 1752.135 
237 1399 727 13825.653 1737.017 
243 1397 715 13823.666 1735.495 
239 1397 719 13826.209 1736.661 
359 1304 843 13985.997 1752.232 
