610 2538 1466 13717.556 1718.618 
548 2639 1479 13765.279 1725.091 
594 2582 1461 13747.014 1724.462 
595 2595 1459 13765.024 1725.868 
542 2634 1480 13738.767 1723.401 
603 2564 1483 13738.753 1722.005 
620 2497 1474 13693.096 1716.361 
613 2503 1466 13685.259 1714.509 
562 2630 1475 13760.122 1725.156 
542 2661 1461 13772.127 1728.906 
586 2607 1456 13760.067 1724.348 
521 2676 1437 13755.642 1725.864 
520 2667 1445 13756.145 1726.93 
532 2655 1474 13755.591 1725.668 
526 2659 1465 13757.569 1725.339 
532 2667 1459 13764.88 1726.682 
529 2673 1440 13766.5 1727.807 
578 2594 1511 13749.716 1721.668 
575 2599 1505 13759.237 1723.548 
530 2663 1450 13759.181 1727.23 
572 2623 1475 13767.524 1727.089 
550 2654 1464 13762.363 1725.637 
598 2570 1491 13748.285 1723.569 
588 2597 1486 13763.729 1724.622 
541 2626 1482 13753.292 1727.204 
541 2662 1448 13769.993 1727.768 
551 2657 1449 13772.32 1725.9 
547 2660 1443 13771.083 1725.937 
565 2618 1499 13759.144 1724.185 
568 2612 1499 13762.242 1724.492 
576 2614 1471 13764.032 1725.69 
579 2617 1477 13763.545 1725.748 
584 2604 1485 13768.474 1725.532 
592 2579 1500 13745.842 1719.696 
593 2586 1481 13752.564 1724.739 
580 2609 1481 13767.686 1725.061 
574 2603 1492 13760.637 1724.368 
548 2652 1450 13765.677 1726.639 
591 2593 1480 13752.987 1723.091 
592 2592 1482 13753.697 1723.192 
592 2569 1478 13754.407 1725.367 
591 2570 1477 13753.832 1725.224 
594 2587 1477 13746.75 1723.151 
544 2647 1461 13762.19 1727.634 
544 2647 1460 13762.252 1727.631 
579 2587 1503 13754.03 1724.161 
600 2572 1511 13756.151 1723.505 
605 2540 1406 13691.267 1715.837 
536 2658 1463 13751.648 1724.668 
525 2669 1451 13767.027 1726.841 
542 2661 1462 13771.901 1728.923 
595 2586 1484 13753.052 1721.819 
582 2605 1489 13769.898 1725.418 
566 2610 1507 13766.967 1725.294 
513 2682 1458 13759.468 1725.137 
533 2667 1452 13771.362 1726.12 
566 2646 1473 13784.289 1729.507 
558 2649 1459 13771.509 1727.806 
521 2677 1435 13765.066 1727.087 
583 2612 1481 13773.639 1724.1 
590 2605 1464 13769.276 1726.253 
541 2668 1446 13774.612 1726.86 
573 2626 1495 13768.544 1726.897 
522 2671 1451 13757.17 1724.981 
544 2655 1457 13766.361 1725.372 
531 2662 1450 13759.343 1727.26 
574 2621 1448 13756.21 1723.913 
582 2608 1489 13771.665 1725.335 
593 2589 1476 13747.621 1723.125 
519 2668 1444 13756.188 1726.949 
556 2638 1477 13769.072 1726.551 
604 2556 1449 13712.943 1718.631 
513 2677 1455 13759.354 1725.991 
580 2600 1502 13766.493 1726.542 
549 2655 1464 13762.242 1725.613 
525 2660 1464 13756.773 1725.213 
590 2596 1501 13769.253 1724.865 
569 2645 1473 13778.134 1728.072 
511 2684 1466 13760.332 1726.502 
529 2668 1449 13755.043 1724.725 
547 2644 1476 13768.492 1724.396 
555 2647 1477 13765.263 1726.298 
598 2574 1491 13753.145 1723.242 
541 2627 1480 13749.781 1726.477 
