889 3834 2162 13722.954 1719.589 
933 3733 2179 13690.5 1717.204 
842 3868 2185 13720.212 1723.934 
858 3864 2200 13735.456 1723.753 
810 3928 2166 13736.043 1725.732 
822 3916 2165 13724.771 1722.664 
911 3737 2191 13698.793 1719.771 
918 3785 2145 13715.184 1718.858 
928 3731 2200 13697.363 1718.041 
930 3702 2181 13674.584 1713.911 
942 3710 2176 13684.238 1715.29 
922 3774 2190 13721.142 1721.305 
869 3831 2178 13731.929 1721.489 
896 3790 2143 13706.707 1720.794 
906 3793 2182 13729.736 1720.433 
894 3799 2132 13703.265 1717.604 
860 3834 2192 13710.956 1720.487 
904 3768 2201 13713.363 1720.665 
888 3778 2185 13717.582 1720.943 
887 3777 2198 13715.308 1720.656 
896 3780 2170 13720.527 1720.476 
900 3765 2202 13696.381 1718.056 
896 3789 2194 13710.195 1719.084 
824 3891 2211 13735.146 1725.193 
929 3746 2192 13707.793 1718.432 
932 3751 2175 13708.753 1720.237 
880 3804 2190 13714.978 1717.9 
918 3771 2173 13720.963 1721.894 
923 3752 2184 13707.642 1720.41 
925 3755 2177 13700.724 1718.354 
927 3766 2176 13713.139 1720.824 
924 3764 2185 13709.09 1719.476 
921 3751 2213 13714.096 1719.552 
881 3787 2192 13710.395 1720.282 
861 3833 2157 13703.952 1719.652 
882 3807 2177 13727.856 1721.97 
884 3810 2176 13718.362 1721.598 
908 3795 2166 13719.699 1720.776 
875 3818 2194 13719.547 1718.787 
869 3795 2186 13701.901 1719.704 
875 3797 2186 13709.678 1719.427 
835 3892 2190 13739.955 1725.171 
898 3795 2183 13717.581 1719.137 
838 3899 2185 13743.966 1726.305 
867 3815 2189 13718.461 1720.102 
864 3836 2171 13709.482 1718.703 
859 3837 2166 13715.443 1720.825 
887 3789 2188 13703.109 1719.957 
831 3884 2197 13734.758 1725.491 
888 3797 2184 13707.273 1719.442 
889 3797 2192 13704.791 1718.459 
921 3759 2213 13707.345 1718.674 
919 3753 2208 13705.357 1719.558 
842 3878 2201 13731.847 1723.688 
887 3794 2161 13713.086 1722.63 
889 3798 2167 13712.156 1719.392 
881 3843 2138 13719.552 1720.832 
865 3854 2135 13710.088 1719.723 
863 3873 2156 13720.971 1721.177 
857 3876 2152 13718.867 1720.351 
844 3882 2191 13735.768 1723.906 
839 3881 2197 13737.715 1724.446 
872 3846 2134 13711.497 1719.476 
866 3848 2138 13714.49 1718.518 
886 3787 2178 13708.763 1721.027 
828 3903 2180 13739.353 1724.72 
831 3904 2187 13740.332 1724.084 
864 3839 2154 13712.586 1719.143 
867 3833 2156 13712.256 1720.178 
877 3822 2181 13721.777 1721.078 
873 3818 2182 13718.512 1719.85 
868 3845 2127 13723.11 1721.357 
872 3842 2124 13720.034 1720.062 
914 3780 2164 13712.948 1719.754 
917 3775 2167 13712.985 1720.081 
827 3913 2192 13750.118 1725.616 
907 3765 2193 13701.89 1718.963 
907 3786 2179 13715.866 1720.495 
907 3759 2197 13704.846 1719.77 
907 3760 2192 13704.909 1718.57 
908 3787 2172 13718.295 1720.315 
907 3783 2175 13717.73 1721.03 
824 3908 2196 13746.144 1726.315 
824 3909 2192 13747.138 1727.172 
825 3901 2203 13739.421 1724.976 
827 3900 2206 13740.271 1725.195 
887 3815 2149 13712.32 1720.377 
886 3817 2146 13711.782 1720.216 
879 3837 2142 13714.049 1718.91 
878 3839 2141 13714.126 1718.866 
847 3887 2183 13739.036 1724.156 
901 3796 2175 13712.142 1718.975 
900 3796 2176 13711.045 1719.467 
890 3803 2123 13713.654 1718.048 
891 3802 2124 13713.973 1718.077 
846 3889 2184 13738.782 1723.496 
847 3888 2185 13738.912 1723.507 
885 3791 2174 13715.415 1721.331 
886 3790 2175 13715.504 1721.35 
865 3827 2182 13713.889 1721.562 
