908 4479 2421 13645.731 1707.729 
939 4450 2432 13637.429 1707.317 
916 4472 2355 13625.49 1705.196 
905 4454 2423 13624.408 1706.343 
970 4403 2465 13634.291 1705.826 
959 4370 2427 13625.132 1708.495 
984 4359 2448 13616.319 1706.908 
836 4519 2344 13611.641 1709.47 
963 4431 2377 13636.333 1706.659 
963 4384 2438 13632.733 1708.273 
974 4389 2426 13631.783 1706.494 
984 4365 2471 13624.364 1705.144 
996 4364 2460 13628.262 1706.252 
982 4376 2438 13625.753 1707.139 
979 4369 2425 13633.081 1706.386 
837 4521 2360 13618.679 1709.209 
859 4505 2385 13630.137 1711.821 
953 4401 2445 13637.498 1709.164 
764 4571 2257 13572.91 1700.511 
760 4557 2254 13570.639 1700.693 
1003 4303 2417 13597.046 1702.164 
960 4407 2425 13649.273 1710.234 
958 4402 2430 13636.799 1708.204 
912 4457 2403 13622.314 1705.909 
918 4465 2397 13630.948 1706.435 
961 4426 2400 13649.359 1709.914 
840 4506 2360 13604.452 1707.913 
954 4419 2404 13636.166 1707.676 
1016 4285 2407 13592.14 1702.045 
1014 4297 2409 13597.75 1702.496 
961 4412 2410 13644.333 1709.381 
948 4443 2401 13647.718 1709.245 
872 4463 2391 13607.016 1708.769 
866 4473 2390 13610.293 1708.942 
818 4549 2360 13617.589 1709.137 
963 4421 2393 13633.839 1708.431 
941 4452 2402 13637.049 1707.53 
956 4438 2360 13625.677 1705.501 
957 4443 2367 13632.783 1704.987 
858 4486 2393 13616.479 1708.588 
838 4508 2379 13608.299 1708.108 
838 4506 2369 13615.233 1710.0 
831 4509 2371 13608.928 1707.288 
852 4482 2400 13609.942 1708.016 
852 4480 2390 13610.703 1709.603 
955 4431 2413 13634.288 1706.558 
952 4444 2399 13632.464 1706.352 
824 4520 2369 13608.808 1707.884 
825 4514 2364 13606.099 1707.731 
868 4496 2380 13620.705 1710.246 
863 4491 2381 13624.001 1711.628 
952 4442 2413 13635.567 1706.685 
955 4439 2412 13629.284 1705.231 
1007 4326 2409 13604.324 1702.871 
1002 4324 2409 13599.434 1704.989 
849 4512 2354 13614.786 1709.211 
852 4509 2358 13613.946 1708.912 
973 4403 2403 13629.344 1706.211 
975 4407 2400 13629.714 1707.377 
823 4537 2363 13611.64 1708.669 
822 4539 2362 13612.536 1708.74 
966 4415 2438 13641.066 1707.888 
966 4415 2436 13641.492 1707.917 
964 4413 2397 13642.935 1710.523 
963 4414 2396 13642.459 1710.5 
972 4361 2441 13633.723 1708.196 
973 4360 2440 13633.366 1708.154 
974 4415 2391 13643.504 1706.48 
973 4416 2390 13643.603 1706.582 
942 4413 2422 13639.494 1709.162 
943 4412 2423 13639.575 1709.166 
944 4446 2393 13634.248 1707.829 
945 4445 2394 13634.306 1707.784 
955 4437 2393 13649.815 1710.618 
954 4438 2392 13649.789 1710.612 
998 4348 2429 13616.248 1704.49 
998 4347 2430 13615.571 1704.402 
913 4469 2372 13639.548 1708.251 
913 4470 2373 13639.934 1708.243 
940 4459 2390 13652.271 1710.346 
941 4458 2390 13652.451 1710.382 
950 4464 2381 13653.597 1710.991 
949 4465 2381 13653.709 1710.998 
910 4470 2381 13622.127 1705.022 
910 4470 2382 13622.069 1705.016 
918 4423 2453 13635.007 1709.676 
887 4487 2355 13630.986 1707.339 
972 4427 2458 13643.24 1707.641 
776 4555 2269 13577.324 1701.67 
907 4486 2384 13642.578 1708.83 
970 4383 2463 13634.351 1708.122 
982 4401 2421 13643.341 1708.699 
991 4343 2449 13621.158 1707.095 
