182 668 447 14063.776 1774.386 
191 633 443 13949.609 1760.462 
165 692 406 13982.085 1758.989 
187 639 446 13959.83 1764.376 
185 660 429 14014.518 1774.075 
156 708 404 14008.061 1764.8 
146 718 411 14052.501 1769.619 
180 658 453 14019.565 1770.518 
180 655 449 14012.039 1770.987 
191 649 432 14004.311 1770.795 
188 651 428 13981.785 1767.867 
186 656 435 14007.629 1767.43 
174 669 431 14022.544 1768.612 
155 698 415 14006.855 1767.237 
187 653 436 14000.059 1767.376 
144 721 404 14038.458 1771.405 
161 696 414 13993.956 1761.754 
155 709 401 14017.224 1764.352 
191 647 438 13978.761 1765.949 
188 651 434 13976.421 1764.698 
147 720 397 14011.64 1769.109 
166 687 416 13980.563 1759.478 
166 687 415 13986.545 1760.736 
150 717 397 14026.82 1767.138 
168 672 431 14005.374 1769.627 
154 715 406 14031.504 1765.885 
154 712 397 14021.072 1767.575 
153 713 400 14025.507 1765.918 
155 704 420 14018.979 1764.378 
156 706 414 14023.144 1766.489 
147 713 419 14037.318 1767.933 
164 691 410 13994.262 1762.953 
145 725 402 14028.206 1765.299 
161 675 432 14000.521 1766.747 
146 722 394 14019.021 1768.68 
146 722 396 14017.619 1770.279 
183 646 448 13973.505 1767.094 
183 645 448 13971.42 1767.13 
148 722 401 14029.509 1766.562 
147 723 400 14029.734 1766.577 
167 670 442 14005.278 1769.392 
167 670 441 14003.891 1769.505 
193 644 438 13989.765 1766.401 
167 691 407 13993.94 1761.308 
167 691 408 13993.568 1761.23 
168 671 432 13947.382 1762.539 
160 693 427 14033.464 1772.101 
175 666 449 14028.932 1773.856 
162 707 413 14037.914 1768.79 
140 720 407 14005.677 1765.119 
178 672 418 14018.728 1769.543 
148 717 410 14046.76 1771.04 
173 682 430 14062.048 1777.874 
149 721 399 14036.238 1768.331 
187 651 440 13992.182 1765.951 
147 721 406 14033.254 1767.742 
143 719 412 14038.551 1771.117 
161 684 416 14028.642 1772.05 
145 719 412 14055.258 1770.273 
160 676 432 14003.97 1767.352 
148 713 421 14041.293 1766.402 
184 668 428 14039.647 1776.13 
187 653 444 13991.018 1767.024 
182 663 448 14034.645 1770.719 
187 654 433 14015.314 1772.382 
159 694 415 13993.534 1758.249 
156 710 400 14002.489 1767.921 
193 644 437 13990.697 1767.077 
152 711 429 14048.913 1770.084 
151 716 415 14060.253 1773.236 
152 715 410 14038.995 1771.288 
143 724 399 14013.473 1767.01 
149 712 421 14043.497 1767.787 
175 674 416 14015.5 1768.918 
180 671 430 14039.826 1773.753 
162 687 419 14021.19 1769.05 
142 725 398 14014.616 1767.258 
185 663 447 14038.437 1772.432 
189 650 442 14004.81 1769.168 
168 685 405 13976.148 1758.757 
144 717 419 14024.597 1766.841 
154 711 420 14054.899 1767.927 
