474 1954 1141 13811.106 1738.056 
456 1968 1143 13835.115 1742.192 
435 2028 1148 13878.902 1743.69 
452 1982 1177 13848.801 1739.663 
442 1986 1169 13842.964 1736.945 
456 1961 1172 13822.617 1739.477 
472 1960 1149 13834.846 1737.656 
451 2008 1157 13853.616 1741.706 
443 1995 1141 13850.267 1742.347 
465 1985 1147 13850.111 1740.984 
455 1972 1170 13829.563 1737.727 
459 1970 1166 13836.614 1739.839 
466 1974 1147 13842.272 1737.664 
473 1959 1165 13845.394 1739.947 
445 2009 1135 13856.985 1740.014 
480 1888 1134 13743.033 1716.863 
456 1984 1137 13839.326 1742.48 
461 1982 1140 13845.436 1743.546 
464 1982 1148 13831.194 1737.821 
470 1973 1154 13850.219 1738.781 
471 1967 1158 13847.635 1738.364 
448 2000 1159 13866.09 1740.64 
449 2002 1147 13854.273 1741.208 
453 2000 1148 13848.68 1741.011 
454 1991 1159 13840.831 1740.591 
453 1994 1157 13846.677 1740.05 
448 1986 1164 13857.956 1739.701 
455 1996 1154 13865.942 1741.123 
452 1994 1158 13867.783 1742.096 
442 2019 1158 13884.929 1743.883 
438 2019 1159 13881.599 1741.722 
490 1859 1113 13715.775 1716.42 
461 1973 1161 13845.194 1740.303 
486 1877 1138 13736.323 1716.199 
446 2003 1134 13851.752 1743.458 
447 2005 1135 13847.616 1742.727 
487 1858 1113 13720.389 1716.508 
466 1963 1163 13839.079 1738.317 
490 1856 1110 13720.123 1716.741 
438 2020 1162 13871.777 1743.02 
435 2018 1163 13872.731 1743.535 
461 1997 1148 13852.812 1741.437 
463 1996 1149 13855.374 1742.011 
397 2037 1104 13833.814 1738.399 
460 1976 1164 13848.525 1739.861 
459 1978 1163 13844.364 1737.933 
458 1977 1162 13846.837 1739.5 
454 1981 1157 13850.503 1738.857 
459 1976 1158 13851.917 1742.148 
460 1975 1160 13852.519 1742.151 
397 2045 1097 13834.899 1736.334 
409 2036 1110 13841.1 1737.629 
408 2037 1109 13840.14 1737.534 
468 1964 1160 13838.827 1740.471 
469 1963 1161 13839.516 1740.608 
419 2039 1142 13855.43 1736.399 
420 2038 1143 13855.846 1736.22 
484 1873 1121 13725.541 1717.76 
485 1872 1122 13725.631 1717.777 
443 2009 1155 13871.262 1741.372 
443 2008 1156 13870.558 1741.241 
467 1966 1135 13821.914 1741.061 
467 1965 1135 13820.725 1741.136 
398 2043 1097 13833.221 1736.197 
398 2044 1098 13833.34 1736.176 
396 2041 1104 13833.369 1736.612 
397 2040 1104 13833.437 1736.623 
497 1852 1125 13725.467 1718.77 
497 1852 1124 13725.573 1718.784 
455 1980 1161 13850.114 1738.784 
455 1980 1160 13850.084 1738.809 
493 1854 1112 13720.054 1717.024 
493 1854 1112 13720.183 1716.932 
458 1983 1157 13850.343 1739.538 
458 1983 1157 13850.477 1739.534 
487 1849 1127 13687.831 1712.041 
440 2020 1129 13859.638 1740.733 
392 2050 1094 13824.509 1731.649 
444 2001 1165 13874.569 1741.287 
485 1882 1138 13743.032 1717.336 
450 2001 1141 13844.416 1743.148 
460 1998 1156 13854.001 1741.23 
467 1976 1151 13834.311 1738.08 
433 2016 1164 13866.655 1741.755 
450 1989 1163 13852.133 1740.279 
399 2044 1103 13837.462 1735.159 
451 1983 1162 13849.028 1740.823 
484 1874 1140 13739.304 1715.327 
