903 4491 2307 13619.172 1708.082 
1008 4269 2426 13556.968 1693.015 
911 4470 2459 13614.573 1705.187 
943 4451 2417 13621.282 1709.091 
902 4498 2339 13618.909 1705.193 
953 4361 2408 13583.505 1703.062 
941 4355 2423 13573.079 1702.166 
985 4314 2423 13569.738 1696.292 
920 4471 2413 13623.899 1707.549 
926 4459 2394 13625.529 1705.871 
962 4423 2397 13625.994 1709.172 
916 4485 2443 13639.231 1709.079 
915 4491 2451 13626.139 1706.846 
946 4388 2420 13599.278 1704.637 
907 4472 2381 13623.149 1709.155 
917 4459 2390 13610.085 1707.725 
922 4461 2404 13611.936 1707.401 
918 4478 2372 13620.891 1708.395 
997 4291 2440 13565.129 1696.157 
965 4339 2435 13596.527 1703.975 
901 4502 2396 13632.919 1708.323 
924 4458 2359 13620.2 1705.944 
967 4400 2389 13597.197 1703.78 
973 4390 2390 13591.468 1702.038 
952 4431 2386 13626.263 1707.541 
909 4486 2427 13620.012 1707.189 
906 4495 2406 13630.513 1707.892 
894 4548 2404 13653.914 1710.753 
899 4539 2409 13654.596 1710.118 
982 4331 2437 13584.088 1698.334 
984 4325 2445 13584.907 1698.223 
879 4512 2427 13632.097 1708.326 
876 4514 2440 13628.405 1707.705 
880 4525 2421 13629.109 1709.149 
929 4465 2369 13610.884 1703.587 
925 4457 2367 13609.758 1706.546 
959 4344 2437 13585.083 1701.791 
888 4490 2442 13628.599 1707.359 
899 4515 2410 13641.085 1710.575 
891 4517 2409 13637.433 1710.248 
972 4379 2398 13579.624 1702.09 
965 4376 2398 13583.74 1701.571 
993 4310 2437 13577.761 1697.042 
992 4312 2445 13579.818 1697.35 
900 4496 2443 13626.201 1707.391 
894 4492 2442 13621.765 1707.844 
884 4516 2435 13630.396 1709.315 
882 4505 2454 13630.016 1708.126 
890 4504 2453 13628.702 1706.465 
932 4399 2429 13599.413 1705.042 
939 4401 2426 13598.367 1704.014 
893 4510 2427 13633.393 1707.299 
888 4511 2430 13628.618 1707.786 
966 4337 2402 13581.337 1702.575 
963 4340 2407 13580.767 1702.846 
902 4490 2420 13625.579 1707.881 
901 4493 2415 13625.135 1707.005 
997 4288 2415 13565.551 1695.475 
995 4292 2417 13562.936 1694.751 
917 4491 2353 13616.827 1708.98 
920 4487 2353 13619.278 1708.43 
865 4556 2336 13624.36 1705.624 
863 4558 2334 13624.13 1705.706 
954 4353 2431 13585.419 1702.658 
956 4352 2433 13585.304 1702.617 
939 4404 2434 13595.531 1703.243 
938 4406 2433 13596.243 1703.336 
958 4425 2377 13623.793 1708.077 
959 4424 2379 13624.276 1708.125 
966 4348 2415 13582.886 1697.219 
966 4346 2416 13581.955 1697.079 
975 4335 2412 13578.981 1696.744 
974 4336 2411 13578.591 1696.736 
870 4552 2378 13638.254 1708.704 
871 4551 2379 13638.523 1708.807 
918 4475 2432 13625.366 1707.207 
917 4476 2431 13625.383 1707.246 
957 4387 2401 13576.267 1700.978 
958 4386 2401 13576.316 1700.981 
876 4519 2427 13625.173 1707.027 
876 4519 2426 13625.359 1707.048 
930 4402 2421 13589.885 1703.738 
930 4402 2422 13589.82 1703.73 
949 4426 2396 13593.283 1702.237 
927 4445 2430 13610.468 1706.182 
963 4367 2386 13598.552 1704.269 
901 4504 2402 13615.666 1705.42 
922 4475 2385 13626.253 1707.183 
988 4283 2447 13560.494 1694.833 
895 4508 2441 13634.818 1708.497 
857 4559 2326 13613.913 1705.217 
891 4495 2452 13626.175 1707.382 
