1111 5034 2850 13642.021 1707.683 
1123 4938 2777 13594.727 1701.955 
1106 5043 2808 13636.351 1706.733 
1119 5019 2770 13617.8 1704.682 
1120 4971 2776 13601.371 1702.548 
1129 4984 2774 13610.244 1703.726 
1069 5080 2794 13635.732 1707.675 
1078 5069 2807 13644.565 1706.899 
894 5184 2563 13579.96 1699.618 
1034 5120 2781 13643.902 1707.965 
1087 5052 2776 13633.304 1707.375 
1086 5059 2805 13629.238 1705.073 
895 5165 2620 13576.377 1700.58 
1060 5101 2771 13637.558 1706.387 
874 5185 2562 13576.162 1698.96 
907 5144 2606 13575.535 1698.813 
906 5150 2611 13582.444 1699.411 
911 5158 2585 13579.45 1699.582 
901 5165 2608 13579.047 1699.064 
1051 5126 2769 13644.99 1708.627 
1044 5126 2772 13639.755 1707.325 
1091 5084 2755 13638.638 1707.121 
1090 5085 2764 13640.126 1707.327 
1059 5104 2752 13632.464 1705.578 
1054 5098 2729 13638.62 1709.306 
1056 5104 2723 13639.705 1709.284 
1076 5083 2771 13633.479 1708.426 
1073 5097 2773 13637.076 1706.94 
889 5166 2604 13574.537 1699.811 
895 5166 2597 13576.926 1699.733 
1092 5063 2753 13639.212 1708.978 
1091 5065 2746 13637.953 1708.445 
1087 5066 2794 13634.978 1707.052 
908 5165 2602 13576.771 1699.213 
1093 5049 2784 13616.067 1703.552 
1093 5048 2780 13621.622 1703.828 
883 5181 2575 13576.757 1698.871 
889 5177 2587 13577.653 1699.915 
909 5161 2594 13580.161 1699.769 
904 5161 2598 13578.947 1699.637 
1077 5088 2765 13627.349 1705.917 
1076 5089 2765 13633.612 1706.56 
903 5162 2590 13578.527 1699.394 
892 5173 2598 13579.193 1700.007 
885 5177 2597 13579.095 1700.003 
888 5174 2595 13576.987 1699.85 
881 5171 2600 13575.137 1699.423 
883 5169 2600 13572.04 1699.107 
874 5182 2581 13570.125 1699.293 
1060 5089 2802 13646.491 1707.287 
1061 5087 2803 13646.201 1707.145 
900 5168 2590 13577.186 1699.282 
899 5166 2562 13578.506 1699.108 
898 5167 2561 13578.227 1699.06 
873 5181 2575 13576.085 1699.172 
1103 5073 2772 13646.169 1708.204 
1102 5074 2771 13646.115 1708.203 
876 5181 2583 13571.018 1699.048 
876 5182 2582 13571.564 1699.063 
1048 5057 2818 13611.522 1702.968 
1048 5056 2817 13611.144 1702.985 
902 5168 2589 13577.845 1699.3 
901 5169 2589 13578.098 1699.325 
1073 5089 2739 13637.993 1707.269 
1074 5087 2740 13637.701 1707.317 
1073 5088 2740 13637.75 1707.326 
1068 5091 2775 13639.843 1704.791 
1068 5091 2774 13639.829 1704.792 
1106 5042 2746 13635.515 1706.735 
1027 5129 2758 13631.238 1707.434 
884 5180 2585 13579.666 1698.755 
1078 5068 2808 13643.974 1706.782 
1053 5116 2782 13642.419 1708.581 
883 5180 2588 13578.55 1699.757 
909 5164 2603 13577.162 1699.298 
1092 5065 2777 13633.273 1707.377 
1052 5123 2722 13628.052 1706.939 
1052 5098 2801 13644.254 1707.889 
1059 5111 2756 13638.088 1705.077 
902 5158 2621 13583.763 1699.794 
1116 5018 2741 13623.154 1705.72 
1118 5013 2812 13615.228 1701.773 
1117 5006 2805 13625.748 1705.128 
1067 5112 2750 13640.547 1707.239 
905 5162 2586 13577.33 1699.779 
1070 5106 2733 13638.895 1707.345 
1068 5102 2770 13638.437 1708.724 
1076 5098 2724 13625.674 1706.281 
1076 5087 2771 13636.577 1707.395 
1102 5042 2800 13635.507 1706.951 
1091 5070 2799 13638.224 1706.749 
