1076 4967 2755 13586.657 1702.196 
1064 4983 2767 13590.671 1701.62 
1086 4826 2661 13515.638 1689.33 
1087 4826 2663 13515.953 1689.286 
1072 4941 2773 13576.32 1699.368 
960 5184 2666 13598.755 1703.607 
1074 4939 2774 13575.624 1699.192 
933 5213 2650 13600.954 1703.188 
1033 5089 2727 13618.16 1706.99 
1076 4960 2762 13581.42 1701.046 
1066 5043 2737 13609.945 1703.536 
1058 4991 2770 13590.205 1701.901 
1061 4988 2783 13592.292 1702.797 
1085 4827 2661 13515.689 1689.341 
946 5210 2684 13615.36 1704.937 
1046 5082 2743 13620.136 1704.812 
1066 5041 2748 13611.192 1704.503 
951 5190 2665 13608.168 1704.575 
1083 4948 2761 13577.189 1700.65 
946 5210 2683 13615.298 1704.954 
1036 5094 2726 13615.206 1704.46 
1051 5074 2730 13617.605 1705.715 
1039 5080 2740 13621.712 1706.872 
966 5192 2656 13607.033 1704.973 
1087 4826 2664 13515.912 1689.277 
954 5190 2672 13608.678 1703.335 
1076 4966 2756 13586.516 1702.194 
952 5178 2683 13602.084 1703.826 
961 5175 2679 13601.904 1703.114 
1061 4990 2764 13585.544 1701.954 
1010 5119 2728 13625.893 1708.54 
988 5136 2713 13624.787 1705.526 
1003 5111 2751 13629.227 1705.452 
1040 5072 2770 13624.743 1705.983 
965 5191 2665 13609.871 1704.523 
1031 5102 2714 13619.697 1705.082 
1037 5093 2727 13615.681 1704.519 
1039 5085 2732 13623.229 1705.102 
932 5227 2642 13605.236 1704.75 
951 5189 2670 13606.818 1704.405 
959 5181 2673 13604.69 1704.387 
1038 5085 2778 13637.823 1708.575 
965 5193 2656 13607.224 1705.01 
1000 5122 2740 13627.437 1706.466 
1029 5110 2766 13637.555 1707.518 
1039 5073 2769 13624.784 1705.993 
1066 4942 2791 13580.511 1698.602 
965 5179 2672 13605.063 1704.089 
959 5185 2666 13598.693 1703.599 
1007 5122 2733 13620.102 1705.178 
1008 5121 2734 13620.16 1705.179 
1049 5072 2766 13636.393 1708.929 
951 5188 2674 13604.142 1703.872 
1053 5054 2784 13615.293 1705.92 
1062 4955 2780 13569.425 1698.616 
949 5205 2658 13605.618 1703.624 
1081 4932 2770 13573.373 1699.105 
1065 4954 2763 13575.318 1700.84 
1001 5121 2741 13627.353 1706.44 
1077 4966 2756 13586.945 1702.157 
1002 5155 2714 13633.226 1705.249 
1084 4896 2761 13552.166 1696.949 
1052 5061 2771 13627.603 1707.37 
1059 5037 2760 13619.197 1706.354 
1052 5068 2778 13633.802 1707.049 
967 5161 2685 13603.514 1703.235 
955 5192 2670 13604.018 1702.91 
1042 5092 2736 13621.849 1705.321 
1054 5050 2730 13609.989 1703.76 
1065 4973 2770 13585.577 1699.769 
1002 5113 2750 13629.523 1705.535 
954 5182 2677 13605.101 1704.215 
1065 4943 2790 13580.225 1698.544 
995 5130 2741 13623.902 1705.624 
991 5132 2725 13627.283 1707.737 
1033 5099 2770 13622.905 1706.151 
