1060 4281 2448 13599.759 1701.398 
1042 4382 2500 13658.623 1706.845 
1016 4447 2492 13685.386 1710.536 
1031 4378 2483 13651.636 1708.271 
983 4477 2477 13675.722 1710.04 
982 4478 2466 13677.917 1709.801 
1054 4304 2458 13616.534 1702.424 
1052 4318 2441 13620.645 1703.079 
1046 4321 2450 13617.026 1702.377 
920 4505 2427 13646.769 1709.037 
872 4516 2356 13636.221 1707.961 
874 4518 2363 13636.773 1707.376 
1039 4385 2479 13658.542 1708.268 
927 4501 2428 13651.186 1708.374 
1018 4448 2490 13667.938 1707.91 
1017 4449 2489 13667.983 1707.919 
1047 4336 2410 13615.564 1702.08 
1045 4379 2454 13638.475 1706.361 
934 4504 2411 13659.856 1711.745 
937 4514 2424 13661.199 1710.456 
1057 4302 2471 13621.05 1704.166 
985 4467 2472 13678.139 1712.311 
1037 4390 2482 13654.717 1708.474 
1007 4428 2516 13676.915 1710.468 
994 4466 2518 13686.499 1712.127 
981 4496 2468 13689.998 1711.992 
1059 4282 2447 13599.789 1701.403 
927 4502 2428 13651.225 1708.352 
1018 4445 2477 13666.236 1709.212 
987 4469 2453 13664.387 1710.353 
1002 4467 2491 13683.853 1711.098 
1044 4348 2459 13647.53 1708.396 
1031 4417 2479 13665.093 1707.964 
981 4496 2468 13689.898 1712.06 
1013 4445 2509 13683.7 1712.951 
875 4517 2364 13637.103 1707.45 
995 4465 2459 13674.96 1711.554 
977 4486 2495 13685.476 1711.651 
1010 4444 2469 13677.638 1713.81 
1015 4436 2465 13676.54 1712.954 
1032 4383 2451 13648.041 1710.403 
1058 4282 2447 13599.795 1701.404 
1052 4315 2451 13621.023 1703.459 
995 4471 2452 13680.32 1711.904 
1042 4363 2437 13643.661 1709.516 
1063 4272 2446 13602.218 1701.344 
1020 4438 2475 13665.287 1709.994 
1018 4454 2463 13672.405 1710.549 
1001 4468 2496 13674.194 1710.482 
1065 4280 2435 13598.115 1700.453 
1064 4282 2435 13598.407 1700.505 
1040 4383 2480 13658.525 1708.2 
1023 4437 2483 13679.626 1710.521 
1050 4317 2494 13621.545 1705.243 
1028 4433 2514 13681.144 1712.319 
1004 4466 2492 13684.381 1711.117 
1042 4417 2465 13664.347 1709.128 
1021 4425 2525 13674.736 1710.398 
1032 4404 2508 13664.476 1708.208 
