165 718 455 14158.751 1780.611 
206 675 455 14149.41 1779.847 
180 713 441 14216.949 1788.466 
193 703 457 14209.408 1793.366 
192 700 477 14231.318 1789.247 
189 697 465 14200.115 1790.558 
210 669 472 14195.705 1787.888 
204 675 466 14194.613 1788.242 
176 717 458 14230.726 1785.358 
183 711 465 14236.03 1787.545 
193 694 463 14188.629 1785.566 
144 726 392 14042.181 1770.729 
184 708 459 14223.193 1788.561 
144 729 422 14079.757 1768.105 
144 730 421 14084.995 1768.539 
195 695 466 14194.903 1783.305 
147 724 398 14056.634 1772.376 
145 725 394 14047.597 1771.718 
204 682 463 14178.51 1779.289 
204 682 464 14173.901 1778.381 
181 710 462 14207.095 1788.605 
181 710 461 14210.67 1789.249 
180 716 437 14164.78 1777.59 
184 710 459 14214.907 1790.263 
182 712 458 14214.63 1790.265 
191 701 464 14193.172 1782.195 
168 721 452 14194.719 1782.104 
203 683 449 14172.882 1783.939 
202 677 475 14171.727 1785.57 
201 678 474 14169.989 1785.276 
185 707 467 14209.543 1785.219 
184 708 466 14208.787 1785.066 
205 676 464 14204.606 1788.892 
205 675 465 14203.824 1789.647 
202 684 447 14172.175 1783.759 
201 686 446 14170.766 1783.452 
201 685 446 14172.101 1783.74 
143 735 429 14101.71 1769.925 
142 736 429 14100.898 1769.75 
166 723 451 14192.515 1781.623 
167 722 451 14192.788 1781.672 
195 687 472 14185.332 1784.647 
194 687 471 14185.463 1784.655 
196 695 456 14153.928 1777.183 
199 693 457 14217.799 1784.402 
176 717 453 14215.625 1785.944 
206 675 462 14167.558 1777.421 
212 670 469 14204.525 1788.821 
189 707 464 14238.293 1789.664 
179 712 459 14200.628 1787.402 
186 707 466 14216.988 1783.697 
183 713 459 14232.43 1787.376 
170 718 451 14178.021 1782.585 
170 719 453 14184.053 1781.031 
201 679 463 14188.667 1781.323 
201 680 457 14186.742 1782.035 
186 708 455 14222.16 1784.758 
195 692 468 14191.72 1785.445 
146 725 396 14052.154 1771.688 
200 690 463 14201.677 1783.697 
182 714 438 14163.636 1777.469 
190 702 464 14195.746 1782.592 
187 705 472 14227.667 1786.272 
196 694 466 14194.431 1783.275 
201 685 457 14153.448 1778.706 
203 671 467 14161.829 1778.793 
199 692 465 14203.639 1790.017 
200 683 469 14216.562 1788.991 
