523 1900 1140 13811.092 1731.874 
435 2014 1098 13830.569 1731.989 
522 1914 1158 13841.777 1734.781 
487 1989 1140 13898.083 1742.315 
452 2007 1129 13845.043 1736.559 
417 2015 1091 13833.913 1735.485 
420 2023 1086 13822.745 1730.247 
489 1985 1121 13878.686 1739.609 
487 1949 1157 13860.132 1737.09 
514 1945 1139 13849.478 1735.745 
464 1995 1135 13845.032 1736.117 
387 2035 1087 13814.632 1733.897 
475 1963 1150 13836.043 1740.578 
481 1994 1127 13885.299 1742.363 
478 1959 1164 13857.446 1737.78 
467 1976 1150 13832.602 1734.782 
480 1973 1154 13843.094 1740.42 
493 1928 1170 13809.402 1728.886 
493 1937 1168 13816.519 1731.193 
408 2022 1057 13820.328 1733.758 
491 1975 1136 13883.307 1741.282 
464 1992 1156 13842.421 1732.196 
468 1971 1162 13842.254 1737.071 
469 1973 1162 13832.083 1733.453 
496 1979 1145 13880.308 1742.324 
496 1936 1164 13826.257 1736.586 
455 1976 1157 13842.083 1735.776 
460 1983 1151 13844.392 1734.367 
502 1933 1157 13831.428 1735.221 
396 2027 1076 13815.437 1734.324 
466 1990 1146 13854.242 1739.593 
473 1986 1141 13852.729 1737.407 
410 2020 1071 13802.023 1731.595 
410 2016 1072 13810.879 1732.771 
488 1983 1140 13876.966 1744.175 
495 1961 1154 13862.545 1739.955 
505 1950 1156 13864.174 1740.547 
495 1969 1137 13862.588 1742.346 
490 1950 1160 13843.733 1735.236 
484 1962 1151 13852.972 1743.056 
490 1965 1152 13855.528 1737.789 
511 1923 1150 13824.013 1733.031 
510 1949 1145 13864.103 1739.014 
479 1997 1124 13860.691 1736.94 
474 1992 1131 13868.677 1734.539 
509 1945 1152 13857.258 1736.92 
499 1947 1159 13845.778 1736.429 
406 2018 1086 13821.627 1734.357 
480 1968 1157 13863.954 1735.314 
486 1964 1155 13866.204 1737.087 
420 2016 1063 13814.951 1734.599 
419 2022 1060 13818.897 1735.324 
469 1999 1125 13882.453 1741.0 
471 2004 1130 13881.27 1738.514 
474 1996 1129 13853.857 1737.19 
475 1992 1130 13860.437 1737.12 
515 1925 1140 13835.349 1734.415 
515 1923 1146 13830.739 1734.531 
497 1943 1163 13833.809 1733.32 
473 1970 1149 13852.112 1737.502 
467 1971 1156 13856.874 1735.059 
406 2026 1077 13817.241 1733.843 
401 2024 1085 13813.076 1734.689 
400 2020 1083 13818.121 1736.857 
482 1980 1146 13870.936 1735.382 
483 1984 1141 13871.918 1737.956 
497 1960 1145 13860.685 1739.424 
492 1941 1157 13840.812 1736.933 
504 1951 1150 13857.329 1739.955 
517 1938 1145 13838.227 1734.169 
511 1936 1147 13837.651 1734.181 
404 2051 1073 13841.3 1736.999 
405 2047 1071 13836.705 1736.151 
506 1956 1146 13860.466 1738.971 
508 1956 1151 13857.401 1738.312 
506 1934 1156 13843.415 1737.137 
510 1938 1155 13845.177 1738.608 
408 2015 1078 13823.595 1735.515 
499 1961 1137 13862.55 1740.214 
407 2019 1077 13820.351 1733.432 
405 2025 1074 13823.733 1733.505 
480 1969 1155 13853.58 1736.331 
475 1968 1155 13854.37 1735.316 
409 2018 1072 13820.49 1733.743 
408 2021 1072 13824.51 1734.186 
500 1963 1137 13855.903 1737.839 
497 1962 1139 13858.775 1737.387 
475 2009 1124 13886.931 1740.927 
476 2006 1123 13884.472 1740.695 
507 1956 1127 13849.665 1738.566 
506 1958 1130 13849.245 1738.695 
396 2026 1088 13820.62 1736.491 
397 2023 1089 13819.644 1736.131 
498 1941 1158 13836.244 1738.169 
498 1942 1159 13839.084 1738.081 
490 1961 1162 13845.163 1734.331 
491 1959 1161 13843.366 1734.133 
471 1972 1151 13861.057 1737.24 
472 1970 1152 13859.588 1737.174 
485 1992 1125 13853.893 1736.879 
