556 2658 1551 13820.518 1729.939 
591 2613 1539 13814.802 1733.898 
612 2592 1573 13822.941 1731.863 
549 2694 1509 13838.143 1733.575 
597 2612 1541 13832.077 1733.364 
573 2634 1570 13824.484 1730.671 
611 2604 1580 13829.428 1732.716 
609 2612 1573 13823.251 1731.08 
560 2677 1537 13848.126 1734.085 
564 2665 1532 13848.332 1735.561 
567 2685 1526 13851.705 1735.309 
583 2627 1574 13818.721 1732.772 
573 2646 1552 13824.463 1731.215 
591 2625 1558 13831.895 1733.121 
559 2683 1528 13845.316 1736.619 
587 2619 1567 13820.693 1730.974 
583 2643 1527 13831.782 1734.246 
586 2641 1534 13828.412 1733.758 
539 2689 1503 13830.927 1734.649 
608 2601 1564 13833.799 1733.941 
604 2603 1570 13829.648 1734.291 
590 2628 1566 13813.956 1730.132 
591 2630 1549 13822.855 1730.706 
578 2634 1561 13831.733 1732.579 
575 2640 1557 13831.158 1732.048 
597 2626 1566 13833.321 1732.985 
596 2624 1572 13820.568 1729.679 
572 2661 1548 13849.833 1737.259 
573 2660 1550 13843.447 1734.991 
561 2672 1530 13833.266 1732.491 
606 2611 1555 13831.113 1732.401 
580 2635 1554 13818.59 1730.792 
596 2615 1568 13823.339 1730.158 
583 2641 1553 13838.041 1736.388 
594 2612 1560 13828.298 1734.163 
595 2621 1550 13827.125 1733.581 
578 2660 1532 13840.149 1734.114 
598 2626 1551 13824.089 1731.093 
557 2690 1518 13843.974 1734.208 
556 2688 1521 13848.532 1736.362 
602 2612 1559 13825.744 1731.517 
601 2615 1555 13828.241 1733.248 
598 2624 1563 13826.515 1732.673 
600 2620 1561 13828.964 1730.392 
603 2617 1550 13820.118 1729.507 
599 2620 1551 13822.491 1731.356 
573 2667 1532 13842.306 1735.998 
574 2662 1525 13828.073 1733.336 
576 2663 1521 13831.279 1732.397 
573 2662 1535 13842.216 1735.107 
572 2666 1538 13840.611 1734.179 
587 2639 1551 13834.064 1734.005 
585 2633 1552 13833.191 1733.446 
584 2636 1548 13834.571 1732.981 
580 2628 1556 13819.163 1733.217 
580 2630 1558 13816.051 1730.51 
604 2611 1556 13816.974 1731.436 
605 2615 1557 13819.219 1730.544 
599 2612 1569 13833.036 1732.672 
592 2627 1565 13825.568 1729.944 
591 2627 1568 13822.01 1730.891 
574 2660 1543 13841.768 1736.38 
571 2663 1541 13842.89 1736.402 
582 2659 1548 13849.197 1734.944 
579 2659 1543 13846.688 1736.068 
582 2659 1546 13844.866 1735.269 
566 2673 1528 13837.812 1732.951 
569 2676 1527 13837.385 1732.63 
597 2611 1569 13828.634 1733.056 
596 2610 1554 13829.105 1733.396 
597 2609 1555 13829.517 1733.444 
589 2628 1536 13823.567 1733.556 
588 2629 1535 13823.217 1733.512 
569 2671 1550 13846.562 1735.869 
570 2670 1550 13846.369 1735.847 
599 2610 1566 13829.181 1733.086 
599 2610 1567 13829.103 1733.071 
570 2673 1527 13839.867 1735.244 
570 2673 1527 13839.297 1735.336 
568 2678 1500 13833.422 1732.929 
541 2691 1489 13833.103 1735.028 
549 2690 1497 13842.999 1736.367 
598 2638 1548 13832.54 1732.142 
571 2668 1517 13840.339 1734.741 
571 2650 1552 13832.771 1733.691 
590 2625 1552 13839.303 1734.914 
584 2642 1542 13826.509 1731.657 
533 2695 1504 13830.503 1734.157 
555 2676 1530 13831.545 1736.237 
601 2617 1567 13826.617 1732.367 
