703 3954 2023 13663.255 1713.756 
755 3880 2020 13639.777 1707.358 
871 3600 2127 13546.936 1692.701 
865 3623 2108 13558.25 1694.383 
697 3933 2033 13636.487 1707.829 
778 3823 2058 13629.869 1706.707 
800 3744 2068 13581.826 1698.03 
691 3959 1994 13651.588 1711.159 
687 3972 2007 13645.417 1708.518 
826 3708 2133 13586.112 1701.514 
763 3853 2064 13653.749 1709.205 
839 3702 2109 13600.317 1701.437 
825 3731 2106 13589.363 1701.252 
851 3613 2123 13545.07 1696.228 
857 3613 2107 13540.891 1696.856 
785 3803 2061 13633.85 1709.709 
759 3837 2047 13648.722 1711.568 
775 3827 2081 13648.98 1709.153 
835 3677 2125 13558.846 1697.434 
797 3733 2130 13582.339 1698.128 
788 3742 2119 13582.985 1698.535 
675 3992 2003 13659.618 1711.462 
736 3888 2019 13659.89 1711.125 
780 3827 2036 13633.462 1705.512 
685 3973 2032 13660.292 1711.898 
678 3981 2021 13666.414 1712.218 
752 3894 2038 13659.592 1710.585 
739 3893 2048 13660.417 1710.095 
812 3712 2074 13590.382 1698.504 
845 3640 2104 13559.125 1697.174 
847 3637 2134 13553.874 1697.08 
758 3864 2051 13650.184 1708.297 
823 3684 2135 13567.901 1695.869 
848 3651 2121 13554.573 1696.175 
809 3712 2112 13586.739 1699.198 
757 3867 2078 13659.777 1709.674 
723 3897 2048 13650.245 1709.965 
722 3905 2035 13647.281 1709.738 
842 3666 2096 13563.14 1696.005 
718 3931 2001 13642.163 1709.269 
811 3724 2098 13591.183 1699.38 
737 3898 2019 13643.024 1710.107 
687 3960 2031 13639.783 1707.511 
688 3955 2018 13634.841 1707.335 
769 3840 2025 13623.769 1705.7 
726 3919 2006 13644.559 1708.795 
732 3914 2013 13654.787 1709.231 
830 3666 2148 13563.079 1698.014 
724 3906 2015 13644.698 1708.594 
725 3896 2023 13651.312 1709.552 
806 3732 2085 13583.815 1698.535 
707 3924 2019 13645.83 1708.086 
709 3936 2013 13645.765 1710.933 
720 3915 2043 13660.295 1708.863 
718 3909 2055 13658.214 1708.557 
793 3807 2076 13636.047 1709.555 
827 3693 2125 13579.312 1699.468 
833 3681 2129 13586.535 1700.797 
815 3706 2089 13589.508 1698.438 
804 3712 2092 13592.958 1700.528 
778 3814 2072 13642.714 1708.344 
743 3889 2072 13663.544 1709.515 
735 3895 2065 13658.659 1709.684 
848 3662 2116 13566.21 1696.515 
857 3634 2125 13565.407 1695.296 
859 3644 2132 13562.03 1695.773 
737 3874 2040 13653.748 1710.904 
749 3874 2043 13653.429 1708.573 
750 3873 2067 13653.784 1708.664 
748 3878 2056 13654.86 1710.783 
729 3860 2058 13646.89 1710.301 
740 3859 2061 13642.13 1709.729 
831 3698 2115 13585.98 1700.591 
770 3839 2029 13637.523 1708.589 
803 3713 2114 13562.693 1694.402 
793 3718 2109 13584.968 1699.774 
794 3724 2112 13575.609 1699.469 
791 3747 2086 13584.213 1697.159 
794 3737 2088 13579.785 1696.243 
840 3690 2122 13584.316 1701.086 
832 3686 2115 13584.641 1700.635 
845 3656 2107 13559.796 1696.79 
832 3673 2139 13571.704 1699.533 
768 3817 2038 13635.873 1710.124 
760 3824 2040 13637.941 1709.373 
757 3841 2033 13639.179 1710.146 
763 3834 2036 13633.953 1709.737 
831 3664 2133 13574.228 1699.75 
687 3977 2004 13665.793 1713.125 
682 3978 1997 13659.855 1712.006 
855 3648 2100 13568.684 1697.257 
847 3654 2103 13569.978 1698.025 
841 3666 2133 13570.341 1698.881 
839 3664 2135 13559.259 1695.627 
843 3660 2128 13563.542 1699.036 
807 3710 2122 13575.314 1697.036 
800 3716 2118 13572.296 1697.37 
788 3733 2104 13588.709 1701.13 
788 3738 2096 13591.896 1699.196 
783 3801 2083 13634.526 1709.316 
