997 5239 2726 13678.354 1716.219 
1153 5125 2877 13695.298 1717.81 
1130 5102 2895 13700.307 1719.308 
1129 5140 2878 13719.087 1721.79 
1121 5143 2880 13705.66 1720.249 
1149 5093 2878 13699.068 1719.32 
1172 5096 2887 13704.76 1718.745 
1177 5089 2875 13700.649 1718.211 
1131 5157 2814 13702.829 1719.729 
1118 5165 2784 13694.462 1717.524 
1119 5162 2798 13694.309 1718.721 
1142 5128 2857 13700.62 1719.078 
1078 5194 2896 13716.292 1721.271 
1139 5100 2851 13693.252 1719.234 
1113 5170 2813 13699.748 1719.065 
1133 5119 2869 13702.781 1717.598 
1125 5119 2890 13704.184 1718.489 
1109 5158 2872 13697.816 1719.264 
1155 5103 2868 13698.735 1718.404 
1078 5209 2877 13720.861 1721.661 
1101 5170 2856 13715.715 1720.335 
1102 5138 2896 13700.646 1720.572 
1075 5208 2886 13727.14 1724.12 
1086 5163 2905 13708.254 1721.339 
1162 5119 2853 13701.204 1718.481 
1101 5158 2873 13707.709 1719.596 
1142 5116 2863 13696.234 1717.167 
1081 5194 2877 13722.58 1722.748 
1120 5148 2822 13700.852 1719.207 
1084 5207 2887 13721.118 1720.928 
1155 5105 2853 13698.607 1718.498 
1092 5191 2865 13712.991 1720.87 
1096 5189 2872 13707.356 1719.868 
1079 5186 2902 13707.844 1719.627 
1096 5156 2904 13715.985 1722.194 
1113 5158 2818 13699.73 1718.762 
1167 5109 2852 13700.654 1718.298 
1163 5105 2859 13697.973 1717.247 
1127 5158 2828 13705.032 1717.109 
1120 5158 2824 13701.837 1718.55 
1170 5103 2872 13701.042 1717.858 
1170 5104 2866 13707.102 1719.212 
1092 5173 2875 13718.413 1722.367 
1152 5125 2841 13705.878 1718.626 
1130 5147 2849 13706.743 1718.247 
1136 5147 2847 13708.488 1720.466 
1156 5123 2841 13697.403 1718.49 
1116 5131 2896 13703.52 1719.917 
1094 5168 2907 13714.645 1721.204 
1093 5165 2903 13716.534 1719.425 
1154 5127 2844 13700.365 1717.444 
1153 5122 2845 13700.46 1718.613 
1106 5158 2863 13710.205 1720.815 
1160 5114 2827 13702.021 1718.827 
1158 5116 2829 13698.843 1718.72 
1033 5218 2826 13702.456 1719.458 
1034 5216 2827 13702.105 1719.496 
1104 5162 2860 13707.048 1720.293 
1105 5161 2860 13707.837 1719.464 
1110 5160 2860 13717.445 1721.308 
1109 5161 2859 13717.01 1721.232 
1078 5188 2880 13715.47 1721.514 
1081 5208 2897 13722.668 1721.131 
1080 5209 2896 13722.59 1721.113 
1111 5134 2897 13706.499 1719.912 
1112 5133 2898 13706.491 1719.911 
1118 5157 2892 13723.134 1722.508 
1118 5157 2891 13723.171 1722.515 
1155 5143 2855 13700.508 1717.319 
1155 5143 2854 13700.515 1717.319 
1107 5170 2833 13702.135 1718.218 
1187 5099 2873 13710.724 1719.257 
1087 5211 2874 13728.303 1722.087 
1103 5185 2869 13713.968 1721.207 
1084 5190 2879 13723.26 1723.373 
1081 5183 2890 13717.56 1722.962 
1162 5106 2858 13698.078 1717.264 
1121 5141 2881 13710.907 1720.926 
1095 5184 2883 13713.062 1721.813 
1146 5114 2871 13697.706 1718.562 
1105 5175 2895 13709.723 1719.377 
1149 5114 2879 13693.064 1717.476 
1100 5183 2850 13716.146 1722.62 
1119 5129 2891 13701.743 1719.06 
1117 5160 2874 13709.354 1718.64 
1100 5184 2894 13723.551 1721.782 
1127 5124 2880 13690.548 1719.357 
1135 5147 2858 13705.664 1719.35 
