440 1977 1120 13785.821 1725.639 
479 1853 1078 13674.456 1710.025 
384 2018 1049 13756.984 1725.876 
361 2036 1043 13748.289 1723.438 
380 2028 1042 13753.73 1725.171 
370 2029 1046 13753.398 1725.548 
500 1826 1066 13657.971 1709.094 
499 1835 1066 13656.518 1712.457 
383 2006 1054 13750.766 1723.644 
466 1967 1158 13814.607 1729.464 
491 1847 1056 13662.325 1711.85 
475 1954 1160 13818.526 1729.049 
387 2010 1035 13726.13 1719.475 
485 1842 1075 13653.41 1709.043 
490 1855 1058 13667.909 1713.454 
482 1857 1053 13663.624 1711.996 
484 1854 1062 13662.613 1711.641 
490 1852 1062 13664.188 1713.257 
467 1954 1159 13803.623 1729.118 
500 1804 1068 13620.201 1704.727 
499 1806 1068 13624.856 1705.326 
481 1864 1056 13679.388 1713.676 
392 2005 1043 13733.722 1721.603 
467 1959 1156 13805.022 1727.999 
487 1845 1072 13665.974 1709.492 
487 1847 1070 13663.198 1711.479 
476 1944 1161 13811.234 1728.962 
474 1946 1164 13812.138 1728.35 
492 1842 1066 13663.147 1711.751 
483 1835 1077 13652.413 1710.545 
482 1837 1077 13654.271 1711.33 
467 1957 1159 13808.019 1728.864 
472 1951 1166 13817.241 1729.106 
483 1862 1059 13661.346 1711.857 
483 1860 1058 13661.88 1712.556 
482 1857 1052 13672.69 1712.643 
482 1856 1053 13670.923 1712.374 
486 1852 1067 13664.173 1711.539 
502 1817 1067 13638.649 1707.504 
482 1858 1068 13665.052 1711.554 
479 1835 1082 13646.569 1707.955 
480 1834 1083 13647.168 1708.046 
480 1862 1053 13675.854 1713.932 
470 1953 1165 13816.201 1728.972 
471 1952 1165 13815.213 1728.85 
440 1989 1119 13796.047 1726.008 
498 1820 1077 13647.254 1709.101 
497 1821 1077 13647.224 1709.096 
487 1852 1066 13662.794 1712.046 
493 1841 1062 13663.092 1711.461 
493 1841 1063 13663.012 1711.449 
369 2035 1034 13755.338 1726.044 
494 1828 1079 13653.662 1708.269 
478 1865 1046 13672.225 1713.861 
481 1864 1061 13672.131 1714.067 
387 2003 1054 13745.157 1723.169 
492 1846 1054 13655.416 1711.766 
482 1860 1065 13658.221 1711.29 
385 2009 1029 13724.391 1719.96 
460 1974 1152 13814.437 1729.459 
462 1969 1153 13811.654 1729.246 
438 1984 1121 13798.953 1725.996 
498 1822 1068 13639.583 1708.135 
485 1860 1052 13669.083 1713.163 
395 2002 1045 13734.525 1722.025 
470 1957 1163 13815.768 1728.615 
490 1850 1064 13657.293 1712.347 
490 1846 1065 13662.306 1711.757 
490 1848 1066 13659.626 1712.121 
468 1955 1160 13809.766 1728.977 
501 1818 1066 13637.813 1707.432 
483 1857 1069 13665.756 1711.676 
481 1861 1054 13675.63 1714.029 
439 1990 1119 13795.849 1725.995 
441 1988 1119 13796.104 1726.131 
487 1852 1067 13662.463 1712.031 
