487 1921 1180 13782.194 1725.515 
473 1977 1159 13836.627 1733.371 
483 1960 1166 13827.843 1736.808 
474 1975 1160 13835.637 1733.307 
492 1959 1154 13828.34 1733.442 
487 1956 1175 13827.68 1737.893 
466 1997 1120 13841.004 1738.126 
422 2012 1064 13801.156 1731.379 
482 1970 1145 13836.497 1734.598 
465 1996 1119 13839.424 1738.234 
485 1958 1174 13833.883 1737.747 
480 1977 1149 13844.789 1736.507 
475 1986 1126 13845.521 1734.764 
469 1988 1133 13847.206 1738.444 
484 1968 1146 13836.243 1735.724 
468 1987 1154 13836.797 1733.647 
484 1964 1149 13854.963 1738.828 
463 1996 1143 13852.987 1738.24 
411 2016 1087 13787.848 1729.254 
478 1955 1180 13841.08 1735.507 
472 1962 1179 13828.001 1733.111 
484 1974 1139 13835.056 1737.134 
473 1977 1157 13836.778 1733.396 
486 1948 1180 13818.326 1736.858 
459 2002 1133 13850.486 1736.98 
488 1968 1152 13849.289 1735.709 
454 2011 1131 13864.014 1741.25 
497 1932 1169 13810.764 1730.494 
497 1937 1150 13803.806 1732.315 
456 1981 1158 13831.839 1736.024 
483 1958 1172 13842.314 1740.24 
478 1980 1148 13846.307 1738.528 
470 1988 1119 13841.319 1737.685 
464 1989 1145 13832.668 1734.602 
493 1954 1175 13840.637 1737.52 
421 2013 1064 13801.089 1731.377 
465 1988 1146 13833.669 1734.603 
464 1982 1158 13838.681 1732.823 
496 1943 1173 13825.04 1734.405 
411 2015 1087 13786.667 1729.298 
496 1947 1144 13831.201 1735.115 
493 1954 1174 13841.224 1737.601 
464 1983 1154 13835.737 1737.531 
481 1953 1182 13821.014 1734.815 
468 1990 1133 13850.917 1738.709 
460 2000 1115 13843.185 1736.776 
469 1989 1132 13848.139 1738.575 
498 1958 1148 13839.647 1733.96 
473 1987 1152 13858.145 1739.064 
479 1979 1142 13852.047 1739.379 
465 1998 1120 13840.969 1737.767 
479 1964 1178 13830.526 1736.922 
465 1992 1137 13836.248 1734.717 
473 1976 1169 13832.327 1737.264 
479 1973 1150 13835.197 1737.243 
502 1925 1148 13809.643 1731.794 
466 1990 1144 13857.066 1739.492 
491 1962 1136 13826.212 1734.984 
483 1965 1148 13855.751 1738.941 
483 1976 1142 13845.665 1737.967 
484 1967 1160 13851.771 1739.916 
479 1973 1141 13857.336 1739.192 
476 1958 1182 13847.447 1736.513 
498 1924 1159 13814.134 1733.026 
456 1994 1126 13844.632 1738.351 
465 1994 1117 13841.838 1736.637 
495 1952 1176 13842.421 1737.753 
488 1957 1135 13815.475 1736.12 
466 1970 1176 13823.499 1734.274 
482 1943 1182 13812.194 1733.461 
480 1968 1173 13834.61 1738.509 
455 1978 1168 13831.418 1734.235 
453 1981 1168 13829.919 1734.771 
479 1971 1143 13841.999 1737.83 
487 1966 1165 13846.336 1738.003 
488 1948 1179 13819.777 1730.611 
461 2000 1107 13830.551 1737.724 
