468 1913 1122 13776.154 1723.298 
420 1991 1121 13798.393 1730.368 
467 1899 1107 13759.995 1724.132 
441 1955 1105 13815.358 1733.443 
439 1944 1137 13790.379 1725.563 
443 1941 1132 13779.095 1723.715 
416 1994 1097 13803.632 1727.707 
438 1966 1128 13798.606 1728.726 
448 1938 1105 13775.038 1727.664 
460 1924 1126 13784.795 1725.827 
441 1942 1114 13779.208 1729.865 
374 2024 1055 13738.367 1723.539 
438 1957 1116 13811.422 1727.457 
367 2037 1052 13750.192 1725.14 
419 1982 1119 13823.67 1730.902 
420 1985 1126 13815.729 1730.053 
422 1976 1130 13798.269 1726.948 
445 1959 1097 13800.612 1731.476 
420 1981 1108 13800.577 1730.396 
460 1938 1136 13800.338 1725.597 
423 1982 1103 13792.382 1723.978 
425 1982 1090 13803.805 1727.191 
422 1983 1097 13798.931 1727.634 
428 1973 1090 13802.997 1730.004 
434 1974 1092 13798.457 1726.512 
385 2013 1065 13744.246 1723.443 
378 2017 1076 13743.924 1722.203 
383 2014 1072 13747.779 1722.273 
441 1947 1109 13800.863 1728.411 
358 2040 1053 13742.618 1723.196 
361 2033 1055 13742.011 1722.621 
440 1956 1119 13795.371 1725.525 
433 1969 1109 13795.103 1727.488 
409 2000 1101 13819.25 1729.503 
406 2001 1100 13812.27 1729.039 
433 1987 1090 13796.423 1727.878 
431 1993 1074 13800.664 1727.807 
427 1978 1108 13810.692 1729.532 
422 1982 1112 13809.995 1728.848 
432 1970 1102 13809.01 1728.87 
403 2002 1110 13808.051 1729.303 
429 1971 1121 13794.531 1726.97 
428 1971 1114 13792.393 1728.164 
377 2011 1066 13739.292 1722.578 
380 2015 1071 13737.752 1722.346 
452 1946 1128 13790.408 1726.464 
451 1943 1124 13785.398 1727.104 
433 1967 1109 13805.224 1730.448 
431 1971 1105 13802.184 1728.791 
375 2028 1065 13745.633 1722.774 
433 1956 1115 13801.143 1729.331 
457 1940 1120 13789.307 1724.389 
446 1947 1122 13793.608 1725.815 
446 1952 1119 13794.576 1728.574 
363 2024 1066 13735.907 1723.28 
367 2028 1067 13738.129 1722.153 
415 1998 1117 13823.579 1731.043 
413 1995 1113 13820.413 1731.442 
436 1964 1094 13797.142 1729.975 
458 1933 1119 13790.416 1725.857 
454 1936 1122 13792.013 1726.981 
367 2031 1065 13744.992 1723.398 
426 1978 1123 13805.226 1728.959 
426 1980 1120 13809.023 1731.972 
447 1952 1109 13789.954 1727.842 
447 1947 1112 13788.613 1728.435 
444 1960 1109 13798.938 1728.82 
440 1963 1110 13795.984 1728.337 
444 1940 1113 13800.182 1728.084 
445 1941 1109 13797.659 1729.966 
437 1966 1114 13801.409 1727.843 
437 1961 1113 13800.58 1728.504 
432 1988 1083 13799.238 1728.273 
432 1989 1079 13796.699 1727.081 
435 1960 1107 13796.809 1731.1 
438 1962 1104 13798.174 1730.474 
367 2032 1063 13751.459 1723.707 
416 1986 1106 13809.696 1728.949 
416 1986 1110 13808.43 1728.54 
370 2025 1065 13752.753 1723.682 
471 1889 1107 13748.431 1721.865 
376 2019 1068 13747.366 1723.784 
375 2021 1068 13748.047 1723.858 
380 2019 1060 13745.751 1722.409 
381 2018 1061 13746.964 1722.543 
370 2029 1064 13749.761 1724.211 
371 2028 1065 13750.969 1724.311 
474 1886 1109 13750.954 1722.009 
473 1887 1108 13750.077 1721.825 
466 1930 1141 13797.826 1725.53 
465 1931 1140 13797.66 1725.732 
380 2016 1043 13737.532 1723.761 
380 2015 1044 13736.517 1723.647 
468 1899 1127 13757.474 1720.974 
467 1900 1126 13757.421 1720.968 
455 1939 1136 13790.665 1726.673 
455 1940 1135 13791.616 1726.751 
399 2004 1106 13802.842 1729.664 
400 2003 1106 13802.441 1729.658 
433 1968 1099 13797.638 1729.76 
