587 2572 1472 13759.239 1726.987 
550 2578 1403 13702.93 1714.536 
654 2494 1493 13743.803 1723.655 
516 2622 1403 13705.978 1715.979 
652 2495 1519 13756.16 1726.048 
612 2566 1468 13763.487 1726.603 
623 2549 1460 13768.856 1728.475 
608 2570 1445 13756.032 1725.981 
617 2554 1450 13749.923 1726.632 
613 2556 1458 13759.164 1727.192 
603 2568 1455 13749.592 1724.936 
639 2514 1519 13758.763 1726.728 
651 2510 1471 13745.786 1725.26 
667 2469 1498 13739.831 1724.454 
653 2504 1480 13750.759 1724.803 
615 2554 1479 13750.844 1724.724 
609 2553 1480 13764.96 1725.281 
643 2516 1491 13759.944 1726.737 
645 2507 1486 13755.465 1726.582 
634 2526 1512 13766.587 1727.406 
631 2518 1506 13767.214 1727.309 
555 2576 1440 13715.091 1714.225 
518 2619 1395 13721.437 1715.135 
543 2579 1417 13718.098 1716.102 
637 2515 1508 13750.997 1725.17 
603 2550 1481 13742.809 1723.797 
538 2599 1409 13717.931 1719.344 
629 2529 1481 13744.889 1726.786 
633 2525 1494 13758.21 1728.213 
633 2531 1477 13760.867 1727.939 
600 2559 1469 13747.702 1725.319 
623 2539 1487 13763.716 1729.116 
533 2599 1409 13727.278 1718.186 
645 2508 1499 13753.638 1726.008 
652 2508 1503 13752.527 1726.372 
532 2606 1406 13724.594 1719.602 
548 2582 1437 13716.833 1717.179 
607 2556 1471 13752.164 1724.616 
630 2533 1492 13755.873 1726.416 
542 2588 1436 13709.943 1714.419 
542 2583 1440 13714.063 1714.499 
523 2604 1423 13714.421 1715.797 
626 2531 1481 13758.223 1728.253 
635 2525 1471 13755.546 1725.861 
602 2558 1477 13746.048 1725.44 
604 2557 1478 13752.373 1723.913 
641 2522 1504 13755.457 1726.56 
640 2519 1508 13759.417 1725.14 
641 2506 1510 13752.569 1723.576 
646 2505 1508 13755.043 1725.984 
540 2601 1440 13728.663 1716.692 
541 2596 1443 13726.185 1715.972 
536 2585 1422 13705.402 1717.641 
545 2585 1424 13715.324 1715.566 
541 2585 1424 13711.702 1716.188 
528 2605 1419 13718.229 1716.771 
527 2607 1415 13715.481 1716.161 
525 2611 1413 13723.983 1717.992 
614 2548 1489 13764.492 1726.745 
613 2544 1491 13762.641 1727.043 
638 2525 1477 13750.258 1725.56 
636 2526 1477 13752.579 1727.466 
546 2584 1418 13705.974 1713.585 
546 2584 1420 13706.057 1713.551 
628 2531 1487 13763.369 1727.096 
627 2532 1486 13762.9 1727.078 
535 2600 1402 13723.277 1717.604 
534 2601 1401 13722.913 1717.52 
532 2614 1398 13715.437 1717.457 
533 2613 1399 13715.758 1717.521 
625 2547 1482 13774.653 1728.833 
624 2548 1481 13774.472 1728.658 
659 2479 1497 13742.55 1725.944 
660 2478 1498 13742.472 1725.858 
636 2541 1470 13769.927 1728.387 
616 2543 1499 13754.973 1724.465 
634 2517 1485 13747.921 1727.782 
655 2483 1495 13732.35 1723.092 
618 2552 1472 13769.836 1727.673 
626 2541 1514 13769.297 1727.522 
643 2498 1516 13760.423 1724.89 
535 2599 1426 13723.039 1718.102 
555 2576 1441 13715.058 1714.22 
530 2616 1412 13740.923 1719.358 
599 2573 1458 13759.887 1726.366 
653 2482 1511 13751.156 1724.705 
633 2526 1512 13766.668 1727.417 
630 2536 1478 13757.292 1727.171 
638 2516 1505 13748.512 1725.399 
622 2550 1459 13768.532 1728.457 
