385 1803 973 13445.144 1682.239 
370 1828 945 13495.135 1692.605 
330 1884 951 13479.474 1684.167 
383 1780 972 13429.818 1686.655 
319 1892 961 13495.238 1694.996 
309 1907 892 13469.982 1680.559 
394 1777 968 13425.441 1682.011 
395 1754 924 13406.592 1673.241 
329 1894 933 13519.137 1689.805 
309 1900 894 13479.028 1682.709 
339 1853 987 13486.853 1688.839 
367 1810 995 13477.408 1685.7 
345 1871 947 13506.674 1696.619 
332 1881 946 13480.213 1684.597 
344 1877 948 13495.118 1688.112 
383 1768 974 13423.489 1683.66 
372 1801 969 13467.946 1690.07 
301 1919 901 13493.332 1690.319 
337 1883 935 13486.298 1689.987 
363 1851 917 13469.383 1689.007 
345 1858 989 13506.744 1684.227 
366 1836 938 13492.227 1690.024 
332 1896 939 13481.519 1690.0 
365 1843 949 13466.902 1687.342 
375 1838 973 13451.522 1681.535 
368 1835 946 13480.036 1684.933 
372 1839 943 13478.95 1689.325 
361 1874 975 13517.028 1693.335 
355 1833 1005 13515.04 1694.336 
290 1923 958 13523.436 1692.119 
387 1771 921 13403.054 1683.953 
355 1861 976 13505.886 1691.221 
360 1834 988 13475.785 1690.369 
368 1805 986 13431.489 1681.002 
351 1878 938 13485.322 1692.955 
327 1893 942 13486.702 1686.636 
362 1852 940 13500.191 1686.355 
348 1872 938 13516.414 1694.999 
376 1832 924 13469.064 1685.246 
363 1842 963 13490.975 1691.09 
343 1880 973 13500.744 1689.859 
377 1829 944 13450.451 1683.919 
323 1886 922 13497.226 1690.908 
328 1884 946 13526.313 1696.253 
383 1783 970 13446.963 1682.965 
329 1888 920 13489.662 1690.287 
365 1831 967 13464.194 1684.502 
382 1824 978 13501.63 1689.424 
373 1844 925 13472.048 1685.051 
386 1812 944 13456.823 1684.75 
346 1857 951 13491.834 1696.792 
363 1813 966 13467.682 1690.504 
334 1890 923 13484.102 1685.856 
367 1818 960 13488.349 1691.747 
369 1818 958 13474.23 1690.144 
313 1900 913 13476.319 1687.868 
310 1896 928 13483.818 1690.73 
