529 3125 1519 13459.069 1684.287 
550 3083 1580 13447.074 1685.36 
592 3104 1566 13484.821 1686.69 
615 3010 1594 13442.362 1678.996 
576 3061 1596 13475.659 1689.001 
579 3031 1602 13427.866 1680.168 
568 3073 1569 13453.155 1684.978 
612 2986 1592 13431.407 1682.037 
564 3109 1569 13473.761 1680.631 
548 3080 1576 13447.565 1683.252 
547 3121 1603 13480.878 1688.632 
521 3130 1542 13460.453 1683.715 
561 3066 1595 13454.753 1683.444 
505 3135 1482 13410.917 1680.135 
612 3030 1580 13472.996 1683.969 
575 3069 1588 13441.532 1680.846 
554 3102 1569 13454.079 1683.984 
585 3068 1590 13468.523 1685.659 
574 3080 1573 13452.239 1681.918 
615 2980 1605 13404.437 1674.248 
604 2972 1613 13415.3 1680.405 
617 3031 1562 13470.777 1681.415 
565 3062 1581 13469.099 1686.754 
558 3110 1512 13471.601 1686.208 
620 2989 1597 13434.199 1677.517 
554 3101 1572 13469.225 1685.515 
543 3052 1611 13433.905 1683.478 
566 3082 1618 13443.757 1681.864 
578 3087 1559 13467.232 1689.824 
561 3092 1573 13449.547 1683.772 
505 3160 1488 13449.277 1679.6 
576 3071 1574 13456.378 1682.221 
571 3078 1581 13460.572 1684.027 
568 3089 1499 13468.126 1688.893 
639 3008 1550 13429.969 1679.302 
553 3098 1569 13476.533 1688.031 
562 3120 1540 13486.802 1685.334 
562 3089 1574 13470.886 1687.482 
611 3057 1599 13503.631 1690.505 
533 3124 1513 13446.017 1683.647 
584 3025 1616 13439.154 1682.412 
538 3123 1554 13463.765 1684.76 
619 3024 1575 13448.256 1684.556 
628 3023 1577 13480.833 1687.323 
521 3131 1515 13460.459 1687.232 
632 2939 1560 13395.488 1675.059 
513 3133 1539 13442.491 1681.772 
517 3125 1517 13442.09 1684.482 
552 3108 1518 13464.066 1686.223 
