85 664 292 13485.658 1683.754 
141 591 338 13482.78 1689.884 
142 592 332 13467.05 1692.701 
114 645 334 13634.143 1712.957 
107 640 343 13543.773 1704.484 
135 603 340 13522.746 1692.128 
113 628 347 13512.02 1699.042 
130 625 343 13559.555 1706.875 
97 658 327 13595.525 1718.377 
121 644 316 13544.424 1696.238 
116 635 338 13552.097 1699.082 
140 613 333 13543.168 1702.941 
117 648 327 13610.6 1712.677 
133 621 342 13545.405 1700.697 
133 618 323 13544.68 1704.172 
118 640 297 13492.967 1701.855 
132 625 320 13491.691 1697.707 
97 663 314 13574.309 1702.942 
108 647 338 13606.106 1694.453 
134 601 342 13542.891 1697.645 
146 587 333 13448.92 1688.729 
133 614 333 13549.819 1693.225 
114 647 332 13619.958 1710.121 
104 654 313 13553.589 1707.153 
155 585 341 13520.826 1690.464 
115 640 342 13600.541 1703.379 
143 604 314 13459.156 1693.644 
117 624 356 13549.753 1696.917 
143 600 318 13503.12 1690.754 
129 633 335 13635.576 1711.404 
147 594 330 13536.95 1701.262 
128 614 343 13567.525 1707.171 
113 634 345 13563.916 1700.108 
121 628 345 13569.946 1702.255 
112 657 333 13655.819 1706.92 
130 618 345 13547.571 1711.308 
115 641 328 13553.261 1692.163 
138 600 349 13546.554 1701.527 
125 646 307 13569.118 1693.558 
119 642 310 13558.205 1697.407 
110 638 351 13539.826 1700.665 
127 610 337 13575.056 1711.877 
133 617 320 13565.581 1708.02 
131 596 348 13548.603 1694.759 
139 608 337 13548.486 1697.007 
128 627 349 13573.073 1705.754 
134 605 351 13508.196 1700.845 
123 631 342 13557.716 1699.436 
135 614 312 13504.466 1688.134 
130 639 332 13640.643 1712.563 
134 615 320 13549.405 1688.935 
133 611 334 13554.507 1702.096 
121 616 340 13586.346 1703.26 
126 620 342 13573.562 1701.832 
124 623 348 13579.7 1695.126 
113 650 313 13540.769 1697.96 
