727 3623 1892 13442.163 1678.058 
643 3725 1814 13453.979 1688.289 
666 3688 1875 13459.312 1684.021 
710 3645 1834 13422.912 1683.141 
669 3712 1859 13444.322 1679.265 
665 3706 1892 13461.522 1685.823 
725 3636 1889 13437.318 1684.944 
682 3680 1884 13460.29 1685.854 
711 3611 1896 13416.117 1679.111 
696 3628 1906 13442.833 1678.965 
651 3715 1838 13452.539 1684.812 
722 3579 1899 13426.827 1678.206 
677 3682 1885 13436.026 1683.199 
663 3683 1943 13450.138 1682.715 
666 3705 1882 13438.179 1680.54 
686 3695 1874 13466.891 1688.702 
694 3647 1917 13453.836 1682.476 
642 3744 1894 13468.1 1688.655 
712 3676 1882 13473.019 1681.803 
679 3624 1928 13426.744 1679.925 
697 3605 1906 13419.728 1680.422 
688 3695 1813 13444.938 1681.659 
652 3714 1806 13447.56 1687.845 
673 3695 1904 13446.433 1683.803 
748 3607 1854 13435.27 1685.801 
683 3703 1849 13473.743 1685.054 
616 3746 1830 13439.42 1680.337 
662 3713 1869 13442.511 1682.783 
741 3640 1893 13441.468 1682.966 
667 3720 1835 13447.052 1682.272 
731 3577 1894 13422.316 1682.788 
652 3715 1851 13457.356 1684.764 
692 3683 1888 13446.721 1680.431 
735 3590 1914 13419.813 1682.291 
700 3677 1900 13458.638 1686.168 
681 3706 1874 13451.196 1683.485 
721 3642 1890 13456.626 1683.621 
673 3686 1921 13455.102 1685.395 
664 3735 1861 13474.525 1684.312 
729 3599 1902 13426.541 1677.107 
660 3712 1897 13470.355 1686.311 
696 3669 1828 13455.352 1686.988 
686 3647 1911 13440.263 1682.948 
706 3692 1881 13457.599 1685.811 
700 3657 1876 13472.307 1686.077 
709 3644 1832 13431.546 1681.986 
723 3628 1895 13433.873 1681.966 
708 3615 1874 13441.225 1686.086 
713 3702 1806 13454.327 1683.215 
679 3709 1861 13455.131 1686.615 
676 3694 1842 13481.98 1687.886 
713 3592 1916 13417.631 1674.796 
691 3692 1867 13465.226 1686.82 
703 3580 1918 13418.496 1676.719 
651 3714 1818 13447.99 1688.25 
667 3709 1855 13462.43 1681.04 
713 3651 1884 13448.364 1681.43 
687 3695 1867 13438.24 1678.589 
736 3555 1894 13424.167 1681.579 
667 3707 1819 13454.915 1688.018 
701 3627 1903 13407.63 1676.233 
674 3675 1925 13451.115 1683.832 
662 3715 1932 13441.492 1681.289 
668 3699 1875 13446.581 1681.59 
685 3618 1925 13426.892 1681.468 
702 3646 1859 13447.594 1686.158 
648 3720 1849 13447.042 1684.363 
708 3648 1901 13444.837 1682.435 
677 3671 1890 13461.953 1681.563 
681 3653 1903 13438.729 1681.114 
631 3759 1823 13434.01 1684.423 
659 3719 1867 13458.215 1683.165 
680 3680 1899 13455.577 1687.468 
645 3728 1816 13468.158 1687.887 
639 3762 1797 13453.025 1679.233 
643 3727 1898 13454.277 1680.666 
654 3715 1868 13447.13 1682.796 
