582 3069 1586 13456.048 1683.855 
587 3070 1575 13465.022 1685.166 
623 2998 1635 13451.217 1683.352 
615 3001 1537 13423.751 1682.067 
588 3056 1554 13437.295 1683.946 
542 3149 1555 13509.699 1689.452 
579 3041 1618 13442.713 1684.81 
551 3102 1549 13464.092 1683.269 
543 3077 1594 13442.936 1682.623 
578 3070 1584 13454.249 1680.655 
569 3051 1597 13453.026 1681.553 
576 3069 1575 13466.512 1689.782 
562 3101 1571 13473.951 1688.503 
591 3082 1510 13469.721 1684.33 
565 3120 1565 13474.409 1681.333 
635 2908 1548 13384.157 1675.123 
609 3034 1524 13450.713 1684.482 
526 3098 1578 13460.979 1683.71 
562 3096 1567 13478.669 1688.221 
579 3067 1582 13467.544 1685.928 
547 3067 1601 13450.829 1678.092 
578 3091 1565 13481.482 1686.268 
544 3115 1537 13465.217 1686.728 
552 3102 1537 13444.457 1684.952 
578 3058 1557 13441.792 1687.056 
509 3154 1494 13440.47 1682.238 
616 3004 1522 13421.565 1678.789 
539 3071 1589 13447.753 1684.917 
571 3092 1593 13467.276 1680.495 
590 3061 1612 13478.175 1681.467 
573 3089 1569 13464.63 1682.612 
608 3044 1555 13435.856 1679.07 
606 3033 1608 13443.266 1682.405 
547 3119 1522 13449.713 1682.422 
611 3025 1585 13452.948 1685.144 
582 3051 1584 13457.285 1684.615 
546 3089 1579 13463.258 1686.17 
550 3103 1468 13448.063 1684.111 
543 3080 1588 13428.752 1681.264 
607 3033 1573 13458.767 1685.191 
575 3081 1584 13477.574 1687.506 
556 3109 1541 13449.773 1682.268 
618 2999 1527 13416.908 1679.018 
612 2999 1550 13418.275 1680.302 
594 3016 1616 13442.83 1683.096 
593 3038 1551 13412.275 1682.851 
565 3062 1599 13447.728 1684.717 
608 3039 1529 13468.785 1686.05 
565 3106 1530 13446.772 1685.675 
549 3090 1577 13437.658 1682.189 
581 3057 1592 13454.204 1681.484 
524 3111 1577 13451.661 1680.453 
542 3052 1594 13448.46 1683.196 
577 3099 1558 13459.259 1686.33 
573 3086 1574 13493.407 1685.053 
627 2962 1542 13386.407 1676.463 
607 3071 1575 13467.856 1682.428 
595 3035 1591 13460.784 1687.111 
598 3019 1572 13443.934 1686.595 
579 3076 1570 13468.71 1683.148 
551 3082 1577 13458.998 1682.34 
532 3104 1568 13455.044 1687.47 
628 2953 1507 13380.45 1673.097 
581 3017 1518 13442.964 1687.718 
583 3031 1599 13446.623 1681.561 
568 3072 1571 13439.188 1688.305 
624 2935 1560 13378.585 1672.251 
625 2968 1526 13380.451 1675.541 
590 3043 1563 13459.716 1683.774 
626 2950 1558 13421.498 1681.434 
584 3040 1598 13462.515 1685.296 
