768 4335 2119 13444.072 1682.345 
838 4229 2203 13425.066 1678.408 
745 4356 2141 13439.968 1683.063 
782 4315 2173 13471.671 1687.117 
759 4334 2149 13434.079 1679.257 
795 4321 2169 13461.366 1686.79 
828 4256 2181 13453.962 1682.329 
773 4339 2148 13433.109 1680.113 
724 4329 2164 13415.323 1675.103 
832 4276 2188 13448.84 1683.043 
772 4330 2134 13439.288 1682.469 
816 4267 2176 13448.535 1685.775 
766 4328 2149 13432.044 1677.495 
732 4332 2162 13418.936 1677.183 
799 4310 2131 13442.674 1682.696 
838 4219 2159 13436.867 1681.404 
779 4300 2184 13454.835 1681.614 
749 4356 2156 13455.599 1682.433 
805 4318 2241 13460.844 1679.743 
788 4312 2149 13461.91 1687.421 
829 4243 2224 13460.942 1686.693 
774 4327 2100 13408.034 1682.347 
783 4325 2156 13457.748 1683.241 
838 4233 2199 13436.793 1680.092 
767 4324 2155 13442.701 1683.356 
802 4298 2243 13464.717 1687.061 
761 4313 2196 13447.917 1680.774 
816 4274 2209 13442.318 1682.917 
784 4323 2134 13450.07 1683.495 
802 4300 2182 13462.144 1685.293 
765 4323 2185 13466.824 1685.308 
846 4218 2216 13422.299 1680.38 
785 4299 2189 13477.063 1683.065 
812 4255 2157 13453.668 1684.719 
841 4220 2190 13430.967 1681.502 
821 4249 2154 13428.399 1684.466 
811 4280 2134 13427.937 1678.673 
797 4316 2177 13456.064 1681.937 
777 4302 2180 13423.961 1681.683 
807 4265 2210 13432.414 1679.269 
819 4269 2176 13449.469 1684.039 
845 4218 2152 13423.416 1679.033 
803 4306 2122 13452.734 1682.931 
825 4234 2249 13440.102 1685.497 
856 4172 2253 13439.057 1680.736 
819 4295 2133 13447.025 1682.324 
830 4278 2179 13450.55 1681.795 
811 4282 2117 13458.842 1682.569 
757 4303 2189 13437.221 1682.6 
766 4325 2130 13456.092 1686.237 
835 4259 2223 13443.184 1683.569 
806 4283 2138 13439.64 1679.879 
751 4387 2118 13462.536 1684.112 
825 4262 2207 13451.368 1682.243 
834 4262 2176 13433.118 1679.732 
814 4234 2230 13439.503 1687.539 
767 4359 2121 13460.96 1685.055 
787 4325 2154 13448.422 1686.08 
755 4341 2124 13425.782 1678.749 
855 4190 2160 13425.454 1680.902 
792 4322 2145 13447.81 1685.038 
845 4198 2166 13436.231 1678.69 
795 4319 2177 13452.136 1684.847 
824 4276 2208 13469.361 1683.903 
746 4327 2144 13431.819 1684.142 
772 4322 2171 13448.786 1680.836 
750 4326 2123 13445.215 1684.112 
797 4317 2173 13450.953 1682.57 
