219 1248 642 13512.642 1692.007 
230 1252 633 13495.95 1693.795 
279 1177 641 13473.429 1693.653 
228 1252 656 13487.823 1692.022 
239 1259 618 13504.361 1692.381 
216 1265 621 13522.734 1695.376 
233 1248 636 13513.459 1691.925 
219 1280 599 13529.583 1694.252 
205 1280 607 13478.838 1692.131 
194 1272 645 13484.026 1689.909 
226 1260 621 13515.559 1695.201 
233 1254 651 13508.073 1689.612 
226 1265 623 13513.176 1694.243 
221 1258 648 13528.723 1688.623 
224 1276 621 13544.782 1695.111 
203 1280 622 13479.984 1692.121 
215 1258 654 13527.03 1698.138 
263 1203 615 13450.99 1689.455 
216 1257 640 13517.023 1696.505 
238 1250 636 13482.211 1696.0 
207 1263 648 13476.674 1687.783 
226 1264 624 13480.672 1690.327 
218 1261 636 13514.294 1693.851 
250 1205 660 13423.609 1682.819 
260 1194 656 13489.607 1687.094 
227 1262 613 13517.911 1693.756 
269 1204 612 13438.279 1686.088 
222 1242 663 13438.685 1688.733 
265 1191 620 13457.187 1687.569 
248 1241 666 13502.92 1693.442 
197 1295 615 13498.744 1690.071 
233 1261 625 13514.02 1696.362 
206 1283 584 13510.703 1693.834 
222 1262 634 13523.849 1692.254 
259 1244 657 13543.758 1696.173 
261 1200 644 13456.281 1692.005 
234 1250 650 13496.352 1692.854 
241 1227 664 13506.455 1686.699 
274 1163 653 13426.77 1682.936 
220 1264 629 13484.569 1690.169 
207 1270 633 13489.779 1687.972 
208 1262 646 13504.054 1689.992 
214 1265 627 13508.513 1699.881 
262 1203 606 13472.735 1688.275 
231 1221 671 13481.188 1678.566 
236 1253 632 13524.039 1695.827 
263 1213 645 13454.039 1684.986 
211 1263 644 13512.077 1693.826 
241 1247 651 13556.206 1699.952 
229 1259 639 13521.445 1696.937 
218 1247 664 13450.34 1685.882 
215 1282 603 13521.963 1694.034 
232 1248 651 13501.529 1694.571 
217 1269 634 13515.37 1692.074 
225 1253 640 13490.346 1691.452 
233 1225 669 13475.47 1689.864 
251 1201 661 13458.975 1687.006 
218 1264 642 13514.579 1693.466 
204 1285 638 13474.071 1690.057 
209 1277 607 13480.781 1685.055 
233 1267 644 13526.384 1690.152 
267 1187 675 13476.779 1689.5 
200 1269 626 13472.356 1692.607 
216 1260 628 13526.349 1696.826 
249 1243 661 13536.691 1702.242 
265 1194 624 13457.078 1685.867 
217 1255 638 13499.205 1698.688 
239 1221 669 13454.518 1691.287 
229 1256 654 13530.358 1689.821 
