579 3066 1577 13451.603 1684.446 
564 3085 1609 13457.488 1685.562 
538 3058 1614 13433.735 1677.955 
521 3146 1516 13461.41 1683.411 
582 3062 1589 13455.614 1686.227 
569 3063 1557 13448.315 1689.551 
617 3003 1611 13461.765 1686.894 
618 3000 1563 13436.709 1681.296 
621 2962 1588 13409.474 1678.789 
567 3078 1600 13469.051 1687.625 
581 3098 1550 13458.086 1682.61 
605 3040 1586 13450.526 1688.177 
586 3065 1553 13438.465 1683.707 
596 3039 1569 13451.836 1686.389 
580 3102 1574 13487.074 1689.148 
543 3139 1526 13458.977 1681.311 
558 3113 1539 13460.149 1683.258 
584 3066 1546 13449.216 1686.101 
585 3053 1564 13450.46 1685.138 
558 3105 1521 13438.424 1684.319 
617 3013 1518 13427.696 1679.566 
543 3111 1515 13458.032 1685.641 
575 3081 1587 13472.076 1683.502 
539 3133 1553 13473.904 1690.773 
525 3140 1506 13454.133 1682.59 
569 3100 1580 13470.23 1683.649 
593 3056 1584 13452.248 1683.318 
569 3063 1600 13436.269 1683.546 
633 2951 1560 13397.147 1676.495 
556 3123 1568 13461.526 1685.513 
584 3052 1556 13445.192 1685.264 
597 3040 1556 13469.6 1681.932 
530 3086 1577 13448.969 1684.486 
550 3118 1585 13463.824 1683.682 
572 3056 1598 13460.773 1681.734 
550 3119 1570 13477.885 1684.597 
587 3028 1577 13452.034 1684.386 
573 3104 1561 13484.007 1688.451 
586 3071 1531 13437.003 1678.81 
626 2971 1554 13409.685 1677.782 
579 3043 1605 13454.261 1683.765 
593 3062 1554 13456.519 1685.51 
544 3112 1501 13451.656 1687.036 
622 2935 1561 13404.993 1675.541 
535 3121 1561 13481.068 1687.966 
610 3032 1524 13448.488 1688.726 
509 3139 1518 13465.699 1680.327 
596 3027 1590 13483.852 1682.717 
585 3047 1569 13445.413 1684.673 
588 3051 1600 13441.032 1680.875 
581 3092 1557 13465.897 1683.226 
503 3147 1439 13433.092 1683.607 
621 2946 1542 13393.578 1680.463 
504 3135 1554 13451.518 1684.779 
593 3005 1547 13453.146 1685.557 
610 3048 1561 13445.748 1682.712 
547 3107 1527 13447.392 1686.235 
585 3069 1556 13440.047 1681.996 
603 3037 1606 13469.281 1684.098 
573 3043 1590 13464.246 1681.446 
600 3065 1533 13486.567 1688.819 
582 3059 1560 13456.392 1682.508 
