500 2388 1263 13439.444 1680.321 
489 2404 1287 13443.437 1675.679 
490 2385 1302 13420.863 1681.022 
412 2467 1290 13410.894 1677.592 
480 2465 1280 13472.315 1688.649 
450 2507 1231 13492.225 1686.641 
492 2407 1283 13462.906 1684.407 
484 2431 1279 13468.201 1687.282 
446 2485 1273 13485.08 1685.385 
430 2521 1258 13501.336 1694.728 
383 2531 1238 13450.777 1684.082 
449 2468 1288 13459.064 1683.877 
429 2508 1264 13491.807 1687.715 
474 2455 1268 13482.447 1687.48 
499 2375 1265 13418.116 1678.947 
515 2390 1214 13443.489 1681.103 
480 2470 1267 13475.666 1683.474 
443 2487 1263 13480.455 1687.505 
496 2412 1257 13430.123 1679.123 
434 2509 1238 13475.797 1683.706 
479 2427 1238 13468.351 1688.92 
484 2435 1298 13471.409 1687.095 
474 2450 1303 13486.913 1688.679 
461 2460 1276 13485.422 1693.773 
467 2455 1284 13457.781 1683.267 
475 2427 1263 13474.767 1686.007 
442 2491 1275 13458.577 1679.782 
496 2399 1276 13416.407 1678.706 
499 2402 1251 13416.914 1677.556 
454 2465 1279 13462.359 1689.873 
472 2414 1315 13424.947 1682.239 
462 2460 1290 13471.42 1685.225 
469 2492 1256 13508.68 1691.131 
494 2359 1277 13418.002 1681.748 
499 2393 1285 13420.252 1676.82 
512 2386 1252 13445.685 1679.849 
491 2399 1291 13459.839 1682.979 
515 2316 1244 13359.464 1671.482 
429 2469 1281 13431.999 1678.282 
475 2442 1247 13489.545 1690.268 
496 2404 1239 13414.752 1684.035 
485 2415 1279 13424.333 1680.165 
477 2439 1283 13460.071 1686.585 
431 2503 1252 13464.726 1685.379 
459 2473 1272 13469.267 1683.307 
485 2397 1320 13446.109 1683.161 
504 2387 1241 13425.525 1681.3 
492 2432 1267 13465.851 1684.96 
511 2371 1286 13433.645 1680.139 
483 2424 1255 13475.817 1688.485 
434 2493 1237 13477.484 1692.575 
443 2500 1233 13473.654 1687.854 
513 2383 1241 13434.515 1678.542 
461 2478 1270 13500.893 1688.917 
437 2507 1252 13463.503 1681.589 
493 2448 1240 13482.943 1687.426 
485 2442 1278 13470.459 1683.936 
489 2402 1279 13455.62 1686.35 
495 2423 1237 13447.17 1682.363 
