961 4824 2521 13438.869 1681.076 
972 4853 2505 13442.445 1683.437 
874 4931 2441 13446.343 1683.328 
861 4924 2489 13432.951 1680.681 
901 4924 2452 13457.418 1684.906 
883 4948 2474 13449.602 1681.42 
896 4913 2503 13444.098 1679.084 
863 4954 2426 13430.904 1681.902 
861 4892 2526 13424.001 1681.366 
865 4953 2452 13439.727 1681.706 
941 4844 2548 13430.666 1677.995 
881 4917 2498 13439.212 1680.255 
869 4950 2460 13457.044 1685.008 
892 4928 2401 13432.105 1679.383 
852 4901 2534 13436.752 1678.111 
874 4887 2559 13434.026 1681.81 
942 4875 2486 13435.212 1681.772 
883 4930 2479 13441.465 1679.133 
920 4868 2523 13451.274 1682.915 
848 5014 2445 13457.912 1683.421 
938 4910 2508 13464.803 1686.479 
903 4898 2523 13441.893 1679.714 
865 4921 2436 13444.27 1685.704 
896 4934 2424 13422.888 1678.518 
902 4872 2510 13452.722 1684.468 
928 4830 2539 13420.475 1680.477 
983 4726 2486 13380.267 1670.49 
865 4914 2472 13434.496 1682.675 
859 4925 2486 13451.047 1683.098 
885 4942 2396 13431.81 1681.483 
900 4855 2561 13425.431 1679.165 
853 4953 2436 13442.243 1682.815 
904 4916 2482 13446.526 1681.18 
863 4918 2490 13426.02 1680.405 
870 4943 2413 13417.096 1683.003 
931 4846 2521 13423.924 1679.597 
861 4939 2476 13462.052 1682.781 
870 4941 2452 13453.991 1683.787 
918 4893 2524 13435.064 1681.774 
922 4913 2487 13452.978 1683.934 
845 4927 2483 13425.844 1679.49 
831 5027 2421 13453.615 1682.769 
934 4808 2552 13415.344 1678.154 
881 4926 2471 13439.846 1683.253 
957 4844 2477 13445.12 1683.604 
896 4920 2459 13435.42 1680.321 
925 4922 2457 13454.691 1681.098 
882 4930 2433 13453.928 1684.226 
843 4998 2431 13450.229 1684.796 
872 4919 2482 13450.648 1681.766 
880 4960 2435 13435.312 1681.038 
953 4866 2509 13455.884 1683.218 
941 4842 2526 13440.373 1683.816 
965 4783 2527 13417.523 1677.776 
919 4892 2539 13437.148 1681.191 
809 4960 2447 13411.206 1676.207 
894 4945 2400 13426.37 1679.746 
881 4951 2473 13442.598 1682.269 
896 4912 2457 13442.815 1684.11 
