433 2489 1262 13440.535 1687.612 
454 2483 1220 13455.428 1685.02 
450 2499 1271 13484.072 1684.079 
438 2490 1253 13455.337 1684.125 
445 2487 1249 13455.644 1685.878 
484 2433 1240 13447.895 1687.013 
499 2418 1257 13477.885 1689.516 
471 2438 1198 13435.739 1688.329 
443 2519 1220 13468.662 1685.891 
476 2443 1275 13438.916 1681.122 
443 2480 1272 13465.46 1684.629 
470 2476 1281 13479.884 1689.886 
466 2497 1244 13455.933 1683.247 
444 2486 1261 13478.522 1687.321 
498 2390 1259 13412.586 1675.154 
463 2466 1281 13483.035 1681.78 
450 2510 1196 13475.767 1685.817 
473 2444 1303 13472.388 1687.298 
492 2421 1243 13438.432 1683.058 
471 2467 1239 13479.664 1687.619 
448 2487 1230 13471.055 1687.674 
437 2484 1239 13460.151 1687.981 
469 2458 1266 13463.453 1690.379 
480 2441 1313 13479.933 1687.874 
482 2443 1225 13450.904 1682.723 
488 2414 1274 13464.65 1689.348 
448 2470 1290 13456.575 1685.611 
495 2444 1265 13467.72 1679.711 
458 2474 1198 13461.755 1690.069 
493 2450 1255 13475.476 1680.571 
494 2406 1322 13467.775 1683.878 
437 2489 1273 13465.889 1679.568 
490 2431 1260 13442.899 1684.186 
424 2496 1261 13468.914 1687.591 
448 2516 1221 13493.783 1693.241 
423 2530 1221 13461.143 1685.661 
505 2383 1296 13432.922 1681.33 
500 2400 1214 13421.589 1680.815 
462 2461 1270 13488.248 1685.472 
416 2511 1258 13462.641 1684.634 
454 2497 1216 13471.004 1686.04 
485 2455 1244 13447.953 1679.883 
445 2511 1235 13506.546 1689.775 
405 2533 1255 13457.934 1679.591 
481 2455 1222 13443.958 1681.626 
446 2508 1240 13476.477 1686.768 
429 2505 1248 13482.737 1690.508 
433 2517 1227 13477.288 1687.342 
478 2434 1276 13486.736 1687.101 
481 2451 1263 13470.623 1686.063 
430 2493 1256 13463.331 1686.597 
473 2462 1314 13485.456 1687.076 
467 2461 1237 13490.669 1692.599 
430 2490 1250 13473.381 1685.081 
462 2470 1284 13475.37 1688.707 
522 2387 1255 13444.935 1685.862 
450 2484 1252 13468.989 1686.464 
449 2501 1228 13478.639 1686.594 
445 2494 1222 13485.758 1690.206 
462 2481 1269 13475.988 1686.886 
413 2526 1198 13464.393 1687.53 
477 2445 1272 13461.039 1684.604 
484 2439 1267 13462.298 1683.935 
490 2413 1283 13460.5 1685.634 
422 2501 1271 13469.09 1688.416 
506 2378 1259 13416.036 1681.66 
482 2433 1265 13466.173 1685.313 
495 2386 1271 13427.231 1684.49 
458 2453 1238 13466.038 1690.37 
464 2478 1259 13475.924 1685.628 
487 2427 1294 13475.721 1684.832 
468 2488 1227 13475.168 1683.361 
498 2389 1280 13431.478 1679.988 
