700 3653 1937 13460.774 1685.825 
711 3683 1842 13448.306 1685.504 
669 3693 1861 13466.203 1686.686 
721 3605 1928 13420.607 1681.9 
639 3752 1885 13461.89 1682.362 
656 3710 1801 13451.86 1687.873 
702 3650 1905 13437.718 1684.799 
715 3645 1863 13437.911 1683.605 
665 3703 1856 13461.71 1686.404 
723 3582 1899 13416.777 1679.252 
716 3617 1876 13440.279 1683.289 
686 3660 1887 13426.765 1683.456 
717 3615 1890 13430.786 1676.931 
764 3573 1878 13390.186 1673.396 
686 3668 1878 13447.896 1685.523 
658 3734 1891 13463.606 1687.336 
648 3769 1842 13458.99 1684.743 
661 3716 1831 13449.698 1684.936 
673 3711 1828 13445.583 1680.054 
708 3670 1835 13456.791 1683.25 
738 3615 1875 13427.77 1680.029 
737 3509 1906 13397.621 1676.674 
678 3710 1857 13478.162 1684.723 
657 3738 1803 13466.347 1685.796 
731 3590 1887 13415.31 1678.785 
743 3567 1881 13409.323 1676.216 
700 3677 1862 13468.197 1685.369 
672 3726 1856 13442.303 1683.356 
690 3703 1878 13469.999 1682.655 
659 3709 1857 13448.425 1685.817 
707 3688 1918 13449.335 1682.95 
680 3705 1888 13472.281 1685.986 
717 3637 1866 13423.254 1681.054 
703 3703 1852 13441.214 1679.808 
709 3656 1884 13466.419 1687.103 
675 3722 1812 13453.549 1686.846 
719 3610 1903 13416.245 1675.187 
652 3729 1915 13480.416 1691.337 
718 3590 1891 13432.603 1685.37 
706 3620 1934 13434.089 1678.418 
712 3645 1861 13444.592 1683.686 
727 3630 1875 13446.966 1684.93 
722 3595 1897 13407.906 1675.92 
684 3698 1854 13458.274 1685.528 
671 3686 1878 13461.485 1686.437 
669 3735 1884 13476.604 1684.413 
704 3675 1843 13453.031 1681.139 
620 3735 1870 13452.86 1686.439 
687 3680 1855 13461.486 1683.334 
678 3707 1867 13465.366 1685.511 
662 3751 1891 13486.467 1684.843 
693 3683 1852 13453.596 1685.102 
682 3706 1876 13443.214 1682.365 
685 3691 1890 13465.484 1683.629 
719 3597 1917 13424.306 1680.015 
733 3608 1885 13440.591 1681.807 
715 3612 1888 13437.677 1678.731 
722 3596 1896 13429.375 1680.706 
729 3621 1805 13417.305 1678.849 
691 3689 1882 13461.991 1680.616 
723 3620 1879 13423.596 1680.661 
710 3648 1851 13464.666 1684.419 
709 3610 1908 13413.9 1674.671 
661 3707 1894 13436.879 1679.025 
713 3640 1907 13455.316 1684.754 
682 3659 1849 13451.623 1686.514 
684 3676 1906 13459.787 1686.438 
