222 1262 634 13520.947 1691.884 
251 1236 632 13470.227 1690.28 
214 1289 600 13512.06 1699.03 
251 1237 639 13503.627 1687.84 
258 1207 644 13475.89 1683.671 
254 1197 701 13473.331 1688.206 
237 1237 635 13511.904 1696.898 
241 1259 630 13536.521 1692.447 
259 1194 626 13472.568 1690.176 
216 1273 640 13483.363 1684.875 
197 1269 624 13478.001 1696.437 
257 1206 669 13464.223 1682.653 
261 1242 636 13521.606 1689.472 
210 1279 622 13518.952 1691.498 
246 1214 667 13448.347 1681.07 
229 1269 623 13507.982 1690.794 
226 1244 651 13515.162 1696.189 
251 1210 657 13488.886 1691.906 
217 1256 620 13495.382 1702.602 
247 1257 641 13552.989 1695.817 
231 1260 648 13501.012 1691.169 
278 1205 680 13500.311 1689.761 
257 1224 651 13524.522 1695.718 
197 1285 617 13512.579 1690.706 
248 1242 653 13514.205 1693.12 
260 1197 634 13464.944 1690.78 
257 1184 670 13491.552 1693.522 
246 1254 651 13511.706 1692.264 
227 1251 645 13497.724 1700.051 
244 1257 680 13569.857 1695.616 
258 1218 617 13513.026 1693.254 
248 1207 667 13498.729 1690.006 
249 1239 663 13528.629 1693.198 
219 1256 633 13505.742 1696.199 
235 1260 639 13530.992 1692.965 
219 1274 637 13530.078 1694.684 
230 1251 633 13523.378 1696.681 
253 1232 646 13513.134 1699.47 
216 1275 609 13524.76 1695.765 
233 1248 644 13519.77 1697.199 
246 1249 645 13521.912 1694.711 
215 1275 651 13533.056 1695.733 
222 1278 593 13511.668 1695.716 
248 1224 664 13483.771 1690.393 
232 1241 612 13467.403 1698.296 
216 1274 623 13526.714 1698.314 
215 1278 634 13532.201 1695.398 
246 1215 657 13484.128 1693.509 
216 1264 642 13490.08 1694.444 
229 1253 650 13540.501 1695.62 
228 1253 620 13509.938 1698.309 
199 1291 584 13484.295 1686.483 
208 1281 607 13489.027 1689.97 
