699 3662 1925 13444.752 1679.568 
700 3706 1814 13453.226 1683.011 
693 3692 1840 13472.946 1686.122 
704 3603 1910 13422.004 1680.237 
742 3571 1898 13403.106 1678.873 
719 3627 1866 13437.33 1684.155 
698 3658 1839 13441.092 1686.489 
671 3651 1922 13437.045 1683.016 
689 3691 1878 13451.96 1682.877 
736 3594 1890 13424.549 1676.896 
670 3727 1850 13467.716 1686.993 
711 3677 1901 13465.319 1683.592 
714 3645 1819 13430.137 1683.075 
698 3680 1875 13453.007 1683.881 
667 3689 1854 13455.695 1687.395 
709 3652 1840 13447.834 1685.684 
715 3603 1919 13416.7 1678.326 
678 3694 1874 13457.022 1681.885 
687 3640 1921 13448.292 1681.694 
692 3674 1902 13473.703 1683.931 
714 3606 1873 13435.304 1683.617 
651 3729 1810 13462.234 1688.538 
679 3684 1908 13450.509 1682.487 
724 3616 1855 13413.631 1683.175 
696 3673 1866 13449.642 1687.37 
625 3758 1821 13438.029 1678.913 
686 3637 1889 13451.946 1687.198 
697 3592 1930 13426.97 1681.164 
644 3721 1910 13451.295 1684.714 
708 3653 1874 13443.371 1684.253 
743 3598 1831 13423.946 1680.756 
684 3722 1856 13470.484 1687.315 
711 3629 1867 13447.278 1684.725 
691 3701 1869 13457.906 1684.874 
687 3692 1843 13461.33 1684.482 
663 3713 1883 13464.959 1687.949 
715 3579 1874 13412.807 1683.237 
717 3651 1843 13440.072 1682.366 
647 3736 1786 13450.347 1684.281 
694 3676 1825 13449.223 1684.601 
667 3714 1857 13469.943 1684.224 
732 3578 1934 13431.203 1675.258 
669 3711 1922 13463.824 1685.573 
732 3644 1907 13459.93 1682.795 
667 3633 1935 13409.852 1677.608 
651 3733 1848 13449.934 1683.006 
667 3724 1876 13463.668 1686.525 
671 3691 1892 13461.782 1685.914 
718 3581 1932 13411.95 1674.521 
701 3689 1815 13442.303 1679.026 
628 3735 1858 13448.159 1680.71 
751 3543 1934 13429.347 1679.438 
680 3707 1868 13475.233 1686.512 
714 3654 1852 13437.162 1677.292 
678 3731 1751 13448.003 1681.252 
695 3662 1876 13443.28 1684.281 
653 3735 1837 13471.413 1684.817 
689 3672 1876 13449.692 1685.444 
625 3729 1867 13445.511 1681.613 
727 3597 1927 13434.191 1679.529 
619 3757 1836 13448.073 1685.196 
684 3644 1895 13443.808 1684.658 
675 3731 1865 13462.394 1687.344 
714 3641 1858 13455.182 1687.875 
699 3649 1908 13451.597 1683.544 
677 3660 1897 13445.048 1684.039 
