239 1246 647 13547.131 1701.171 
239 1259 634 13510.047 1694.329 
249 1220 669 13498.909 1688.585 
247 1192 652 13481.814 1692.373 
256 1235 637 13534.676 1699.314 
241 1192 679 13446.003 1681.519 
233 1257 643 13530.206 1694.168 
204 1278 633 13471.944 1686.138 
228 1247 663 13510.762 1690.8 
264 1222 668 13499.512 1691.49 
238 1224 666 13512.682 1692.579 
208 1287 590 13505.634 1687.237 
231 1265 613 13493.661 1684.659 
251 1227 639 13500.265 1693.622 
258 1180 681 13457.632 1685.063 
237 1270 600 13529.395 1696.073 
262 1217 629 13518.087 1693.568 
246 1227 628 13520.184 1699.402 
242 1229 639 13495.843 1698.48 
239 1201 673 13496.687 1689.604 
230 1257 648 13506.002 1690.573 
235 1259 644 13504.373 1688.271 
265 1146 648 13378.27 1672.932 
191 1291 608 13515.472 1688.132 
222 1270 644 13540.031 1698.322 
247 1228 641 13506.692 1699.471 
218 1273 638 13524.147 1695.644 
236 1250 646 13539.691 1695.652 
259 1213 658 13510.163 1689.663 
245 1256 662 13539.635 1696.763 
226 1261 646 13528.157 1698.783 
240 1262 627 13520.168 1693.606 
192 1292 615 13477.279 1682.672 
237 1264 630 13533.219 1698.24 
230 1218 670 13486.349 1686.289 
224 1250 644 13523.52 1699.534 
229 1281 623 13536.284 1696.988 
237 1233 655 13500.02 1696.86 
246 1240 625 13501.029 1691.535 
237 1239 663 13501.708 1692.789 
250 1210 645 13495.168 1695.166 
213 1260 651 13508.209 1694.332 
250 1245 602 13479.744 1684.728 
223 1271 632 13508.744 1690.438 
258 1207 637 13528.195 1697.223 
189 1279 641 13493.513 1692.413 
246 1201 646 13500.705 1692.568 
251 1222 663 13511.103 1691.613 
257 1237 634 13512.674 1693.536 
235 1253 629 13533.312 1698.096 
230 1245 658 13542.913 1696.067 
224 1238 665 13503.56 1693.158 
219 1274 626 13530.728 1694.393 
224 1254 610 13507.014 1701.019 
218 1254 637 13508.619 1698.822 
268 1208 645 13491.273 1689.998 
211 1263 651 13495.008 1693.284 
233 1223 673 13482.454 1685.325 
278 1180 624 13444.617 1683.99 
