713 3665 1871 13464.756 1686.129 
645 3707 1876 13428.599 1681.534 
673 3659 1929 13437.144 1681.579 
618 3753 1838 13440.943 1682.434 
650 3745 1873 13445.054 1680.033 
671 3708 1842 13438.757 1679.398 
611 3764 1817 13455.765 1684.254 
732 3612 1863 13423.031 1682.273 
644 3707 1878 13446.48 1679.514 
715 3636 1892 13423.79 1680.376 
702 3665 1901 13451.79 1684.021 
705 3619 1904 13442.714 1681.484 
676 3697 1833 13443.848 1683.826 
682 3699 1819 13451.314 1682.77 
690 3706 1869 13436.224 1684.571 
736 3611 1876 13430.2 1677.73 
565 3769 1747 13404.363 1677.844 
721 3651 1874 13461.011 1684.95 
704 3663 1908 13458.796 1684.507 
717 3667 1886 13464.265 1684.723 
722 3535 1929 13410.775 1678.627 
653 3742 1811 13445.201 1683.329 
749 3600 1901 13444.226 1685.498 
643 3742 1839 13467.646 1687.565 
642 3736 1845 13476.125 1685.222 
701 3685 1903 13481.5 1686.604 
732 3588 1915 13449.206 1683.527 
679 3717 1823 13452.768 1683.892 
702 3696 1893 13472.918 1686.303 
720 3662 1845 13453.501 1683.189 
685 3693 1875 13472.751 1688.677 
724 3623 1915 13440.556 1680.976 
673 3693 1898 13457.305 1684.405 
636 3762 1819 13455.299 1684.939 
635 3697 1887 13427.895 1681.26 
651 3735 1870 13462.526 1686.727 
715 3632 1863 13442.073 1686.325 
752 3597 1914 13424.748 1680.511 
683 3704 1783 13446.059 1679.594 
687 3691 1874 13487.161 1686.138 
669 3719 1852 13449.918 1683.033 
667 3728 1865 13471.011 1686.398 
655 3729 1873 13455.488 1684.869 
701 3624 1959 13445.295 1685.234 
706 3610 1932 13414.449 1676.954 
728 3601 1859 13440.532 1684.568 
727 3627 1860 13429.706 1681.139 
694 3678 1858 13455.784 1686.687 
631 3762 1820 13452.468 1683.648 
713 3590 1912 13419.857 1682.323 
643 3748 1771 13433.816 1681.464 
664 3704 1870 13450.599 1682.921 
714 3616 1904 13438.111 1682.326 
713 3600 1914 13427.944 1681.002 
586 3768 1830 13446.833 1680.123 
673 3734 1819 13464.785 1685.33 
668 3726 1870 13442.192 1684.469 
693 3638 1921 13436.977 1679.365 
724 3640 1863 13449.086 1682.732 
