775 4322 2116 13455.851 1684.588 
842 4242 2228 13444.401 1681.5 
740 4361 2092 13416.322 1675.78 
821 4290 2216 13462.061 1682.538 
769 4336 2137 13451.781 1685.633 
851 4221 2164 13430.107 1679.566 
768 4336 2184 13443.857 1681.624 
854 4219 2095 13393.315 1674.147 
813 4214 2236 13412.545 1676.765 
725 4357 2130 13437.107 1682.3 
782 4318 2173 13478.459 1686.349 
762 4357 2119 13463.557 1684.971 
808 4285 2140 13438.708 1682.977 
744 4317 2189 13429.819 1677.791 
821 4262 2202 13447.709 1683.17 
802 4305 2186 13449.081 1682.278 
832 4237 2198 13446.337 1684.096 
749 4339 2156 13453.043 1684.597 
736 4340 2178 13450.196 1686.25 
784 4338 2179 13457.955 1684.033 
750 4300 2211 13444.021 1678.497 
747 4331 2179 13460.122 1684.131 
807 4318 2178 13473.19 1688.536 
833 4243 2199 13424.084 1679.17 
843 4187 2167 13421.897 1681.363 
851 4219 2173 13415.836 1680.133 
843 4229 2187 13426.397 1678.908 
833 4248 2170 13430.557 1680.133 
791 4308 2207 13459.995 1686.642 
790 4321 2164 13472.453 1684.357 
788 4344 2175 13457.268 1684.317 
841 4220 2139 13438.288 1681.573 
733 4375 2127 13455.47 1683.19 
834 4207 2223 13437.008 1682.1 
792 4244 2235 13435.543 1680.292 
820 4273 2188 13440.46 1685.163 
804 4278 2212 13452.923 1685.668 
822 4254 2202 13452.786 1685.139 
846 4171 2201 13403.292 1674.157 
813 4280 2233 13460.834 1682.062 
780 4330 2093 13440.293 1684.774 
855 4160 2131 13401.837 1676.1 
737 4399 2070 13471.856 1682.226 
768 4348 2103 13453.384 1684.184 
729 4347 2156 13438.992 1676.103 
809 4275 2133 13430.263 1682.736 
778 4285 2217 13437.201 1682.925 
795 4291 2182 13466.73 1689.499 
807 4246 2208 13449.386 1683.446 
781 4313 2207 13460.938 1684.06 
773 4337 2169 13463.449 1684.637 
827 4263 2163 13444.168 1681.323 
