229 1276 625 13520.122 1693.106 
252 1182 678 13445.835 1686.116 
214 1278 611 13533.503 1695.883 
269 1173 640 13446.96 1677.656 
252 1192 636 13460.229 1697.03 
205 1262 642 13519.472 1694.071 
252 1211 663 13488.313 1696.69 
247 1220 639 13436.716 1694.727 
216 1266 654 13502.711 1690.317 
228 1265 623 13522.335 1693.387 
256 1213 646 13488.971 1692.972 
233 1272 611 13533.382 1700.467 
235 1241 644 13499.471 1694.428 
225 1261 628 13476.092 1686.407 
229 1243 666 13509.056 1692.048 
273 1181 653 13445.857 1685.468 
215 1264 637 13526.583 1693.311 
200 1291 594 13479.993 1691.037 
235 1241 642 13519.054 1698.561 
257 1225 625 13494.244 1689.625 
244 1195 667 13461.254 1684.615 
229 1232 662 13507.376 1697.168 
222 1259 628 13502.333 1694.495 
220 1261 635 13496.391 1690.573 
240 1208 667 13474.941 1686.439 
236 1260 622 13512.628 1687.01 
244 1212 670 13472.057 1681.713 
227 1257 619 13509.383 1696.77 
237 1237 668 13530.784 1696.378 
235 1256 645 13525.234 1690.764 
216 1248 666 13495.914 1690.282 
239 1227 648 13498.393 1697.337 
225 1249 636 13518.425 1694.041 
222 1261 620 13493.61 1694.044 
221 1254 638 13488.126 1691.605 
269 1184 642 13428.673 1684.285 
223 1257 642 13492.924 1688.404 
276 1144 635 13414.764 1674.724 
258 1206 651 13514.538 1692.479 
232 1241 628 13499.668 1699.105 
225 1255 626 13520.5 1695.694 
239 1238 632 13498.353 1697.219 
244 1208 662 13513.307 1694.321 
225 1259 637 13507.415 1692.793 
243 1224 663 13481.71 1685.44 
249 1250 660 13515.973 1694.344 
240 1235 661 13490.032 1686.7 
239 1243 649 13526.625 1693.688 
214 1253 652 13502.455 1692.783 
225 1255 629 13497.013 1696.642 
246 1233 650 13526.656 1695.937 
259 1218 633 13500.541 1695.665 
212 1274 639 13564.004 1702.406 
265 1219 666 13505.581 1691.861 
221 1259 636 13519.4 1697.679 
213 1286 633 13532.786 1701.548 
227 1262 612 13542.181 1694.205 
248 1190 668 13441.447 1687.155 
218 1262 639 13459.572 1689.855 
225 1265 619 13535.614 1686.67 
228 1273 616 13549.151 1692.746 
234 1246 613 13522.972 1696.025 
218 1271 637 13516.182 1691.299 
237 1252 620 13493.247 1694.936 
233 1258 631 13480.078 1685.677 
236 1248 645 13517.659 1688.894 
231 1235 672 13458.69 1684.286 
262 1202 618 13481.862 1692.09 
252 1238 639 13526.039 1691.143 
242 1259 624 13476.005 1687.446 
254 1160 674 13381.776 1674.672 
283 1151 636 13403.682 1678.218 
222 1251 643 13511.43 1695.222 
215 1270 632 13494.996 1694.538 
221 1261 641 13490.577 1691.035 
248 1242 638 13516.124 1695.726 
225 1250 637 13479.018 1696.081 
251 1189 668 13426.26 1678.421 
218 1252 647 13471.283 1686.412 
233 1205 678 13467.969 1690.019 
