117 641 335 13578.635 1702.855 
111 615 345 13532.606 1698.911 
128 617 346 13552.915 1696.003 
115 646 321 13584.568 1705.2 
143 603 338 13544.796 1699.072 
106 640 341 13589.125 1701.427 
120 636 334 13576.271 1699.499 
109 651 309 13556.613 1707.536 
133 611 346 13521.996 1695.629 
114 640 339 13612.742 1714.904 
120 626 332 13570.762 1705.125 
132 590 350 13463.105 1694.723 
117 628 334 13573.39 1705.019 
138 612 337 13516.954 1695.341 
126 624 331 13572.436 1703.929 
115 634 339 13547.818 1702.524 
121 628 336 13540.813 1700.905 
108 657 294 13587.32 1701.926 
139 600 337 13526.547 1700.051 
112 643 330 13553.698 1700.613 
121 643 323 13598.921 1705.195 
109 642 329 13531.712 1701.775 
147 576 342 13405.483 1680.453 
143 583 341 13489.467 1691.037 
124 629 321 13582.14 1707.755 
112 645 328 13617.369 1702.632 
138 605 335 13556.431 1701.77 
131 634 338 13575.124 1694.889 
102 661 330 13584.676 1710.659 
135 608 340 13560.983 1697.819 
116 639 336 13589.704 1700.401 
111 651 325 13571.789 1689.375 
140 604 317 13472.951 1683.125 
136 622 339 13562.394 1710.752 
117 634 342 13554.15 1696.853 
111 632 336 13575.0 1715.413 
105 656 325 13604.665 1708.745 
133 625 343 13555.616 1702.716 
116 618 344 13522.615 1696.447 
111 641 324 13599.053 1707.937 
128 625 340 13577.758 1691.843 
132 592 344 13509.829 1700.097 
139 614 322 13554.589 1696.221 
118 641 329 13567.64 1702.678 
124 612 349 13518.932 1694.844 
140 593 339 13495.669 1691.311 
122 638 331 13586.464 1708.026 
123 626 332 13521.588 1701.697 
131 594 348 13494.172 1702.235 
135 603 342 13462.318 1679.689 
140 590 345 13491.624 1697.677 
128 635 326 13566.177 1705.805 
107 657 312 13549.215 1699.998 
120 626 340 13533.243 1702.048 
144 586 334 13459.626 1680.781 
116 618 348 13530.967 1690.843 
124 637 328 13569.46 1698.992 
111 635 341 13498.092 1703.95 
139 602 334 13552.304 1694.587 
106 661 320 13569.766 1703.915 
144 600 330 13524.453 1694.549 
116 645 300 13488.566 1699.211 
116 632 337 13561.841 1697.923 
146 575 338 13465.402 1696.306 
129 602 344 13549.22 1703.677 
123 627 341 13570.685 1696.799 
136 626 326 13588.513 1711.814 
137 605 336 13578.001 1707.471 
119 634 336 13569.256 1696.886 
130 615 346 13573.535 1695.016 
134 637 320 13593.364 1716.275 
125 612 325 13589.729 1701.987 
110 646 322 13522.059 1696.047 
125 624 327 13541.882 1704.046 
120 625 345 13579.259 1696.167 
87 669 320 13610.72 1706.627 
