712 3632 1872 13433.923 1679.32 
652 3681 1888 13444.262 1687.53 
669 3727 1868 13475.595 1683.597 
730 3593 1909 13425.707 1679.972 
711 3635 1863 13435.104 1684.526 
699 3668 1930 13452.458 1680.422 
705 3649 1868 13457.809 1682.657 
735 3576 1867 13423.431 1680.579 
657 3718 1796 13434.441 1686.016 
721 3648 1850 13450.689 1684.997 
677 3711 1884 13448.554 1681.542 
653 3780 1774 13449.628 1686.219 
697 3689 1856 13466.805 1683.858 
696 3670 1854 13454.819 1686.248 
700 3673 1885 13462.914 1682.745 
730 3579 1869 13428.202 1680.936 
662 3706 1873 13457.682 1686.305 
722 3662 1857 13439.642 1683.137 
690 3685 1816 13455.418 1685.795 
728 3615 1847 13422.106 1677.907 
657 3718 1866 13481.106 1684.427 
745 3541 1864 13400.386 1675.363 
652 3723 1826 13455.156 1686.92 
653 3723 1812 13442.219 1684.221 
648 3723 1835 13458.292 1685.883 
702 3680 1867 13454.525 1684.033 
735 3604 1840 13426.867 1675.573 
702 3643 1871 13446.557 1684.162 
658 3692 1909 13454.588 1685.066 
670 3689 1914 13452.031 1686.728 
681 3710 1874 13445.732 1680.611 
694 3672 1904 13447.457 1684.86 
724 3592 1836 13432.722 1683.138 
659 3728 1861 13442.852 1679.507 
655 3712 1865 13447.608 1685.325 
685 3704 1832 13473.586 1687.338 
638 3785 1845 13483.876 1685.694 
743 3580 1882 13423.046 1679.582 
675 3722 1777 13435.412 1682.114 
684 3712 1809 13452.547 1683.096 
702 3660 1865 13455.698 1685.092 
714 3612 1860 13433.136 1683.631 
724 3602 1832 13400.806 1680.302 
646 3730 1837 13434.551 1678.959 
710 3677 1869 13445.206 1680.126 
698 3662 1946 13462.562 1683.764 
651 3728 1817 13460.533 1684.573 
657 3718 1825 13457.927 1685.292 
712 3637 1878 13432.95 1680.404 
674 3680 1902 13443.846 1681.515 
725 3606 1866 13418.79 1678.826 
664 3708 1823 13441.593 1684.457 
678 3702 1893 13457.605 1682.932 
722 3631 1926 13453.927 1683.471 
698 3686 1896 13467.696 1684.11 
712 3641 1864 13434.935 1679.316 
711 3657 1901 13451.776 1681.168 
644 3720 1916 13457.957 1682.801 
702 3681 1881 13423.419 1675.225 
707 3658 1867 13456.933 1684.544 
735 3591 1860 13405.149 1676.782 
687 3706 1883 13461.017 1685.555 
689 3703 1864 13468.496 1686.856 
660 3712 1869 13448.692 1681.732 
638 3726 1869 13446.042 1680.012 
695 3655 1900 13451.697 1684.556 
712 3646 1863 13435.431 1679.783 
697 3643 1834 13435.75 1685.29 
723 3629 1833 13430.347 1679.299 
