266 1188 611 13443.778 1684.748 
235 1249 639 13496.165 1693.95 
186 1289 602 13489.369 1682.459 
189 1282 612 13509.314 1697.679 
211 1269 649 13519.606 1686.05 
207 1252 655 13463.691 1682.611 
195 1281 612 13505.209 1686.213 
192 1292 572 13461.068 1683.876 
232 1261 631 13530.176 1694.422 
242 1240 633 13497.092 1693.885 
269 1198 650 13475.613 1682.356 
234 1255 639 13558.525 1700.88 
225 1231 670 13502.502 1693.751 
247 1236 670 13498.063 1687.969 
253 1217 634 13532.544 1698.542 
233 1238 651 13514.419 1688.199 
216 1266 644 13514.381 1688.833 
239 1253 639 13506.084 1689.486 
232 1258 625 13531.995 1692.627 
235 1229 625 13478.398 1695.301 
224 1256 632 13522.224 1698.349 
272 1190 675 13473.476 1682.03 
242 1236 626 13510.426 1692.391 
241 1228 631 13499.887 1694.78 
233 1227 653 13516.28 1694.06 
246 1262 625 13528.257 1692.049 
245 1240 628 13504.419 1685.402 
230 1235 655 13525.646 1697.128 
262 1205 619 13461.866 1687.699 
248 1219 679 13486.942 1690.401 
208 1286 609 13504.821 1689.791 
206 1280 630 13492.824 1692.608 
261 1232 654 13513.079 1692.134 
259 1217 641 13504.615 1693.78 
229 1275 637 13535.863 1696.928 
234 1263 619 13526.954 1696.913 
201 1276 602 13516.37 1694.481 
234 1237 650 13515.869 1695.485 
266 1188 650 13430.752 1685.019 
252 1206 656 13482.894 1686.866 
265 1188 639 13456.158 1690.298 
235 1253 643 13517.518 1690.635 
211 1270 615 13506.253 1697.049 
236 1251 647 13520.078 1690.6 
236 1224 677 13487.497 1687.856 
239 1246 664 13510.878 1692.991 
218 1268 639 13511.864 1684.898 
230 1266 622 13505.382 1690.808 
229 1262 654 13543.085 1697.912 
232 1261 612 13528.556 1696.637 
253 1231 648 13523.813 1694.679 
213 1277 619 13497.072 1686.119 
210 1232 674 13474.143 1685.328 
254 1201 665 13466.989 1688.636 
238 1251 618 13506.866 1698.626 
235 1233 639 13493.811 1694.334 
245 1237 642 13533.022 1692.121 
268 1182 665 13483.912 1687.094 
218 1257 624 13507.871 1699.715 
256 1214 645 13483.508 1694.634 
231 1240 640 13503.552 1697.468 
208 1277 630 13507.443 1691.33 
236 1243 616 13511.258 1694.95 
251 1226 676 13550.408 1703.475 
235 1254 638 13498.448 1692.853 
236 1232 622 13492.12 1697.663 
223 1255 654 13531.237 1699.045 
208 1275 626 13502.057 1699.047 
264 1198 651 13465.928 1687.627 
250 1247 669 13498.749 1693.471 
243 1246 653 13502.296 1686.69 
