740 3595 1907 13420.773 1678.264 
709 3659 1887 13452.753 1679.63 
709 3646 1873 13453.296 1683.174 
689 3714 1841 13445.033 1681.353 
681 3697 1854 13471.617 1683.145 
659 3698 1902 13453.715 1684.871 
708 3630 1906 13433.558 1683.92 
727 3625 1848 13454.031 1682.147 
665 3691 1897 13458.124 1682.646 
705 3677 1843 13435.749 1677.719 
678 3692 1886 13466.973 1682.256 
662 3692 1889 13449.23 1684.282 
758 3556 1893 13419.805 1679.458 
642 3735 1855 13472.961 1686.153 
701 3678 1900 13472.502 1684.719 
597 3756 1831 13430.584 1679.358 
697 3700 1801 13445.96 1681.794 
663 3673 1903 13435.315 1682.584 
627 3760 1762 13434.04 1679.049 
675 3702 1859 13469.889 1684.607 
658 3738 1860 13445.824 1682.571 
687 3650 1932 13432.678 1680.662 
738 3610 1894 13450.081 1682.173 
682 3699 1852 13461.458 1686.368 
676 3678 1895 13448.462 1684.977 
684 3654 1937 13442.028 1681.746 
647 3745 1873 13454.608 1685.675 
719 3634 1863 13453.89 1681.394 
671 3700 1852 13452.864 1685.159 
669 3730 1888 13484.295 1684.666 
632 3680 1917 13430.974 1682.516 
711 3634 1890 13441.498 1684.143 
689 3655 1929 13445.453 1685.07 
674 3701 1845 13468.366 1686.523 
622 3754 1845 13463.143 1687.194 
721 3642 1854 13436.028 1680.041 
717 3662 1877 13448.344 1680.68 
658 3669 1913 13426.9 1686.364 
709 3597 1929 13426.384 1678.123 
686 3680 1896 13445.713 1683.139 
625 3752 1800 13439.732 1681.147 
668 3702 1879 13476.982 1686.633 
720 3638 1852 13431.935 1681.585 
595 3765 1810 13431.182 1682.565 
703 3672 1849 13447.857 1681.557 
644 3733 1857 13454.65 1686.535 
690 3682 1893 13473.665 1686.758 
667 3731 1857 13459.772 1685.406 
705 3643 1887 13458.243 1685.021 
730 3596 1852 13441.153 1685.154 
670 3693 1813 13429.957 1686.707 
656 3727 1871 13472.079 1686.289 
702 3666 1799 13406.951 1681.561 
682 3685 1879 13439.587 1681.122 
733 3601 1901 13436.28 1678.544 
705 3645 1916 13462.067 1682.815 
718 3658 1903 13450.235 1683.714 
705 3638 1846 13451.694 1687.377 
715 3610 1894 13446.012 1683.769 
702 3661 1856 13428.804 1680.874 
633 3750 1766 13435.353 1678.879 
701 3638 1929 13436.823 1680.688 
692 3684 1885 13464.896 1683.668 
626 3747 1764 13436.951 1681.604 
712 3647 1901 13440.195 1685.142 
746 3649 1843 13447.856 1682.102 
690 3700 1851 13447.676 1682.922 
654 3682 1862 13451.371 1687.812 
723 3618 1874 13441.457 1677.159 
666 3732 1739 13432.519 1681.382 
682 3704 1854 13458.176 1683.714 
666 3697 1894 13451.997 1682.468 
676 3714 1805 13446.283 1683.435 
694 3665 1917 13470.033 1687.084 
729 3637 1875 13434.361 1679.784 
