736 4378 2110 13449.059 1683.089 
821 4246 2209 13432.112 1680.84 
811 4311 2162 13464.959 1682.671 
734 4351 2134 13434.895 1681.784 
808 4219 2111 13423.739 1684.43 
834 4241 2135 13431.429 1682.488 
772 4268 2208 13436.701 1675.561 
758 4332 2140 13421.502 1677.039 
683 4402 2093 13435.921 1683.238 
817 4261 2234 13442.024 1681.456 
810 4284 2186 13452.722 1683.129 
742 4350 2133 13440.049 1682.697 
826 4225 2252 13429.342 1680.939 
811 4299 2181 13451.84 1682.267 
807 4234 2130 13435.742 1684.164 
731 4358 2150 13439.804 1682.184 
734 4351 2135 13440.273 1680.722 
771 4340 2116 13442.483 1683.36 
849 4245 2233 13458.059 1681.401 
743 4349 2152 13458.503 1679.654 
776 4296 2204 13445.599 1682.45 
754 4333 2179 13450.806 1684.775 
833 4254 2157 13444.123 1682.246 
826 4274 2198 13443.94 1682.343 
811 4264 2164 13422.841 1682.413 
796 4301 2181 13448.961 1684.344 
797 4281 2195 13450.906 1683.286 
766 4301 2218 13448.696 1684.142 
819 4252 2173 13446.844 1683.898 
734 4361 2124 13443.074 1681.279 
740 4354 2109 13436.195 1681.672 
765 4337 2130 13442.683 1682.282 
830 4246 2178 13427.702 1681.906 
825 4232 2165 13431.898 1682.371 
754 4337 2136 13444.514 1680.728 
813 4281 2185 13442.724 1681.346 
732 4342 2177 13426.685 1679.058 
821 4242 2174 13438.359 1682.362 
805 4254 2210 13430.831 1682.129 
827 4195 2191 13426.439 1681.969 
758 4332 2088 13445.975 1683.041 
752 4352 2120 13432.842 1680.172 
797 4329 2172 13435.498 1680.615 
820 4278 2162 13421.896 1681.301 
758 4358 2069 13446.621 1683.416 
789 4330 2176 13462.121 1686.485 
799 4352 2111 13454.278 1681.652 
755 4339 2113 13447.178 1679.882 
833 4220 2145 13433.996 1682.822 
745 4343 2174 13472.641 1684.217 
813 4302 2149 13450.973 1682.459 
730 4361 2101 13451.158 1683.968 
739 4386 2100 13454.102 1684.026 
794 4329 2201 13458.022 1687.762 
710 4364 2134 13418.946 1678.115 
862 4177 2175 13427.042 1679.511 
771 4337 2135 13454.531 1681.482 
806 4314 2157 13464.884 1687.369 
835 4270 2121 13432.073 1680.154 
817 4261 2208 13445.611 1684.01 
832 4269 2150 13446.552 1683.947 
820 4235 2169 13427.524 1683.147 
755 4334 2081 13438.874 1683.638 
718 4355 2144 13444.52 1682.409 
841 4216 2208 13433.058 1681.785 
820 4247 2237 13435.706 1680.536 
812 4272 2165 13449.948 1680.989 
783 4312 2177 13466.065 1683.168 
750 4347 2160 13438.743 1683.743 
