503 2430 1283 13473.585 1683.33 
472 2475 1288 13495.524 1688.915 
505 2377 1252 13425.38 1678.827 
454 2493 1240 13464.209 1683.063 
444 2520 1255 13505.647 1695.094 
458 2483 1239 13453.633 1689.932 
466 2480 1260 13508.17 1690.527 
447 2492 1249 13491.212 1691.909 
436 2519 1256 13486.472 1688.599 
505 2370 1213 13422.842 1681.802 
478 2403 1315 13437.27 1685.226 
467 2463 1294 13473.364 1688.128 
483 2448 1258 13457.375 1691.047 
449 2478 1276 13456.987 1684.097 
452 2486 1262 13469.793 1687.56 
482 2470 1228 13469.273 1682.713 
488 2442 1238 13459.204 1689.333 
473 2429 1289 13446.317 1687.242 
423 2503 1270 13492.12 1687.464 
473 2455 1263 13479.11 1680.16 
475 2458 1221 13463.426 1685.755 
445 2490 1273 13491.866 1685.677 
508 2371 1210 13373.85 1672.618 
450 2484 1258 13492.549 1689.31 
503 2388 1292 13441.931 1683.574 
492 2431 1256 13461.467 1684.64 
461 2444 1302 13452.472 1684.71 
493 2428 1279 13481.512 1682.37 
479 2446 1268 13462.15 1688.032 
429 2522 1249 13466.329 1678.7 
466 2448 1301 13453.468 1683.95 
404 2521 1235 13485.895 1688.418 
480 2449 1229 13484.304 1686.064 
468 2440 1231 13469.626 1691.401 
457 2483 1243 13469.812 1691.824 
447 2488 1241 13497.852 1688.057 
453 2468 1300 13459.425 1682.641 
443 2414 1326 13422.513 1680.801 
449 2480 1268 13477.348 1685.426 
505 2347 1253 13375.788 1672.371 
430 2493 1258 13465.09 1690.369 
487 2444 1268 13471.375 1686.09 
477 2449 1212 13450.393 1686.805 
454 2483 1261 13486.526 1688.932 
482 2453 1280 13475.838 1685.75 
498 2408 1287 13449.408 1685.947 
463 2460 1301 13464.449 1682.132 
485 2446 1238 13463.413 1681.059 
462 2492 1229 13474.813 1686.287 
466 2476 1265 13482.982 1683.966 
496 2427 1261 13451.857 1684.705 
446 2493 1220 13459.553 1688.408 
504 2398 1263 13455.385 1685.035 
462 2487 1242 13475.354 1687.596 
486 2424 1299 13477.063 1687.508 
473 2465 1247 13485.51 1689.325 
447 2500 1268 13483.553 1686.277 
395 2532 1211 13478.417 1686.813 
451 2487 1239 13473.875 1690.361 
487 2420 1278 13454.829 1686.543 
496 2441 1205 13465.171 1684.567 
475 2473 1230 13460.982 1682.62 
491 2422 1265 13455.945 1685.087 
450 2461 1271 13484.434 1689.368 
