153 564 320 13420.78 1686.528 
126 624 315 13552.26 1699.078 
131 624 317 13536.217 1687.582 
130 609 340 13545.062 1702.192 
107 636 344 13548.404 1700.919 
138 623 320 13545.541 1701.734 
133 619 336 13556.368 1702.676 
110 649 320 13546.038 1703.634 
120 637 331 13576.542 1702.409 
139 608 336 13543.712 1693.268 
129 617 344 13522.018 1700.236 
85 663 302 13494.087 1689.138 
137 621 327 13554.655 1692.653 
101 649 323 13522.39 1699.792 
147 596 329 13533.876 1694.941 
116 640 322 13543.53 1698.552 
124 618 336 13563.207 1710.681 
109 635 344 13525.367 1691.475 
131 622 349 13551.429 1698.998 
120 610 342 13566.535 1701.345 
111 641 320 13565.713 1708.923 
141 596 322 13522.168 1695.717 
135 618 325 13528.852 1700.901 
149 585 335 13513.226 1700.571 
138 614 338 13544.964 1701.155 
111 644 342 13567.122 1705.787 
154 576 312 13442.972 1696.484 
126 621 353 13555.902 1702.513 
105 653 316 13533.097 1705.486 
125 621 337 13567.384 1700.452 
150 592 335 13518.415 1693.322 
113 640 321 13591.357 1708.763 
106 648 311 13565.021 1710.657 
131 616 314 13541.25 1709.085 
142 604 296 13445.127 1693.694 
125 609 357 13530.223 1696.453 
114 641 317 13582.648 1713.73 
125 635 333 13615.875 1715.244 
89 651 303 13534.125 1700.608 
113 644 327 13598.899 1703.26 
114 645 326 13565.93 1707.593 
132 606 315 13529.058 1703.795 
118 638 326 13627.059 1710.862 
116 639 339 13629.545 1711.421 
135 607 325 13518.761 1703.265 
109 646 331 13569.57 1695.746 
96 649 319 13551.378 1693.889 
139 605 357 13576.289 1703.451 
142 595 341 13525.025 1689.245 
111 628 343 13566.332 1700.908 
117 637 332 13566.218 1702.356 
126 625 344 13534.042 1693.16 
123 639 309 13540.072 1700.747 
132 616 340 13562.792 1699.961 
126 604 350 13542.467 1703.668 
103 651 317 13554.695 1695.945 
119 636 342 13568.953 1700.308 
124 640 310 13552.638 1691.203 
106 647 345 13557.488 1697.958 
120 642 322 13535.46 1693.657 
142 605 338 13536.274 1693.578 
129 630 328 13558.741 1698.438 
141 593 341 13477.41 1701.607 
145 603 333 13553.378 1694.307 
138 617 337 13573.774 1703.088 
127 617 321 13555.216 1708.843 
90 660 301 13530.954 1707.796 
135 605 335 13521.008 1704.913 
110 644 322 13580.052 1703.951 
142 589 352 13462.268 1688.078 
132 615 309 13509.073 1707.163 
90 665 287 13532.081 1700.973 
122 649 317 13630.057 1710.521 
131 622 335 13615.801 1705.756 
