258 1193 655 13481.265 1688.778 
218 1255 657 13494.49 1694.305 
228 1255 627 13531.073 1692.269 
247 1212 661 13477.421 1695.512 
243 1248 633 13547.342 1695.594 
258 1235 627 13503.57 1692.808 
259 1230 629 13509.377 1690.356 
230 1256 620 13519.743 1690.135 
260 1202 650 13503.472 1695.629 
272 1173 647 13456.015 1688.241 
265 1198 668 13495.674 1687.916 
235 1250 643 13515.416 1691.562 
257 1207 650 13499.978 1685.382 
204 1261 650 13513.607 1693.548 
268 1199 659 13481.016 1689.614 
252 1225 657 13512.557 1692.794 
260 1213 642 13475.328 1689.521 
243 1213 661 13477.304 1680.847 
235 1239 662 13497.754 1690.673 
228 1266 614 13532.742 1697.948 
213 1264 619 13486.345 1695.87 
208 1277 604 13514.358 1696.884 
259 1212 639 13496.563 1692.719 
226 1256 642 13533.768 1698.202 
240 1228 659 13502.694 1694.022 
264 1197 643 13478.414 1691.79 
242 1223 667 13463.61 1688.038 
227 1267 611 13493.05 1693.833 
252 1201 656 13469.798 1693.258 
218 1259 642 13499.884 1691.872 
233 1226 663 13500.949 1690.728 
241 1249 644 13539.519 1693.05 
252 1240 647 13510.305 1696.585 
224 1259 631 13528.677 1700.475 
208 1263 615 13506.503 1695.237 
239 1240 642 13523.952 1694.682 
224 1268 607 13541.839 1700.666 
242 1214 667 13488.653 1687.256 
255 1235 652 13542.468 1698.454 
251 1210 681 13475.293 1686.224 
272 1158 663 13425.818 1682.687 
245 1244 631 13524.012 1691.675 
243 1235 653 13479.33 1688.494 
244 1191 667 13431.341 1690.886 
227 1265 639 13531.937 1693.007 
226 1260 633 13509.09 1695.084 
246 1248 618 13516.747 1692.597 
262 1198 645 13507.947 1698.667 
269 1182 644 13424.696 1684.261 
215 1279 629 13510.075 1685.009 
236 1218 684 13492.724 1687.533 
232 1253 645 13509.29 1690.597 
234 1254 629 13540.471 1693.414 
233 1236 615 13477.063 1696.98 
274 1175 653 13431.051 1686.527 
242 1248 658 13523.13 1695.371 
262 1206 643 13473.679 1686.486 
262 1202 656 13461.817 1685.88 
232 1252 623 13534.404 1693.706 
242 1230 674 13524.462 1684.464 
257 1203 652 13476.273 1694.598 
209 1273 638 13529.114 1693.196 
203 1287 624 13524.356 1694.934 
242 1252 617 13519.108 1693.023 
238 1260 670 13504.206 1687.268 
260 1208 661 13455.855 1684.433 
225 1236 644 13491.459 1698.521 
230 1250 644 13509.947 1696.033 
256 1211 649 13470.23 1687.046 
218 1262 636 13498.275 1699.481 
214 1274 658 13536.946 1690.568 
221 1250 644 13515.023 1691.708 
212 1279 656 13513.051 1692.502 
243 1213 658 13462.443 1692.286 
208 1273 605 13493.862 1694.13 
232 1252 676 13550.422 1691.352 
