781 4309 2138 13444.512 1684.28 
823 4237 2178 13429.192 1683.089 
795 4295 2186 13470.398 1687.82 
808 4289 2240 13463.286 1682.112 
836 4240 2154 13422.935 1676.937 
796 4273 2182 13465.221 1684.944 
792 4317 2108 13437.224 1681.489 
826 4242 2165 13413.19 1675.339 
815 4289 2174 13460.639 1682.641 
746 4346 2065 13440.878 1684.524 
745 4333 2121 13436.343 1684.835 
709 4340 2149 13425.126 1678.043 
865 4173 2172 13421.046 1681.517 
758 4359 2142 13446.989 1680.459 
812 4276 2192 13450.341 1680.834 
772 4339 2138 13430.276 1679.632 
806 4236 2205 13445.395 1686.729 
812 4238 2167 13435.917 1682.853 
767 4307 2220 13438.121 1684.905 
802 4267 2121 13446.182 1686.421 
732 4360 2145 13434.779 1679.941 
777 4320 2151 13449.348 1684.615 
757 4330 2154 13450.391 1685.232 
769 4337 2147 13449.188 1680.583 
825 4258 2217 13439.663 1680.887 
829 4239 2163 13430.525 1681.704 
810 4290 2212 13435.525 1678.24 
803 4303 2235 13457.597 1686.392 
839 4242 2148 13420.085 1679.237 
823 4263 2207 13446.563 1678.75 
796 4312 2156 13433.879 1680.124 
768 4327 2202 13462.727 1684.995 
715 4349 2157 13420.731 1678.519 
808 4291 2190 13453.274 1685.814 
723 4339 2144 13427.657 1681.267 
780 4308 2182 13440.729 1682.262 
791 4312 2140 13435.133 1681.4 
832 4286 2147 13447.851 1684.499 
810 4234 2202 13446.539 1682.43 
751 4333 2130 13449.17 1682.002 
849 4191 2192 13424.525 1678.606 
823 4248 2168 13431.813 1683.891 
830 4221 2166 13432.371 1679.458 
746 4348 2143 13451.1 1683.41 
808 4285 2183 13458.775 1682.361 
703 4375 2101 13409.315 1678.285 
808 4212 2199 13432.785 1684.137 
824 4256 2170 13445.441 1680.521 
828 4229 2158 13428.944 1685.484 
883 4100 2170 13380.29 1674.849 
790 4304 2126 13458.703 1678.815 
764 4334 2149 13442.221 1680.547 
838 4230 2181 13425.095 1680.903 
863 4185 2181 13432.937 1680.238 
755 4363 2075 13431.609 1682.844 
773 4334 2196 13438.695 1681.688 
823 4259 2161 13442.381 1682.985 
779 4314 2160 13456.22 1683.143 
728 4372 2136 13444.826 1683.387 
745 4335 2164 13434.864 1680.718 
778 4316 2182 13457.378 1683.249 
824 4260 2150 13445.509 1682.746 
770 4307 2230 13448.093 1679.94 
810 4228 2232 13438.144 1680.871 
847 4220 2234 13451.627 1682.512 
871 4181 2206 13429.934 1680.701 
743 4329 2175 13449.293 1682.881 
823 4231 2193 13448.015 1685.124 
876 4128 2154 13388.734 1674.629 
772 4312 2167 13447.93 1684.485 
759 4330 2183 13452.9 1682.654 
816 4263 2194 13434.877 1679.427 
818 4275 2186 13450.959 1682.435 
864 4130 2200 13426.993 1681.037 
830 4226 2187 13427.83 1676.667 
829 4267 2160 13438.849 1680.762 
750 4308 2152 13456.233 1685.25 
794 4328 2113 13435.97 1681.312 
