235 1226 659 13451.556 1690.739 
249 1215 645 13472.318 1692.74 
249 1232 650 13484.789 1689.633 
218 1268 630 13533.494 1702.163 
227 1263 609 13523.062 1692.744 
234 1224 660 13479.264 1685.051 
222 1260 622 13516.374 1698.282 
247 1233 637 13493.506 1694.894 
239 1248 622 13494.074 1689.071 
251 1222 647 13498.969 1687.933 
244 1204 678 13484.204 1690.168 
233 1222 667 13414.527 1674.819 
230 1229 662 13498.975 1687.182 
216 1232 664 13440.704 1683.582 
251 1230 646 13482.125 1691.947 
238 1253 645 13517.358 1692.39 
226 1256 641 13511.163 1696.896 
229 1211 672 13469.231 1688.784 
232 1233 663 13497.088 1688.187 
246 1199 663 13456.843 1696.077 
244 1246 649 13526.818 1701.139 
270 1159 650 13387.309 1677.342 
234 1262 655 13549.028 1696.143 
249 1212 663 13486.524 1693.218 
221 1272 645 13556.68 1694.847 
264 1210 626 13489.743 1693.497 
253 1225 626 13498.28 1695.088 
223 1264 637 13483.139 1690.899 
212 1255 663 13516.332 1691.793 
234 1244 636 13530.422 1698.639 
218 1282 607 13529.125 1689.164 
237 1239 658 13518.042 1691.57 
259 1212 656 13460.892 1685.355 
226 1266 636 13523.515 1691.354 
244 1215 662 13481.628 1692.677 
225 1265 629 13539.613 1697.71 
212 1285 613 13549.426 1698.415 
245 1231 636 13496.467 1691.889 
224 1241 662 13459.871 1695.488 
270 1183 641 13447.156 1673.827 
250 1254 620 13519.482 1686.417 
239 1235 653 13495.357 1692.111 
240 1251 611 13500.589 1689.645 
237 1257 603 13516.12 1696.541 
253 1240 617 13478.611 1688.458 
237 1251 656 13540.694 1696.812 
215 1244 615 13482.601 1703.022 
230 1244 660 13528.822 1693.73 
248 1230 645 13494.195 1697.768 
235 1256 658 13540.027 1696.7 
251 1234 655 13494.172 1688.657 
257 1207 675 13509.404 1696.007 
244 1264 609 13518.175 1692.223 
242 1218 661 13494.011 1688.341 
226 1235 662 13496.075 1694.235 
237 1217 662 13463.398 1687.792 
268 1209 664 13496.973 1693.55 
230 1239 662 13496.746 1688.048 
273 1152 639 13410.675 1679.326 
233 1226 659 13496.888 1695.646 
261 1203 669 13517.084 1688.678 
256 1228 640 13503.861 1694.893 
208 1291 631 13550.217 1697.91 
280 1201 638 13501.718 1689.87 
251 1225 658 13495.667 1687.446 
228 1247 643 13504.33 1700.08 
249 1221 656 13512.004 1691.067 
243 1231 657 13488.639 1688.805 
242 1234 655 13504.73 1697.159 
233 1231 663 13483.192 1685.313 
232 1268 620 13491.658 1689.11 
243 1220 659 13480.04 1683.695 
258 1225 653 13497.408 1692.215 
247 1229 645 13513.275 1692.01 
225 1280 634 13539.213 1696.942 
263 1221 645 13499.016 1692.293 
246 1218 624 13498.945 1697.334 
218 1251 633 13494.169 1696.967 
251 1229 627 13520.342 1691.543 
