140 612 319 13535.334 1696.257 
127 646 344 13637.91 1716.373 
137 605 337 13490.901 1691.597 
106 655 330 13537.97 1695.033 
99 658 326 13556.404 1697.942 
107 664 316 13634.423 1714.997 
129 614 355 13571.737 1695.437 
128 621 321 13546.296 1707.419 
115 642 346 13612.057 1698.925 
138 596 334 13508.144 1696.251 
138 588 334 13472.289 1702.851 
136 609 338 13527.531 1696.226 
108 648 310 13614.544 1704.409 
158 556 315 13361.358 1666.598 
137 596 346 13484.213 1684.477 
128 636 288 13577.411 1704.209 
141 602 331 13567.124 1699.58 
128 630 325 13554.95 1702.463 
129 626 320 13589.449 1704.701 
138 618 330 13552.5 1703.448 
138 600 336 13445.559 1684.953 
146 590 337 13567.665 1702.611 
140 620 309 13559.813 1692.789 
103 644 340 13597.559 1716.384 
128 625 326 13587.265 1701.484 
137 611 333 13503.672 1697.899 
134 620 353 13573.631 1705.743 
141 607 328 13563.701 1708.733 
141 593 347 13498.207 1691.959 
108 663 323 13580.425 1704.963 
139 596 337 13494.815 1698.525 
143 594 343 13507.333 1690.11 
116 631 357 13571.303 1698.73 
129 626 342 13574.816 1705.952 
127 617 355 13551.435 1695.823 
137 600 335 13520.87 1689.383 
115 617 365 13546.808 1703.728 
129 624 325 13575.509 1703.172 
130 616 350 13586.335 1708.111 
135 593 341 13498.827 1696.617 
136 614 334 13546.312 1697.055 
141 577 350 13489.914 1694.302 
111 653 298 13558.362 1706.333 
116 648 327 13579.772 1709.83 
123 623 347 13558.221 1693.197 
135 604 331 13548.432 1696.047 
