561 3099 1579 13472.062 1680.956 
555 3104 1580 13467.838 1685.759 
534 3106 1557 13461.525 1683.802 
579 3044 1602 13466.024 1685.632 
586 3055 1578 13467.605 1685.133 
570 3092 1551 13457.494 1686.696 
566 3118 1553 13487.858 1689.273 
538 3124 1486 13453.536 1681.963 
580 3089 1557 13467.966 1682.866 
583 3072 1574 13469.55 1683.355 
574 3099 1569 13478.181 1686.307 
573 2997 1613 13412.961 1683.14 
613 3043 1571 13477.149 1687.01 
609 3042 1612 13460.748 1684.916 
522 3129 1559 13461.702 1684.95 
567 3083 1583 13447.041 1684.177 
567 3055 1592 13449.949 1681.997 
576 3050 1571 13449.215 1685.378 
601 3044 1563 13436.459 1679.664 
582 3069 1516 13468.79 1687.536 
574 3095 1524 13467.854 1688.849 
550 3112 1562 13474.864 1682.477 
538 3082 1589 13474.205 1687.559 
636 2999 1593 13436.857 1680.328 
571 3068 1608 13449.848 1683.924 
544 3136 1501 13453.415 1686.014 
611 3017 1608 13454.079 1684.864 
568 3052 1586 13451.752 1681.598 
580 3048 1567 13446.885 1685.829 
568 3048 1599 13443.453 1684.026 
588 3014 1618 13433.673 1681.693 
591 3078 1583 13463.588 1683.76 
538 3062 1612 13426.61 1680.775 
589 3047 1590 13436.439 1681.072 
582 3075 1530 13468.826 1682.312 
569 3103 1561 13467.545 1688.698 
598 3080 1561 13466.759 1687.967 
603 3041 1584 13467.016 1685.029 
534 3121 1516 13453.156 1681.576 
586 3036 1607 13461.938 1684.852 
561 3075 1593 13446.967 1685.253 
581 3044 1595 13449.787 1685.226 
597 3033 1527 13450.79 1688.014 
615 3033 1528 13448.419 1682.147 
547 3106 1568 13451.327 1682.126 
585 3075 1575 13459.891 1683.808 
632 3008 1570 13438.964 1682.802 
526 3142 1483 13448.973 1686.874 
579 3062 1565 13456.613 1688.742 
525 3122 1515 13446.12 1684.149 
559 3062 1599 13454.755 1689.651 
585 3083 1514 13445.039 1682.535 
587 3065 1594 13475.239 1681.133 
597 3046 1573 13456.453 1683.602 
529 3123 1533 13466.948 1683.456 
555 3119 1495 13425.796 1679.417 
577 3090 1570 13467.37 1684.729 
619 2981 1598 13420.626 1680.336 
580 3088 1523 13461.47 1686.778 
563 3082 1595 13457.846 1685.051 
536 3132 1506 13461.475 1679.476 
614 3010 1530 13430.248 1678.958 
580 3080 1585 13468.523 1684.649 
574 3063 1571 13456.817 1687.613 
608 3054 1555 13471.355 1687.877 
587 3049 1586 13459.424 1685.723 
