112 637 336 13577.857 1709.749 
118 643 331 13572.412 1701.131 
150 584 322 13485.375 1685.426 
129 635 341 13591.074 1710.094 
124 636 347 13604.555 1710.765 
143 559 332 13348.862 1670.144 
140 584 339 13434.476 1681.873 
103 661 310 13567.68 1700.816 
138 582 356 13492.154 1686.815 
141 577 345 13433.831 1686.098 
138 593 347 13503.63 1690.257 
126 633 356 13624.005 1710.455 
105 659 324 13571.009 1706.144 
129 626 320 13610.998 1711.004 
151 552 314 13345.329 1677.544 
100 652 324 13588.997 1699.511 
121 636 331 13608.996 1704.826 
123 638 326 13587.706 1706.513 
131 622 324 13571.779 1705.621 
121 633 330 13598.708 1712.226 
110 650 342 13610.088 1701.563 
114 652 326 13573.05 1698.292 
116 642 325 13626.132 1712.199 
142 612 319 13527.97 1701.626 
118 637 335 13641.979 1712.36 
122 639 325 13530.34 1700.989 
138 601 340 13513.236 1700.518 
107 661 304 13593.701 1701.123 
122 640 340 13554.83 1697.803 
94 654 326 13544.299 1697.429 
124 637 335 13595.237 1709.841 
139 605 325 13531.416 1694.324 
113 642 338 13548.84 1695.533 
137 608 349 13553.213 1699.237 
102 650 328 13556.979 1704.092 
142 606 323 13528.71 1689.353 
142 599 326 13487.413 1696.586 
118 633 313 13597.763 1713.085 
140 611 316 13555.065 1696.666 
105 639 331 13544.412 1711.832 
138 589 346 13480.197 1692.232 
112 659 322 13635.1 1706.517 
112 649 306 13569.35 1707.232 
139 617 311 13543.738 1697.427 
103 658 325 13549.11 1698.409 
140 610 332 13543.011 1692.697 
142 582 337 13440.098 1686.956 
114 645 315 13574.231 1716.34 
129 602 353 13547.345 1696.256 
141 592 331 13464.954 1691.363 
146 590 314 13442.169 1685.539 
104 651 308 13578.881 1707.022 
144 598 330 13540.705 1700.242 
142 570 337 13440.45 1681.894 
125 636 325 13594.248 1712.526 
132 623 333 13480.582 1689.492 
120 645 329 13588.339 1698.236 
136 615 343 13608.264 1706.211 
120 642 337 13585.143 1702.844 
117 641 309 13622.712 1711.876 
136 620 352 13590.351 1706.356 
117 636 342 13619.869 1696.494 
