230 1243 665 13496.677 1688.094 
270 1188 626 13427.068 1680.027 
269 1198 630 13453.037 1687.569 
224 1267 616 13504.091 1696.894 
205 1279 641 13488.813 1696.698 
246 1220 665 13500.484 1689.915 
249 1233 615 13510.394 1688.408 
259 1194 673 13475.481 1690.425 
224 1264 627 13509.987 1689.84 
208 1273 627 13483.969 1686.116 
262 1224 656 13534.813 1696.959 
238 1260 658 13536.857 1695.574 
243 1251 651 13517.501 1700.994 
214 1273 602 13536.893 1694.156 
251 1205 665 13461.116 1692.591 
275 1177 657 13462.273 1682.857 
206 1268 641 13504.794 1695.521 
223 1266 635 13566.213 1704.227 
212 1286 603 13541.806 1696.383 
262 1194 663 13496.056 1686.698 
214 1265 640 13493.625 1689.632 
221 1269 626 13495.306 1690.656 
255 1229 653 13488.929 1688.244 
228 1262 622 13531.01 1691.292 
245 1245 664 13543.76 1698.076 
254 1241 658 13519.645 1688.367 
241 1222 670 13474.807 1693.191 
237 1246 654 13520.744 1696.173 
264 1211 671 13489.483 1690.447 
248 1244 646 13536.142 1690.964 
243 1263 623 13486.596 1694.116 
223 1267 618 13522.813 1699.105 
223 1271 620 13503.489 1688.994 
227 1255 639 13526.067 1696.769 
191 1280 631 13476.807 1683.901 
209 1284 620 13509.137 1699.965 
252 1209 661 13505.641 1687.641 
217 1271 631 13466.231 1683.03 
218 1270 613 13522.75 1697.19 
230 1264 585 13511.085 1699.383 
253 1228 646 13511.737 1694.701 
247 1202 676 13431.772 1681.243 
236 1210 675 13484.561 1686.675 
211 1264 639 13495.241 1685.249 
225 1264 602 13464.673 1685.81 
237 1215 672 13446.683 1687.845 
250 1214 626 13472.242 1697.618 
218 1272 628 13512.878 1689.181 
247 1253 649 13518.857 1692.127 
218 1275 620 13528.212 1694.192 
265 1182 638 13452.111 1684.32 
