256 1203 658 13502.519 1691.848 
275 1173 647 13450.201 1686.923 
245 1238 621 13487.728 1695.886 
211 1281 641 13488.576 1692.108 
248 1239 644 13503.682 1693.86 
266 1176 647 13440.655 1689.283 
243 1239 642 13505.987 1694.07 
230 1242 646 13529.654 1697.745 
231 1251 612 13551.769 1700.164 
218 1264 672 13519.192 1692.571 
261 1209 674 13511.614 1684.276 
261 1194 650 13470.621 1685.124 
258 1213 633 13497.233 1692.084 
253 1216 666 13482.158 1688.199 
264 1219 638 13511.188 1691.05 
240 1246 620 13510.971 1692.409 
192 1287 594 13469.34 1693.261 
260 1222 619 13497.51 1693.671 
202 1280 615 13542.088 1699.244 
257 1237 652 13519.743 1690.604 
194 1283 607 13456.255 1686.983 
255 1201 625 13490.763 1694.269 
242 1243 639 13523.301 1697.244 
209 1281 641 13512.643 1697.866 
239 1249 628 13487.675 1690.683 
256 1210 653 13497.878 1688.876 
253 1219 661 13486.658 1693.487 
264 1177 650 13448.059 1681.056 
191 1290 595 13456.236 1683.954 
252 1230 643 13521.959 1695.574 
240 1251 618 13529.089 1690.716 
262 1207 644 13457.402 1687.212 
256 1214 627 13473.051 1692.362 
181 1293 606 13459.169 1682.538 
251 1234 692 13528.102 1699.396 
212 1278 631 13485.581 1684.532 
218 1279 611 13518.861 1698.05 
193 1280 649 13492.865 1686.555 
260 1216 651 13471.876 1683.84 
245 1244 663 13524.47 1691.555 
255 1218 637 13510.051 1691.081 
265 1200 649 13483.259 1693.305 
193 1283 620 13493.132 1690.378 
244 1227 654 13535.182 1694.855 
263 1209 641 13473.014 1688.643 
244 1252 623 13498.458 1690.845 
251 1239 630 13464.03 1682.986 
223 1259 641 13539.186 1698.996 
233 1250 642 13519.192 1697.724 
243 1240 636 13525.505 1691.144 
253 1231 619 13516.422 1694.992 
255 1213 622 13472.568 1693.294 
238 1273 667 13552.69 1697.674 
209 1280 640 13529.958 1696.205 
267 1192 606 13424.352 1679.693 
260 1212 652 13488.868 1691.085 
245 1258 618 13513.091 1697.96 
264 1157 652 13391.685 1675.53 
208 1261 614 13488.967 1701.388 
