661 3665 1890 13442.887 1685.546 
750 3628 1919 13459.178 1684.451 
683 3700 1845 13466.843 1685.481 
714 3629 1891 13450.325 1683.059 
680 3672 1842 13453.283 1686.149 
682 3738 1830 13463.808 1684.667 
691 3691 1848 13442.979 1684.961 
695 3638 1963 13440.286 1678.381 
645 3737 1883 13454.627 1683.611 
675 3716 1860 13461.625 1685.684 
690 3694 1861 13465.209 1685.991 
696 3697 1891 13460.94 1681.716 
693 3711 1897 13477.824 1683.841 
635 3746 1861 13470.709 1686.178 
643 3750 1837 13471.287 1686.225 
664 3747 1901 13451.835 1682.434 
699 3572 1926 13421.489 1677.036 
656 3721 1884 13466.754 1688.046 
596 3752 1742 13413.645 1676.513 
665 3702 1898 13461.376 1684.973 
683 3718 1845 13479.395 1685.053 
679 3709 1818 13449.47 1685.279 
719 3641 1870 13437.289 1683.288 
715 3635 1874 13431.788 1680.258 
659 3731 1854 13471.179 1686.279 
672 3712 1876 13442.096 1686.809 
731 3628 1825 13451.707 1686.669 
669 3747 1847 13468.509 1686.444 
696 3641 1844 13455.835 1685.093 
660 3714 1874 13450.997 1685.74 
686 3714 1819 13439.647 1681.844 
662 3692 1865 13465.394 1685.758 
712 3689 1920 13464.128 1685.009 
655 3707 1906 13459.709 1684.375 
704 3590 1930 13407.066 1678.709 
730 3629 1893 13455.279 1681.729 
752 3567 1871 13413.264 1680.254 
666 3690 1874 13443.996 1684.421 
734 3628 1864 13469.499 1683.445 
724 3617 1843 13434.82 1684.609 
675 3688 1870 13467.164 1686.958 
678 3716 1857 13472.819 1685.999 
645 3750 1782 13441.197 1681.1 
