926 4858 2530 13448.291 1681.497 
951 4848 2461 13429.67 1680.646 
959 4839 2554 13452.561 1680.25 
893 4920 2549 13458.159 1681.744 
912 4862 2530 13437.607 1682.311 
950 4811 2526 13438.994 1683.324 
918 4878 2539 13421.518 1679.498 
927 4943 2529 13478.797 1686.559 
969 4776 2502 13403.674 1681.393 
949 4853 2490 13421.168 1681.274 
934 4884 2524 13432.243 1680.303 
860 4969 2422 13435.907 1682.273 
932 4823 2456 13433.0 1682.753 
941 4818 2455 13426.236 1681.965 
842 4988 2430 13439.358 1682.793 
956 4835 2518 13440.142 1680.597 
908 4949 2445 13450.701 1680.409 
935 4855 2518 13452.667 1682.712 
835 4952 2456 13429.581 1680.586 
891 4945 2454 13433.798 1680.95 
932 4854 2541 13436.252 1681.045 
916 4858 2533 13428.357 1680.673 
946 4885 2498 13449.781 1680.972 
874 4952 2439 13430.247 1678.883 
954 4848 2441 13447.577 1687.736 
833 5007 2431 13445.183 1679.59 
836 4946 2452 13444.395 1682.821 
890 4965 2435 13460.691 1685.103 
842 4950 2437 13438.739 1678.807 
960 4816 2493 13426.697 1679.645 
836 4947 2476 13418.059 1677.678 
950 4837 2469 13425.805 1680.357 
971 4767 2484 13409.147 1677.209 
969 4799 2444 13426.034 1677.752 
858 4983 2408 13443.868 1681.956 
937 4846 2533 13409.971 1679.215 
964 4801 2472 13391.423 1677.898 
972 4757 2453 13406.453 1676.673 
859 4984 2432 13447.66 1681.735 
975 4739 2481 13384.742 1674.835 
