258 1224 645 13529.008 1688.31 
207 1274 625 13481.101 1684.214 
211 1276 608 13516.395 1691.326 
242 1223 617 13489.75 1700.406 
239 1255 640 13527.593 1699.316 
234 1242 676 13483.277 1685.711 
246 1224 649 13499.248 1694.998 
222 1268 631 13512.266 1695.592 
219 1261 634 13491.451 1695.882 
210 1282 619 13526.513 1690.047 
255 1223 652 13498.889 1690.427 
226 1254 647 13496.757 1698.659 
266 1237 650 13521.274 1689.266 
205 1270 640 13489.755 1688.838 
224 1271 646 13496.045 1684.84 
268 1206 681 13541.525 1697.271 
212 1277 618 13503.794 1691.692 
204 1276 624 13500.548 1694.982 
237 1265 627 13538.006 1703.65 
202 1282 652 13509.962 1691.587 
201 1277 590 13479.659 1694.019 
250 1233 644 13532.051 1694.616 
226 1252 609 13547.214 1696.843 
231 1259 644 13462.23 1689.79 
253 1239 670 13517.111 1692.948 
240 1230 648 13494.609 1696.565 
247 1263 624 13533.795 1696.412 
229 1247 642 13504.761 1695.479 
244 1253 664 13566.839 1694.8 
212 1272 628 13539.868 1692.712 
201 1285 613 13533.324 1691.596 
275 1221 673 13592.464 1705.438 
216 1274 621 13550.085 1696.455 
210 1280 614 13510.908 1693.147 
249 1241 647 13554.647 1697.267 
212 1269 616 13534.009 1699.069 
252 1239 634 13502.311 1696.127 
229 1263 640 13532.498 1694.538 
234 1266 632 13523.253 1696.014 
221 1258 667 13492.332 1684.93 
254 1238 643 13564.129 1695.942 
222 1259 665 13525.011 1687.117 
211 1274 619 13559.61 1690.504 
227 1247 663 13535.334 1695.048 
225 1251 635 13530.799 1701.889 
223 1263 662 13554.08 1693.702 
240 1228 623 13507.153 1698.709 
223 1260 642 13516.734 1694.618 
235 1236 673 13537.167 1694.2 
247 1248 656 13542.868 1694.426 
