685 3677 1866 13452.375 1682.404 
703 3646 1884 13443.745 1681.553 
682 3691 1842 13476.303 1685.484 
676 3672 1892 13450.119 1683.905 
734 3541 1885 13389.736 1671.921 
668 3714 1817 13451.602 1685.259 
671 3662 1911 13441.54 1685.031 
728 3642 1912 13462.242 1685.134 
710 3652 1881 13456.688 1682.435 
667 3696 1867 13450.594 1679.79 
701 3683 1864 13456.43 1682.733 
666 3731 1873 13474.384 1685.516 
725 3650 1879 13462.999 1688.233 
639 3706 1817 13465.182 1688.36 
680 3668 1899 13444.109 1685.069 
690 3664 1892 13434.3 1683.057 
725 3573 1922 13428.303 1678.511 
727 3659 1887 13445.706 1681.139 
678 3648 1889 13450.457 1679.337 
699 3686 1827 13464.513 1688.434 
706 3651 1821 13451.47 1685.553 
687 3660 1892 13436.141 1682.194 
691 3684 1834 13457.746 1684.041 
621 3745 1835 13459.657 1687.291 
676 3665 1898 13460.853 1684.822 
636 3741 1801 13442.917 1685.729 
737 3587 1864 13415.643 1678.252 
703 3674 1862 13432.389 1682.776 
709 3668 1828 13425.518 1683.06 
696 3660 1874 13448.109 1684.729 
684 3680 1865 13445.611 1684.419 
693 3687 1854 13453.37 1682.286 
695 3654 1877 13453.367 1680.953 
677 3673 1868 13442.76 1683.393 
676 3701 1855 13462.248 1684.805 
651 3681 1885 13419.983 1678.628 
668 3672 1861 13442.239 1687.459 
687 3695 1859 13463.282 1687.023 
692 3646 1907 13430.714 1682.646 
658 3702 1884 13441.777 1681.06 
660 3631 1934 13435.342 1681.573 
694 3662 1867 13445.109 1683.443 
631 3714 1833 13446.253 1685.958 
683 3722 1878 13448.823 1682.47 
645 3678 1892 13437.493 1682.106 
698 3613 1914 13407.862 1678.526 
688 3670 1856 13466.466 1687.179 
636 3761 1867 13467.73 1683.582 
639 3735 1849 13457.228 1684.269 
668 3696 1859 13430.347 1684.119 
691 3665 1858 13451.937 1682.887 
637 3700 1889 13454.959 1683.337 
706 3667 1846 13447.099 1681.73 
660 3733 1789 13435.397 1677.289 
672 3705 1858 13459.489 1683.066 
745 3612 1851 13432.655 1680.558 
724 3623 1867 13466.294 1687.395 
691 3670 1848 13458.544 1685.79 
621 3753 1844 13453.517 1683.779 
643 3738 1782 13453.254 1681.19 
703 3646 1883 13451.383 1683.257 
695 3639 1927 13433.675 1680.893 
686 3676 1874 13441.723 1682.221 
707 3668 1904 13447.023 1680.582 
680 3635 1880 13430.713 1685.673 
636 3754 1879 13463.267 1683.657 
655 3713 1839 13465.155 1686.752 
682 3625 1902 13438.892 1686.916 
668 3676 1930 13430.924 1677.754 
737 3568 1879 13416.5 1681.798 
687 3656 1918 13439.76 1684.44 
687 3654 1869 13441.46 1685.048 
703 3664 1852 13445.514 1685.853 
683 3663 1886 13438.13 1680.75 
645 3733 1798 13419.779 1679.745 
639 3733 1832 13460.085 1685.292 
658 3720 1875 13470.418 1683.967 
669 3687 1873 13449.923 1682.449 
642 3743 1817 13436.194 1680.815 
739 3623 1827 13425.586 1683.29 
685 3658 1923 13427.239 1682.402 
701 3646 1905 13434.568 1679.836 
733 3636 1868 13456.549 1683.705 
681 3639 1925 13430.576 1681.188 
679 3661 1911 13443.194 1682.914 
688 3671 1873 13439.355 1683.11 
698 3658 1905 13442.15 1684.958 
680 3732 1863 13453.151 1683.932 
644 3732 1882 13463.958 1684.416 
730 3637 1849 13431.085 1678.202 
703 3685 1866 13464.911 1681.059 
695 3666 1855 13426.413 1683.883 
