368 1829 930 13478.234 1692.561 
398 1766 940 13417.132 1677.397 
350 1860 911 13460.346 1690.536 
382 1797 961 13430.229 1683.652 
365 1830 916 13468.011 1691.545 
380 1779 975 13453.482 1677.686 
368 1833 942 13463.821 1693.171 
341 1879 955 13498.899 1692.187 
340 1880 948 13489.49 1683.876 
314 1883 971 13486.974 1689.305 
351 1834 968 13446.141 1687.735 
356 1845 961 13494.927 1687.334 
360 1858 967 13495.049 1685.543 
335 1886 911 13502.111 1690.415 
377 1824 973 13473.19 1687.804 
362 1856 918 13461.189 1688.267 
377 1806 942 13473.086 1689.429 
350 1871 982 13505.714 1690.374 
339 1883 939 13491.818 1683.626 
368 1819 962 13496.56 1692.141 
391 1753 955 13395.495 1675.53 
384 1810 955 13456.194 1681.809 
359 1815 974 13474.673 1687.779 
367 1833 957 13490.882 1687.415 
331 1881 919 13471.041 1689.88 
358 1864 910 13463.054 1690.251 
347 1878 954 13527.272 1694.783 
375 1809 980 13452.67 1682.034 
395 1729 971 13400.706 1676.187 
357 1846 936 13480.077 1687.955 
396 1793 917 13463.632 1683.964 
325 1886 941 13517.064 1698.238 
322 1886 951 13456.407 1681.494 
363 1808 988 13465.593 1688.165 
382 1778 949 13426.09 1685.294 
373 1817 957 13442.428 1688.457 
361 1837 923 13493.243 1693.36 
388 1753 953 13405.961 1678.735 
311 1891 955 13480.482 1689.305 
360 1832 970 13475.588 1688.897 
379 1820 959 13450.141 1680.363 
337 1858 968 13494.832 1695.162 
355 1865 930 13465.355 1686.89 
370 1826 958 13441.961 1686.999 
337 1880 975 13496.913 1688.442 
347 1842 965 13494.552 1693.335 
370 1844 989 13515.847 1686.89 
361 1821 937 13491.68 1691.204 
390 1772 922 13413.406 1677.763 
367 1844 947 13499.548 1688.444 
369 1783 995 13410.01 1677.422 
324 1883 976 13474.31 1689.643 
356 1852 960 13488.526 1689.139 
351 1874 962 13494.983 1687.894 
375 1830 923 13455.153 1686.186 
377 1805 983 13441.962 1681.657 
350 1843 954 13489.662 1693.657 
363 1848 935 13478.522 1690.343 
337 1901 939 13490.983 1689.513 
332 1820 994 13444.863 1686.103 
362 1820 938 13485.845 1693.895 
387 1805 952 13467.106 1682.327 
372 1835 954 13479.072 1684.755 
356 1854 943 13486.207 1685.661 
316 1930 951 13514.898 1688.413 
382 1798 942 13434.974 1684.387 
352 1850 968 13498.893 1684.419 
368 1822 965 13488.627 1688.302 
390 1742 949 13396.221 1678.083 
353 1856 947 13480.942 1687.22 
362 1826 959 13470.207 1689.884 
372 1842 951 13481.291 1690.918 
375 1815 943 13474.39 1690.343 
373 1819 924 13480.101 1684.709 
358 1818 972 13454.912 1687.932 
382 1786 971 13464.305 1682.137 
362 1825 941 13484.769 1688.687 
381 1829 940 13461.177 1687.766 
378 1806 943 13454.721 1686.297 
349 1839 960 13493.692 1694.443 
