626 3700 1882 13446.324 1683.948 
651 3685 1816 13435.733 1686.348 
674 3700 1896 13447.793 1683.347 
654 3738 1823 13457.863 1683.693 
701 3606 1880 13425.556 1683.26 
715 3648 1881 13449.018 1682.695 
655 3727 1855 13443.8 1681.056 
685 3685 1884 13458.926 1686.041 
671 3690 1884 13451.145 1686.332 
702 3665 1842 13471.12 1688.609 
671 3692 1883 13454.697 1683.998 
665 3690 1888 13463.325 1681.579 
712 3658 1877 13435.453 1680.191 
724 3599 1903 13434.731 1677.27 
654 3727 1862 13463.428 1684.684 
683 3714 1824 13463.06 1683.619 
749 3572 1916 13437.106 1683.417 
689 3653 1911 13438.008 1680.77 
699 3637 1880 13427.275 1683.323 
737 3579 1838 13400.83 1676.552 
719 3609 1876 13429.983 1681.603 
715 3596 1893 13413.074 1678.552 
650 3702 1827 13458.471 1687.599 
692 3642 1874 13439.111 1683.715 
662 3684 1918 13471.052 1682.644 
704 3662 1883 13449.513 1681.897 
687 3691 1808 13444.608 1683.993 
688 3651 1904 13465.743 1684.177 
676 3692 1812 13437.454 1685.418 
670 3727 1850 13478.739 1686.092 
691 3656 1879 13434.221 1683.586 
703 3635 1870 13454.717 1683.842 
712 3639 1916 13440.971 1681.679 
625 3733 1853 13458.84 1682.955 
642 3702 1870 13462.809 1682.433 
723 3617 1841 13436.016 1676.433 
701 3676 1862 13448.869 1683.724 
694 3677 1867 13464.865 1682.909 
642 3718 1872 13457.945 1681.921 
683 3639 1895 13449.799 1686.046 
718 3627 1862 13433.565 1679.061 
707 3636 1883 13433.195 1683.092 
676 3690 1882 13466.568 1684.875 
718 3613 1849 13437.823 1681.205 
687 3688 1909 13487.157 1683.145 
720 3665 1845 13453.604 1685.452 
636 3752 1806 13448.091 1682.706 
634 3745 1818 13441.478 1684.634 
606 3761 1778 13444.589 1686.459 
696 3653 1904 13436.455 1680.48 
677 3717 1837 13444.933 1682.862 
718 3591 1864 13430.129 1681.426 
625 3723 1843 13456.525 1686.57 
623 3715 1887 13432.448 1682.576 
683 3689 1868 13461.054 1684.972 
676 3686 1878 13455.097 1685.305 
728 3628 1862 13423.541 1678.967 
679 3706 1924 13449.9 1681.764 
757 3544 1858 13404.808 1679.152 
673 3706 1871 13455.944 1685.031 
700 3620 1850 13438.812 1684.294 
725 3606 1845 13423.943 1679.376 
724 3618 1881 13423.037 1680.92 
624 3746 1852 13431.653 1680.586 
721 3579 1867 13425.127 1681.645 
638 3742 1816 13449.399 1687.976 
720 3603 1851 13429.369 1678.131 
648 3722 1869 13452.189 1683.1 
699 3600 1924 13398.717 1676.013 
651 3680 1911 13440.539 1683.629 
719 3639 1884 13441.337 1678.732 
634 3725 1888 13435.41 1680.096 
671 3685 1890 13447.142 1684.185 
641 3704 1853 13469.724 1684.432 
708 3694 1882 13469.543 1682.877 
733 3603 1858 13414.368 1678.199 
724 3646 1828 13434.794 1681.07 
692 3675 1901 13453.963 1682.003 
657 3725 1861 13462.759 1679.499 
680 3627 1904 13440.941 1685.53 
727 3594 1863 13418.239 1677.377 
654 3728 1865 13458.753 1685.34 
711 3635 1875 13453.639 1683.877 
629 3734 1846 13434.67 1681.853 
717 3630 1872 13451.206 1682.187 
690 3648 1894 13430.135 1682.651 
696 3640 1939 13450.549 1685.259 
638 3707 1875 13442.127 1684.165 
656 3703 1884 13449.066 1683.18 
647 3732 1866 13463.028 1684.663 
656 3696 1866 13460.756 1682.435 
682 3706 1881 13460.658 1684.01 
691 3644 1852 13415.49 1683.768 
