583 3061 1598 13464.945 1684.875 
570 3088 1525 13466.482 1686.142 
605 3052 1557 13444.954 1681.149 
570 3084 1584 13471.675 1685.444 
564 3038 1613 13422.448 1679.303 
608 2986 1570 13425.898 1675.592 
504 3141 1515 13457.651 1684.876 
606 2984 1582 13420.296 1680.106 
597 3066 1526 13460.804 1684.12 
596 3064 1587 13473.776 1687.624 
565 3051 1605 13422.041 1682.874 
618 2961 1572 13389.791 1679.324 
617 3026 1543 13449.486 1684.157 
553 3095 1559 13477.572 1691.532 
556 3075 1612 13487.177 1690.856 
608 2991 1587 13411.223 1679.183 
611 3004 1544 13418.941 1681.873 
597 3026 1578 13456.156 1681.481 
561 3113 1540 13486.124 1687.413 
559 3078 1599 13437.66 1683.321 
607 2940 1600 13392.278 1677.56 
565 3081 1550 13459.747 1687.167 
555 3139 1599 13490.137 1689.529 
604 3026 1591 13436.267 1682.367 
575 3118 1577 13472.781 1685.647 
605 3033 1577 13448.986 1681.936 
604 2959 1611 13411.425 1676.385 
594 3072 1552 13475.756 1686.947 
610 2965 1564 13417.161 1678.643 
630 2940 1575 13411.128 1674.91 
600 3056 1556 13427.505 1679.926 
589 3073 1508 13460.321 1685.831 
575 3043 1612 13435.901 1681.709 
603 3034 1593 13452.238 1685.148 
628 2936 1573 13382.809 1677.379 
576 3084 1560 13452.729 1682.248 
578 3085 1542 13425.15 1677.458 
559 3095 1567 13473.486 1687.437 
625 2973 1541 13406.419 1674.723 
599 3046 1562 13466.539 1687.075 
597 3007 1556 13429.167 1687.278 
585 3066 1570 13478.822 1689.697 
609 2995 1559 13436.875 1680.831 
585 3078 1587 13464.812 1687.505 
601 2980 1600 13420.336 1679.999 
596 3068 1540 13484.61 1686.99 
579 3026 1588 13448.017 1686.041 
631 2968 1538 13396.954 1676.35 
640 2968 1548 13430.038 1676.062 
603 2991 1595 13424.438 1680.781 
551 3103 1601 13471.541 1685.922 
584 3079 1515 13456.455 1684.309 
601 3054 1576 13475.175 1686.646 
566 3104 1589 13483.416 1686.735 
603 3029 1563 13447.335 1685.991 
594 3056 1600 13452.394 1682.842 
602 2999 1599 13433.493 1679.558 
608 3041 1561 13448.237 1684.593 
519 3158 1492 13458.033 1684.76 
590 3004 1616 13428.234 1681.987 
