453 2480 1304 13503.481 1691.259 
426 2486 1289 13490.159 1685.457 
422 2481 1273 13486.289 1689.638 
519 2414 1237 13457.047 1684.6 
457 2442 1285 13446.952 1685.252 
448 2486 1252 13455.578 1689.279 
511 2364 1280 13443.87 1684.697 
488 2445 1220 13472.463 1686.251 
472 2445 1276 13475.656 1687.438 
465 2452 1262 13453.772 1687.826 
405 2541 1222 13492.021 1686.825 
495 2430 1300 13470.598 1687.838 
463 2405 1307 13403.814 1679.416 
521 2375 1285 13441.452 1684.542 
474 2479 1266 13478.462 1685.138 
476 2416 1303 13445.825 1682.824 
455 2488 1229 13481.048 1688.998 
496 2450 1277 13471.569 1689.162 
503 2404 1236 13451.536 1686.309 
485 2462 1261 13512.697 1692.375 
438 2539 1226 13502.11 1689.283 
475 2454 1284 13489.095 1684.242 
482 2416 1303 13463.17 1682.742 
463 2465 1267 13467.048 1687.532 
437 2486 1301 13486.706 1688.163 
458 2485 1259 13464.618 1683.672 
463 2448 1279 13459.023 1685.338 
499 2389 1277 13434.365 1681.973 
463 2461 1277 13472.632 1684.557 
486 2438 1245 13478.49 1685.855 
469 2485 1258 13490.691 1691.116 
419 2501 1288 13469.711 1683.729 
476 2499 1247 13492.208 1687.504 
497 2429 1248 13463.243 1685.098 
505 2408 1271 13444.326 1682.109 
522 2401 1263 13438.651 1682.56 
446 2522 1269 13519.324 1694.077 
457 2480 1278 13483.466 1692.424 
520 2392 1260 13448.684 1680.274 
462 2463 1283 13465.461 1687.487 
449 2493 1248 13472.899 1683.109 
