724 3627 1908 13446.066 1682.74 
742 3632 1846 13429.3 1679.978 
711 3675 1840 13434.916 1680.652 
719 3661 1898 13483.048 1685.324 
703 3664 1855 13447.596 1682.098 
688 3658 1910 13423.629 1681.487 
628 3742 1822 13442.265 1680.67 
696 3675 1860 13462.597 1682.647 
704 3645 1845 13452.301 1685.731 
685 3685 1840 13444.001 1683.703 
652 3738 1832 13475.641 1682.392 
699 3684 1858 13460.531 1686.4 
672 3685 1867 13457.139 1683.465 
701 3604 1915 13433.354 1680.71 
617 3720 1873 13433.87 1679.204 
721 3651 1858 13442.031 1685.054 
645 3740 1818 13433.073 1678.762 
675 3679 1865 13461.947 1685.033 
691 3656 1880 13460.507 1686.543 
711 3609 1926 13426.512 1681.136 
741 3549 1864 13419.314 1682.126 
703 3639 1899 13438.558 1684.469 
688 3662 1887 13446.796 1681.677 
713 3662 1863 13444.072 1683.735 
592 3741 1791 13440.197 1687.811 
678 3675 1880 13425.787 1682.502 
595 3750 1761 13412.482 1679.895 
688 3690 1878 13436.944 1681.981 
640 3716 1859 13439.802 1683.106 
700 3674 1867 13457.026 1681.936 
683 3668 1828 13446.933 1686.478 
674 3704 1858 13443.917 1678.946 
688 3665 1823 13451.854 1687.055 
690 3669 1872 13434.627 1681.673 
683 3700 1835 13460.357 1682.448 
730 3601 1885 13429.544 1681.863 
622 3725 1870 13447.113 1680.861 
672 3699 1840 13464.054 1684.059 
674 3646 1910 13430.122 1683.117 
707 3647 1877 13420.518 1685.39 
700 3676 1836 13464.591 1681.702 
670 3707 1854 13446.173 1681.379 
668 3702 1844 13464.779 1688.189 
669 3715 1877 13457.9 1683.687 
658 3716 1794 13436.768 1684.346 
673 3673 1880 13460.707 1683.016 
689 3682 1836 13468.148 1680.868 
731 3613 1870 13412.935 1677.53 
666 3690 1876 13450.319 1685.263 
673 3707 1811 13433.712 1679.274 
657 3730 1841 13457.396 1685.955 
695 3617 1913 13425.36 1676.82 
691 3687 1863 13435.165 1680.844 
668 3658 1860 13439.643 1685.966 
650 3693 1919 13428.394 1680.106 
651 3696 1886 13460.059 1685.553 
677 3688 1849 13457.511 1685.175 
688 3675 1872 13436.958 1677.05 
650 3711 1825 13468.305 1687.198 
662 3699 1900 13451.588 1686.057 
639 3716 1840 13438.267 1686.587 
735 3604 1910 13428.312 1675.814 
677 3700 1883 13452.796 1685.257 
690 3696 1861 13460.748 1682.717 
695 3664 1877 13455.81 1684.734 
704 3670 1864 13446.321 1680.403 
608 3742 1781 13434.933 1685.284 
671 3706 1875 13450.502 1683.307 
665 3705 1910 13442.569 1684.504 
670 3689 1928 13464.068 1683.761 
687 3643 1911 13447.783 1684.818 
719 3669 1864 13434.014 1680.875 
698 3667 1873 13440.331 1681.635 
687 3664 1903 13439.634 1680.562 
687 3686 1884 13419.516 1678.539 
624 3739 1803 13439.526 1684.476 
731 3580 1854 13413.545 1679.85 
651 3731 1870 13443.479 1681.046 
679 3682 1860 13449.438 1682.738 
671 3693 1854 13457.864 1686.523 
683 3672 1863 13461.472 1678.746 
699 3646 1905 13449.17 1684.875 
661 3717 1853 13462.839 1683.679 
705 3678 1840 13460.148 1685.636 
716 3681 1808 13447.511 1683.288 
661 3712 1866 13446.103 1684.133 
682 3677 1884 13441.987 1681.152 
626 3748 1847 13456.138 1684.164 
650 3713 1798 13457.121 1686.748 
729 3578 1924 13409.846 1678.053 
672 3705 1833 13446.098 1678.671 
747 3598 1870 13422.355 1678.571 
709 3634 1899 13435.642 1681.263 
674 3701 1797 13449.497 1683.206 
674 3684 1866 13449.785 1685.536 
