132 626 333 13562.318 1707.156 
112 652 315 13572.394 1703.675 
128 609 338 13533.855 1704.938 
131 628 327 13555.714 1703.089 
106 650 325 13597.075 1709.261 
102 656 311 13550.175 1698.354 
102 656 307 13573.812 1699.928 
123 630 321 13596.047 1708.067 
117 636 325 13583.428 1709.289 
121 626 336 13538.235 1694.779 
148 595 321 13481.972 1690.408 
144 568 336 13419.458 1685.468 
118 634 342 13607.863 1710.473 
144 613 332 13605.165 1705.382 
102 657 300 13537.592 1694.461 
96 664 318 13602.791 1707.228 
126 615 323 13537.308 1708.048 
120 625 334 13546.432 1702.292 
92 666 304 13545.294 1701.917 
113 621 350 13517.554 1699.566 
138 616 357 13553.315 1703.388 
123 626 335 13534.791 1703.615 
130 608 329 13563.518 1710.472 
115 651 320 13512.303 1706.105 
143 589 334 13502.034 1693.824 
120 638 338 13580.799 1700.933 
99 660 293 13494.861 1687.74 
136 622 328 13564.864 1707.098 
131 620 338 13570.82 1695.098 
111 652 325 13562.702 1705.073 
118 636 319 13534.564 1703.315 
119 635 328 13582.147 1705.202 
140 618 329 13572.913 1697.459 
142 623 337 13556.678 1690.537 
145 582 315 13458.173 1692.899 
130 613 337 13563.211 1703.295 
109 655 315 13572.904 1703.026 
145 583 334 13467.723 1692.485 
97 666 325 13554.931 1691.736 
130 615 338 13576.969 1698.442 
122 631 341 13506.263 1691.246 
148 597 320 13512.927 1689.38 
119 628 342 13563.519 1705.313 
105 653 329 13557.919 1699.622 
125 624 341 13608.575 1707.573 
123 630 334 13533.53 1704.382 
122 627 332 13565.96 1701.227 
122 633 329 13574.562 1700.565 
99 651 320 13593.28 1702.688 
122 634 318 13553.356 1700.138 
134 582 340 13469.006 1704.066 
125 635 306 13557.811 1700.506 
125 634 317 13584.261 1700.694 
124 609 358 13519.677 1692.446 
124 632 317 13583.678 1707.906 
126 612 338 13549.511 1705.762 
121 641 318 13548.835 1699.022 
119 634 337 13596.293 1701.916 
142 604 354 13543.617 1698.734 
160 589 332 13519.71 1692.256 
120 619 343 13553.724 1707.485 
115 633 330 13608.98 1722.085 
116 649 346 13612.18 1714.033 
119 638 345 13594.651 1700.012 
116 650 336 13612.869 1709.051 
128 619 342 13538.438 1698.96 
123 632 312 13572.272 1708.475 
119 639 318 13600.311 1704.537 
124 632 323 13556.361 1694.843 
124 618 350 13568.628 1702.987 
126 630 323 13539.147 1699.234 
124 633 318 13566.072 1700.449 
