372 1372 869 14097.742 1765.916 
349 1389 875 14105.344 1768.059 
375 1355 894 14114.178 1770.754 
362 1381 882 14106.553 1769.448 
374 1357 891 14117.909 1771.588 
373 1371 873 14101.695 1765.886 
371 1366 881 14123.282 1771.0 
355 1380 884 14110.26 1768.757 
355 1388 868 14141.484 1769.97 
372 1370 868 14102.211 1767.325 
386 1335 893 14103.71 1768.632 
348 1388 875 14119.795 1769.705 
344 1393 868 14120.325 1770.811 
371 1359 892 14111.903 1769.679 
348 1390 874 14126.747 1771.672 
357 1368 894 14102.047 1770.413 
379 1358 883 14122.534 1768.896 
353 1385 881 14129.935 1772.61 
356 1387 869 14141.756 1770.017 
366 1366 888 14130.163 1771.628 
346 1395 867 14110.047 1770.167 
368 1363 896 14124.992 1770.342 
363 1379 883 14103.756 1769.04 
378 1347 897 14131.043 1771.417 
381 1336 901 14098.47 1768.805 
357 1375 883 14129.737 1768.87 
363 1387 871 14111.506 1769.072 
380 1357 883 14122.859 1768.924 
371 1366 880 14123.668 1771.078 
364 1386 872 14112.56 1769.213 
366 1365 892 14110.65 1768.786 
354 1381 875 14134.683 1770.781 
366 1371 888 14125.037 1770.632 
364 1369 891 14118.85 1770.641 
297 1406 804 14024.54 1759.323 
296 1407 803 14023.987 1759.222 
353 1380 888 14130.302 1770.224 
384 1354 883 14129.906 1772.186 
387 1324 897 14095.225 1768.07 
370 1367 879 14123.594 1771.065 
357 1386 869 14141.838 1770.022 
357 1385 877 14117.906 1771.342 
356 1386 877 14117.984 1771.349 
374 1363 880 14106.956 1769.198 
358 1372 891 14112.758 1768.581 
382 1348 887 14102.25 1768.267 
376 1352 894 14119.631 1770.87 
361 1382 882 14107.758 1769.555 
345 1396 866 14110.186 1770.2 
358 1384 877 14117.766 1771.327 
386 1325 901 14094.712 1767.889 
345 1392 868 14121.351 1771.013 
388 1323 898 14096.444 1768.221 
352 1388 870 14115.129 1771.058 
344 1395 858 14112.813 1768.774 
362 1374 887 14126.668 1771.535 
382 1335 902 14098.643 1768.825 
386 1337 892 14110.483 1769.825 
380 1350 899 14121.751 1771.778 
361 1385 880 14116.163 1770.627 
365 1379 880 14112.536 1770.396 
347 1391 869 14115.936 1770.11 
381 1351 890 14118.27 1770.445 
363 1390 861 14134.682 1771.238 
375 1353 895 14119.224 1770.775 
361 1386 867 14133.843 1772.604 
357 1377 881 14118.74 1771.613 
373 1359 891 14119.871 1771.604 
371 1377 872 14113.192 1767.85 
368 1381 879 14126.306 1771.064 
373 1357 895 14131.576 1772.558 
374 1362 885 14113.619 1769.285 
371 1365 884 14106.182 1769.946 
343 1393 866 14121.6 1769.899 
371 1377 873 14113.174 1767.849 
371 1363 888 14116.739 1771.046 
363 1373 888 14133.529 1773.17 
355 1383 872 14122.812 1773.197 
365 1367 881 14137.553 1774.403 
374 1359 879 14122.161 1770.26 
373 1367 872 14108.805 1768.957 
364 1383 864 14121.472 1769.193 
370 1368 887 14120.187 1769.503 
