693 3292 1839 13741.413 1722.078 
694 3291 1839 13741.386 1722.072 
639 3295 1773 13703.547 1717.437 
692 3293 1838 13740.978 1722.013 
628 3315 1770 13713.604 1718.406 
716 3266 1853 13745.581 1722.791 
638 3305 1769 13709.919 1718.02 
630 3315 1764 13712.487 1718.426 
762 3257 1902 13786.064 1726.995 
708 3282 1850 13746.102 1723.157 
638 3305 1769 13711.042 1717.863 
764 3256 1903 13787.883 1727.257 
710 3281 1854 13747.043 1722.801 
640 3300 1771 13708.618 1718.148 
636 3310 1772 13714.946 1718.247 
789 3235 1936 13803.063 1729.268 
779 3248 1917 13801.173 1729.211 
810 3200 1930 13789.411 1727.742 
781 3249 1916 13797.365 1728.796 
637 3309 1777 13716.133 1718.885 
781 3248 1920 13799.771 1728.666 
802 3217 1921 13794.29 1728.47 
798 3215 1922 13790.467 1727.734 
801 3211 1934 13796.048 1728.042 
794 3237 1929 13798.004 1728.358 
805 3209 1928 13792.374 1727.422 
759 3263 1898 13791.878 1728.11 
807 3199 1921 13790.363 1727.96 
792 3234 1937 13806.405 1729.661 
782 3250 1925 13796.685 1728.025 
776 3251 1921 13795.508 1728.708 
771 3253 1908 13788.0 1727.257 
762 3259 1901 13793.128 1728.745 
789 3235 1935 13803.063 1729.402 
765 3255 1906 13788.909 1727.418 
707 3289 1853 13753.526 1724.194 
803 3205 1929 13785.048 1726.425 
707 3289 1852 13753.109 1724.25 
714 3280 1857 13749.121 1723.249 
759 3264 1897 13792.692 1728.174 
799 3213 1933 13795.974 1727.983 
803 3203 1932 13788.436 1727.554 
706 3290 1852 13753.129 1724.147 
705 3290 1850 13752.704 1724.192 
692 3291 1840 13739.933 1721.791 
788 3236 1935 13804.281 1729.572 
785 3241 1935 13795.857 1729.137 
792 3230 1940 13798.93 1728.994 
789 3239 1927 13799.065 1728.693 
715 3269 1849 13746.134 1723.418 
692 3294 1839 13740.906 1721.941 
784 3245 1929 13802.086 1730.066 
788 3244 1930 13805.792 1730.208 
781 3236 1939 13790.563 1728.008 
797 3229 1947 13801.796 1729.391 
786 3237 1935 13796.659 1728.621 
762 3254 1905 13790.513 1728.103 
633 3314 1771 13713.623 1718.385 
719 3267 1841 13740.698 1721.93 
714 3280 1859 13749.555 1723.213 
769 3254 1904 13793.281 1728.515 
