484 1988 1187 13897.576 1743.617 
491 1981 1208 13892.946 1736.963 
493 1987 1204 13905.174 1737.989 
507 1906 1217 13854.254 1731.976 
490 1997 1205 13908.076 1740.838 
469 2036 1185 13917.73 1740.526 
477 2017 1222 13929.143 1742.881 
511 1896 1210 13841.429 1730.088 
477 2019 1198 13915.706 1741.367 
449 2046 1194 13912.356 1739.62 
476 2018 1221 13929.34 1742.923 
494 1986 1185 13887.721 1737.754 
471 2027 1201 13917.489 1742.151 
432 2069 1160 13915.687 1738.836 
490 2002 1184 13898.172 1738.993 
482 2018 1174 13910.331 1741.621 
439 2047 1189 13889.481 1736.555 
490 1989 1210 13910.24 1740.743 
437 2060 1166 13897.551 1737.776 
467 2038 1189 13924.525 1743.396 
430 2057 1183 13899.215 1737.721 
511 1895 1211 13840.649 1729.902 
447 2044 1182 13914.459 1741.189 
506 1914 1223 13856.058 1732.134 
508 1905 1217 13854.24 1731.975 
513 1889 1211 13827.021 1727.731 
447 2040 1201 13899.525 1736.325 
495 1981 1191 13879.15 1737.089 
455 2048 1183 13923.204 1740.134 
451 2044 1190 13909.539 1739.236 
487 2012 1175 13905.608 1741.443 
495 1981 1192 13879.404 1737.081 
458 2033 1213 13923.417 1739.589 
483 1992 1194 13897.193 1743.448 
465 2041 1196 13925.595 1743.509 
447 2059 1182 13922.977 1739.64 
480 2016 1181 13913.946 1740.716 
496 1922 1227 13851.82 1732.181 
461 2042 1195 13925.931 1742.61 
439 2060 1159 13905.883 1737.744 
514 1888 1212 13828.089 1727.738 
478 2017 1218 13931.01 1742.454 
480 2013 1214 13928.049 1741.869 
472 2030 1203 13924.564 1741.913 
432 2068 1161 13914.267 1738.511 
489 2010 1217 13931.62 1742.212 
478 2020 1192 13927.98 1742.273 
473 2034 1197 13928.218 1743.525 
439 2056 1187 13909.252 1739.038 
503 1920 1218 13860.439 1731.909 
492 1988 1203 13904.441 1737.801 
489 2011 1181 13906.226 1740.134 
446 2041 1199 13899.435 1736.319 
435 2049 1168 13902.006 1741.636 
450 2045 1179 13914.635 1740.472 
476 2023 1208 13938.87 1744.851 
481 2013 1187 13909.082 1740.444 
431 2072 1178 13919.595 1740.66 
477 2030 1192 13919.082 1740.645 
457 2034 1212 13922.298 1739.459 
479 2015 1218 13929.282 1742.113 
467 2032 1209 13932.355 1742.299 
483 2024 1184 13919.641 1740.263 
469 2027 1203 13932.108 1743.876 
468 2031 1192 13930.828 1743.2 
509 1901 1213 13847.13 1730.598 
450 2045 1192 13911.12 1739.609 
477 2030 1193 13919.019 1740.639 
497 1921 1225 13850.134 1732.121 
501 1906 1225 13835.674 1729.72 
468 2038 1208 13937.117 1743.037 
436 2066 1171 13916.217 1740.161 
