497 1968 1215 13909.249 1744.655 
427 2055 1106 13871.097 1737.48 
481 1993 1219 13932.781 1746.816 
437 2024 1148 13849.543 1735.579 
501 1957 1221 13897.427 1743.024 
474 2018 1203 13934.697 1747.35 
441 2027 1132 13857.04 1738.064 
405 2069 1101 13857.376 1738.333 
471 2012 1219 13931.064 1747.09 
483 2000 1210 13947.887 1749.441 
399 2065 1109 13846.743 1736.401 
471 2012 1221 13929.32 1747.655 
479 2003 1205 13936.609 1747.247 
493 1989 1220 13940.284 1747.779 
478 2005 1213 13932.003 1747.635 
392 2065 1109 13841.745 1737.884 
482 1992 1222 13933.111 1746.865 
425 2051 1121 13873.066 1738.81 
401 2063 1113 13854.196 1736.747 
415 2058 1114 13864.133 1738.02 
499 1964 1219 13908.83 1742.287 
497 1964 1225 13902.98 1744.336 
496 1972 1227 13901.924 1742.91 
434 2031 1138 13872.205 1739.423 
437 2023 1149 13847.869 1735.227 
480 2003 1202 13944.963 1748.389 
479 2011 1204 13939.103 1748.164 
475 2014 1207 13927.774 1746.089 
425 2044 1135 13879.733 1739.648 
392 2073 1106 13851.372 1737.087 
435 2042 1131 13865.46 1738.737 
415 2051 1117 13873.059 1739.537 
472 2005 1227 13926.703 1746.863 
475 2007 1224 13927.834 1746.342 
427 2029 1162 13851.707 1739.033 
433 2034 1144 13854.498 1736.686 
484 1995 1215 13935.229 1745.792 
427 2038 1134 13875.569 1738.926 
415 2063 1111 13869.015 1738.059 
416 2063 1095 13867.67 1739.012 
486 1994 1212 13933.08 1747.449 
476 2004 1220 13917.691 1745.221 
475 1998 1223 13931.635 1747.223 
438 2024 1143 13867.269 1737.87 
395 2046 1134 13824.459 1736.966 
382 2077 1110 13840.565 1736.844 
417 2057 1121 13865.097 1735.282 
418 2056 1122 13865.772 1735.33 
415 2048 1129 13868.889 1737.111 
480 2001 1226 13930.526 1747.611 
480 1995 1220 13934.462 1747.037 
472 2010 1222 13929.102 1747.562 
406 2068 1100 13857.614 1738.388 
486 1994 1212 13932.811 1747.723 
399 2063 1112 13853.37 1738.034 
475 2012 1193 13937.342 1746.198 
492 1978 1228 13921.946 1745.507 
438 2025 1146 13852.503 1735.754 
469 2019 1222 13929.76 1746.994 
470 2017 1207 13926.917 1746.337 
472 2016 1209 13927.227 1745.973 
389 2080 1105 13856.794 1738.381 
491 1979 1229 13921.905 1745.531 
411 2057 1119 13859.873 1736.801 
470 1999 1232 13915.197 1745.453 
486 1978 1226 13924.294 1744.604 
432 2039 1137 13870.466 1738.853 
441 2026 1133 13855.461 1737.835 
484 1995 1229 13924.074 1746.097 
474 2012 1212 13929.697 1745.731 
479 2004 1214 13931.966 1747.63 
503 1961 1213 13905.14 1743.679 
422 2045 1137 13868.401 1738.96 
426 2042 1134 13877.8 1739.449 
431 2034 1140 13856.948 1737.294 
473 2017 1205 13932.844 1747.217 
418 2061 1096 13868.659 1738.348 
466 2018 1216 13930.309 1747.526 
471 2010 1225 13928.024 1747.283 
496 1981 1225 13926.434 1745.601 
437 2036 1136 13866.285 1738.4 
