417 2064 1143 13874.915 1736.375 
460 2048 1196 13943.762 1743.354 
464 2029 1208 13938.528 1741.221 
464 2029 1207 13940.216 1741.61 
472 2031 1205 13938.912 1743.189 
499 1966 1190 13875.585 1735.44 
451 2054 1180 13929.26 1740.583 
465 2031 1207 13938.694 1742.548 
471 2032 1205 13940.297 1743.318 
466 2036 1222 13933.941 1744.637 
434 2060 1164 13906.714 1738.944 
484 2001 1204 13911.945 1741.089 
497 1963 1204 13868.397 1734.72 
496 1964 1204 13868.72 1734.808 
494 1976 1214 13892.417 1737.271 
477 2002 1220 13909.845 1743.476 
476 2023 1228 13929.517 1744.283 
489 1977 1221 13884.747 1735.391 
490 1993 1217 13912.218 1739.929 
480 2018 1224 13918.889 1739.194 
492 1980 1196 13892.759 1738.248 
461 2046 1194 13945.098 1743.447 
461 2047 1198 13944.898 1743.506 
486 1994 1215 13907.233 1738.937 
494 1979 1218 13886.925 1735.014 
462 2045 1196 13941.938 1743.623 
484 2015 1228 13919.829 1740.49 
484 2012 1230 13919.087 1739.758 
473 2029 1227 13931.391 1744.868 
491 1981 1201 13898.028 1739.272 
464 2043 1198 13943.808 1743.624 
486 1983 1218 13883.049 1739.562 
483 2003 1203 13911.653 1741.153 
472 2030 1226 13930.307 1744.779 
482 2003 1231 13910.623 1738.926 
469 2035 1205 13940.516 1742.958 
478 2019 1225 13917.214 1739.183 
493 1980 1195 13892.508 1738.167 
492 1981 1204 13887.702 1738.972 
477 2022 1210 13933.588 1741.412 
470 2012 1232 13915.577 1744.295 
468 2038 1205 13940.44 1742.696 
482 2016 1225 13919.236 1739.314 
458 2049 1196 13929.865 1742.41 
463 2041 1208 13920.72 1743.57 
449 2058 1184 13931.951 1742.851 
495 1977 1213 13894.019 1737.572 
465 2042 1200 13946.97 1744.075 
473 2030 1205 13938.814 1743.172 
465 2041 1201 13939.629 1743.115 
463 2044 1198 13945.372 1743.692 
478 2020 1211 13933.256 1741.354 
494 1977 1196 13889.178 1737.938 
479 1997 1225 13905.696 1743.485 
465 2028 1208 13939.733 1741.285 
469 2040 1202 13943.83 1743.424 
468 2031 1221 13928.077 1744.125 
480 2024 1208 13948.677 1744.427 
490 1984 1219 13894.209 1736.717 
492 1977 1215 13886.66 1736.097 
465 2040 1203 13939.305 1742.74 
470 2039 1202 13943.869 1743.192 
