907 4459 2406 13619.299 1706.465 
956 4417 2430 13640.924 1709.098 
886 4493 2400 13628.358 1706.524 
890 4484 2384 13617.935 1706.028 
1002 4339 2486 13639.013 1708.489 
980 4390 2471 13655.393 1709.984 
971 4395 2452 13650.828 1710.577 
966 4398 2449 13648.321 1709.818 
863 4508 2364 13615.712 1704.463 
985 4376 2454 13650.806 1710.619 
983 4378 2465 13655.145 1710.926 
910 4446 2404 13615.682 1706.085 
974 4396 2462 13641.642 1708.274 
1003 4325 2493 13628.669 1707.215 
999 4357 2459 13642.467 1708.406 
985 4384 2473 13643.415 1708.132 
975 4379 2486 13640.965 1708.687 
969 4397 2466 13647.054 1709.326 
987 4379 2472 13649.63 1709.226 
1010 4317 2470 13624.98 1706.648 
888 4483 2409 13623.022 1705.296 
1006 4343 2486 13639.066 1707.898 
898 4475 2401 13627.181 1706.664 
899 4475 2405 13624.142 1707.519 
986 4375 2453 13650.667 1710.605 
952 4423 2419 13644.886 1709.11 
963 4404 2456 13650.802 1710.153 
994 4375 2479 13642.279 1708.927 
1014 4316 2466 13626.692 1706.217 
971 4402 2431 13637.068 1709.186 
969 4403 2429 13636.273 1708.977 
988 4375 2471 13645.103 1710.727 
953 4422 2418 13644.403 1709.057 
889 4481 2412 13623.342 1705.399 
1000 4350 2488 13646.353 1709.834 
1001 4348 2473 13637.127 1707.823 
878 4498 2398 13626.129 1706.323 
877 4504 2404 13635.832 1707.695 
883 4491 2411 13626.803 1706.06 
998 4354 2484 13643.186 1709.67 
845 4518 2363 13616.536 1704.397 
970 4379 2483 13643.319 1709.22 
996 4351 2473 13645.111 1709.954 
991 4364 2487 13641.096 1708.24 
1000 4354 2473 13639.897 1708.521 
986 4380 2471 13649.354 1709.192 
986 4376 2493 13642.134 1708.521 
889 4466 2414 13620.327 1705.721 
909 4456 2408 13619.905 1706.312 
892 4480 2405 13622.343 1705.783 
990 4363 2480 13648.512 1709.727 
903 4466 2412 13620.102 1706.552 
904 4463 2408 13621.259 1706.264 
858 4514 2365 13617.593 1704.92 
1005 4345 2485 13639.291 1707.883 
900 4472 2413 13629.235 1707.018 
957 4408 2438 13640.368 1708.234 
905 4463 2408 13620.542 1706.707 
903 4470 2404 13623.896 1707.45 
965 4402 2447 13647.861 1710.15 
902 4466 2412 13622.496 1706.65 
908 4458 2406 13619.16 1706.513 
889 4480 2407 13625.394 1706.103 
875 4507 2389 13632.704 1706.588 
981 4391 2476 13649.839 1711.114 
988 4371 2485 13648.287 1710.356 
987 4358 2490 13646.678 1709.647 
980 4392 2475 13650.161 1711.162 
890 4480 2412 13623.26 1705.384 
969 4404 2428 13636.398 1709.007 
996 4345 2491 13649.829 1709.699 
997 4360 2481 13637.714 1707.031 
906 4457 2410 13620.826 1705.717 
992 4381 2483 13648.48 1708.699 
985 4381 2468 13647.294 1709.824 
965 4400 2442 13645.658 1711.12 
976 4378 2486 13640.932 1708.686 
