485 1927 1191 13835.326 1737.255 
485 1928 1190 13842.172 1739.074 
487 1924 1191 13839.55 1738.967 
476 1982 1225 13888.389 1738.391 
394 2054 1154 13840.713 1734.379 
461 2003 1237 13895.754 1739.371 
486 1926 1191 13839.89 1738.651 
460 2006 1240 13899.26 1740.403 
447 2027 1233 13917.735 1742.55 
473 1985 1222 13894.339 1739.782 
464 2007 1227 13903.768 1741.592 
459 2008 1239 13898.133 1740.118 
440 2035 1205 13906.206 1740.8 
482 1932 1193 13840.395 1739.443 
480 1937 1187 13842.159 1737.846 
467 2004 1230 13902.501 1741.268 
438 2032 1224 13900.864 1739.898 
455 2020 1244 13915.561 1742.765 
483 1931 1194 13842.335 1739.021 
451 2025 1234 13921.223 1743.662 
439 2035 1215 13897.149 1740.664 
443 2031 1226 13908.758 1740.504 
449 2024 1245 13916.357 1742.11 
399 2049 1158 13845.64 1733.854 
464 2005 1234 13902.531 1741.253 
481 1943 1184 13858.395 1739.544 
480 1945 1182 13858.649 1739.362 
450 2023 1246 13916.274 1742.107 
439 2036 1204 13906.042 1740.758 
462 2017 1226 13906.636 1741.922 
455 2022 1237 13919.738 1743.247 
467 2004 1229 13906.663 1741.528 
470 1988 1220 13894.226 1741.208 
400 2053 1152 13837.118 1732.273 
475 1986 1220 13885.151 1737.217 
447 2029 1222 13908.159 1740.873 
464 2002 1238 13892.485 1738.508 
437 2040 1210 13903.003 1740.018 
414 2050 1136 13869.966 1740.583 
444 2033 1217 13907.334 1739.556 
475 1982 1226 13889.661 1738.705 
444 2030 1225 13908.892 1742.03 
480 1944 1183 13859.359 1739.692 
444 2030 1227 13910.097 1741.557 
481 1933 1192 13840.352 1739.438 
395 2053 1158 13848.842 1734.69 
419 2041 1196 13891.775 1740.951 
439 2031 1226 13911.155 1740.144 
461 2006 1235 13899.842 1740.387 
476 1977 1233 13881.657 1737.695 
452 2022 1238 13919.081 1743.317 
457 2025 1214 13907.392 1741.747 
388 2065 1157 13852.35 1734.51 
449 2026 1229 13918.723 1742.787 
458 2021 1245 13916.541 1741.846 
475 1984 1224 13894.89 1739.668 
419 2048 1190 13895.279 1739.612 
458 2016 1213 13911.258 1742.417 
453 2024 1239 13916.065 1742.041 
473 1982 1228 13892.715 1739.198 
467 1994 1231 13888.389 1737.382 
489 1924 1184 13834.651 1737.397 
429 2039 1197 13900.491 1740.823 
477 1978 1221 13889.956 1739.187 
461 2012 1223 13906.662 1740.258 
421 2045 1189 13890.935 1738.323 
472 1994 1229 13897.059 1739.409 
438 2040 1218 13909.394 1739.957 
485 1939 1186 13856.421 1739.939 
474 1985 1231 13891.305 1739.614 
389 2054 1144 13850.856 1733.866 
451 2025 1240 13923.775 1743.237 
448 2028 1231 13917.06 1742.728 
390 2055 1155 13847.734 1734.572 
439 2033 1207 13908.744 1741.937 
476 1985 1227 13879.233 1736.967 
438 2039 1211 13903.477 1740.081 
469 2001 1230 13898.726 1740.582 
447 2034 1205 13895.374 1739.45 
