641 2546 1560 13775.305 1725.651 
639 2556 1561 13782.806 1726.387 
642 2546 1560 13774.847 1725.625 
642 2540 1562 13772.387 1724.805 
638 2555 1568 13782.797 1726.092 
613 2665 1598 13884.325 1737.019 
641 2540 1566 13771.544 1725.231 
620 2662 1604 13885.662 1736.854 
612 2666 1597 13884.346 1737.021 
643 2539 1564 13772.442 1724.718 
628 2657 1614 13886.249 1737.44 
619 2662 1603 13886.743 1736.75 
639 2554 1569 13784.077 1726.112 
600 2683 1584 13874.234 1735.542 
616 2672 1589 13872.287 1736.65 
638 2559 1562 13784.911 1726.593 
647 2533 1566 13771.932 1724.528 
555 2712 1567 13857.81 1733.563 
617 2667 1593 13879.514 1736.044 
621 2658 1602 13884.291 1736.852 
641 2545 1562 13775.125 1725.618 
617 2666 1594 13879.036 1735.914 
614 2682 1612 13889.018 1736.287 
614 2682 1612 13888.888 1736.435 
634 2638 1613 13874.932 1736.285 
637 2643 1608 13881.968 1737.0 
622 2665 1603 13877.814 1736.909 
563 2691 1568 13842.928 1731.538 
623 2659 1604 13886.937 1736.667 
569 2685 1571 13843.092 1732.391 
627 2647 1619 13876.457 1736.264 
561 2708 1577 13863.277 1734.849 
640 2542 1563 13773.646 1724.59 
618 2667 1600 13880.799 1735.382 
624 2663 1593 13879.966 1735.581 
567 2707 1562 13856.074 1734.385 
621 2664 1597 13878.851 1736.199 
619 2666 1596 13876.699 1736.214 
563 2691 1568 13842.455 1731.688 
564 2688 1569 13841.242 1731.379 
647 2535 1564 13770.503 1723.922 
616 2672 1589 13872.989 1736.601 
626 2662 1599 13881.643 1735.504 
573 2702 1567 13864.312 1734.775 
