188 746 480 14381.085 1808.178 
183 750 478 14385.998 1807.529 
188 746 479 14382.117 1809.048 
178 758 468 14364.484 1807.068 
187 747 478 14379.191 1808.32 
198 731 495 14370.695 1809.094 
191 735 487 14380.791 1811.105 
197 736 474 14357.7 1807.145 
192 745 485 14377.553 1806.202 
212 699 499 14321.95 1801.976 
221 692 482 14284.933 1799.392 
208 706 499 14328.848 1802.178 
196 737 492 14379.858 1810.225 
186 744 485 14367.773 1807.934 
216 714 485 14380.844 1813.166 
204 724 481 14333.721 1805.724 
187 749 475 14380.785 1808.064 
216 707 492 14372.313 1810.879 
202 732 493 14377.665 1808.833 
207 708 498 14330.228 1801.394 
221 691 482 14297.767 1798.848 
193 742 485 14362.7 1806.584 
200 729 495 14370.21 1810.234 
203 717 497 14332.035 1808.303 
187 747 472 14381.389 1811.981 
221 690 484 14298.039 1798.833 
207 721 475 14359.895 1806.557 
209 702 499 14319.207 1802.423 
179 751 484 14351.287 1803.549 
204 721 496 14345.978 1804.712 
187 749 476 14380.693 1808.055 
209 719 485 14363.758 1806.489 
200 733 491 14363.973 1806.926 
220 702 492 14350.978 1804.906 
203 731 493 14377.255 1808.819 
194 740 483 14392.389 1813.069 
211 716 486 14357.709 1808.747 
207 719 477 14364.66 1810.005 
205 723 471 14348.535 1807.053 
210 716 485 14360.3 1809.822 
209 721 474 14373.395 1811.374 
208 717 481 14377.861 1813.108 
206 716 491 14316.437 1801.293 
205 721 487 14337.01 1802.678 
210 702 497 14324.416 1801.557 
216 697 495 14318.948 1801.727 
190 740 484 14369.686 1812.877 
182 757 479 14403.865 1811.002 
191 743 480 14382.482 1811.726 
206 722 482 14330.569 1800.523 
211 716 480 14363.608 1809.689 
215 715 492 14388.663 1814.463 
206 709 494 14327.774 1805.164 
205 723 477 14359.507 1804.991 
183 747 488 14346.749 1801.095 
194 741 486 14363.087 1806.361 
215 703 494 14340.883 1808.237 
214 707 493 14339.121 1808.606 
181 749 484 14350.299 1803.896 
222 686 483 14286.945 1796.014 
217 713 487 14379.053 1806.821 
211 717 481 14362.129 1806.055 
208 717 486 14353.586 1808.018 
207 719 482 14361.169 1808.649 
195 739 484 14392.816 1813.116 
184 748 480 14399.335 1811.351 
205 723 470 14348.66 1807.068 
208 713 495 14345.029 1803.923 
217 708 486 14371.69 1810.566 
194 738 492 14375.091 1809.813 
195 738 491 14378.526 1810.101 
219 704 491 14357.522 1809.633 
184 753 476 14393.992 1810.335 
179 752 485 14358.175 1803.338 
205 720 496 14344.211 1805.298 
220 703 494 14343.315 1807.529 
198 735 471 14353.915 1807.162 
205 722 478 14337.956 1802.477 
