475 2030 1198 13944.566 1745.044 
472 2031 1231 13949.315 1746.109 
514 2021 1264 13991.279 1750.852 
550 1966 1260 13962.616 1746.96 
500 2028 1253 13976.584 1749.55 
476 2030 1196 13944.005 1744.979 
475 2030 1198 13944.357 1745.214 
477 2030 1195 13945.769 1745.211 
548 1985 1277 13990.84 1750.36 
546 1972 1284 13977.26 1748.976 
547 1984 1277 13990.495 1750.462 
525 2017 1266 13990.872 1750.351 
527 1999 1285 13990.665 1751.664 
544 1980 1288 13981.983 1750.136 
525 2002 1281 13991.657 1752.503 
503 2026 1254 13978.654 1750.334 
547 1986 1276 13990.822 1750.36 
541 1996 1274 13998.217 1752.3 
519 2020 1256 13991.988 1750.376 
557 1950 1256 13957.614 1745.913 
528 2005 1278 13998.146 1751.703 
533 2001 1281 14001.176 1752.323 
544 1983 1283 13985.223 1749.55 
555 1954 1253 13953.825 1745.72 
537 1983 1284 13986.887 1749.746 
539 2003 1281 14006.813 1751.665 
559 1947 1261 13955.927 1745.831 
543 1994 1275 13997.336 1751.57 
529 2004 1279 13989.992 1752.544 
499 2028 1254 13976.621 1749.557 
556 1951 1256 13956.034 1745.856 
556 1949 1260 13956.57 1745.743 
537 1984 1285 13985.591 1749.333 
557 1949 1257 13957.632 1745.962 
519 2016 1268 13993.537 1750.562 
556 1950 1259 13956.196 1745.484 
527 2006 1278 13998.002 1751.693 
536 2007 1273 14009.35 1752.861 
535 2008 1272 14008.182 1752.644 
544 1980 1284 13984.228 1750.312 
528 2013 1269 14000.057 1752.099 
525 2015 1269 14001.841 1752.426 
535 1988 1287 13981.051 1749.338 
540 1984 1286 13982.792 1749.349 
526 2016 1255 13997.796 1751.224 
513 2022 1264 13991.692 1750.895 
553 1965 1263 13966.445 1747.581 
501 2028 1253 13977.398 1749.483 
535 2008 1271 14009.156 1752.878 
532 1993 1288 13985.583 1749.439 
523 2007 1274 13994.58 1750.571 
559 1949 1260 13956.001 1745.753 
540 2000 1279 14002.73 1751.91 
556 1951 1257 13954.855 1745.703 
545 1974 1281 13977.684 1749.199 
521 2018 1260 13984.026 1750.66 
516 2019 1260 13993.932 1749.463 
544 1989 1267 13990.821 1750.47 
554 1964 1263 13966.383 1747.572 
536 1999 1284 14000.122 1751.556 
519 2012 1273 13986.418 1749.693 
531 2009 1267 13998.267 1751.505 
523 2009 1271 13986.521 1751.348 
541 1982 1286 13981.086 1749.065 
543 1993 1276 13993.552 1750.645 
542 1998 1281 14003.285 1751.654 
537 1985 1284 13986.177 1749.159 
553 1959 1268 13959.871 1746.318 
