474 1878 1097 13698.852 1711.602 
381 2087 1077 13842.721 1735.244 
471 1886 1093 13699.413 1711.742 
421 2047 1117 13860.263 1739.104 
399 2070 1085 13841.762 1736.574 
470 1887 1091 13698.514 1711.706 
389 2085 1080 13840.102 1734.319 
443 2003 1146 13858.953 1736.09 
378 2076 1130 13876.671 1738.383 
458 1978 1157 13868.46 1736.171 
381 2074 1130 13878.391 1737.867 
473 1881 1094 13699.452 1711.58 
427 2043 1129 13864.369 1738.309 
398 2058 1143 13875.198 1737.688 
399 2057 1142 13875.094 1737.682 
441 2004 1146 13860.235 1737.292 
441 2003 1159 13875.488 1736.814 
400 2062 1130 13878.684 1739.121 
441 2006 1139 13861.253 1736.49 
430 2006 1147 13854.975 1733.615 
377 2085 1109 13872.15 1738.434 
370 2090 1106 13868.382 1737.537 
417 2052 1127 13862.577 1739.233 
398 2073 1086 13845.139 1737.357 
385 2072 1131 13876.894 1737.408 
430 2045 1125 13876.7 1740.444 
367 2099 1111 13870.714 1737.509 
394 2071 1146 13888.114 1739.039 
360 2106 1110 13873.123 1736.569 
385 2074 1140 13864.762 1737.174 
445 2001 1161 13869.595 1736.711 
404 2045 1129 13846.168 1735.633 
405 2027 1136 13835.485 1734.746 
451 1995 1160 13867.019 1736.354 
446 1997 1153 13876.487 1737.191 
367 2092 1116 13872.441 1738.639 
379 2084 1126 13885.314 1737.71 
448 1993 1154 13876.489 1738.356 
444 1998 1161 13878.462 1737.802 
467 1962 1157 13853.798 1732.643 
463 1972 1170 13862.108 1735.988 
383 2076 1135 13868.011 1737.699 
440 2002 1151 13873.431 1737.462 
452 1993 1155 13873.526 1737.269 
465 1958 1164 13844.742 1731.465 
427 2042 1130 13863.494 1738.158 
475 1877 1098 13699.709 1711.665 
368 2091 1117 13873.606 1738.672 
474 1879 1096 13700.113 1711.717 
376 2085 1114 13866.499 1737.408 
450 1997 1146 13865.482 1737.072 
361 2105 1111 13874.213 1736.728 
416 2062 1124 13861.449 1738.865 
393 2075 1090 13840.882 1734.889 
464 1971 1169 13862.136 1735.766 
382 2079 1133 13869.43 1737.725 
457 1990 1160 13876.749 1738.905 
390 2083 1080 13839.559 1734.258 
390 2077 1088 13825.617 1734.383 
455 1992 1159 13868.475 1737.194 
393 2074 1091 13840.351 1734.918 
455 1976 1163 13852.725 1735.026 
432 2042 1128 13876.503 1740.356 
387 2075 1123 13866.952 1738.031 
451 1982 1163 13855.461 1735.078 
452 1979 1163 13859.542 1735.229 
397 2072 1113 13863.269 1738.406 
414 2068 1117 13865.24 1739.433 
421 2046 1122 13861.764 1739.907 
459 1983 1161 13867.096 1737.389 
462 1975 1160 13862.156 1734.839 
368 2092 1104 13877.886 1736.65 
446 2002 1160 13869.96 1736.82 
462 1976 1159 13863.262 1734.939 
465 1967 1153 13856.695 1733.62 
397 2070 1119 13861.268 1736.772 
396 2063 1131 13866.394 1737.4 
448 1998 1145 13859.541 1737.038 
396 2068 1124 13877.117 1737.72 
383 2073 1135 13883.037 1736.48 
449 1996 1156 13874.892 1737.191 
371 2089 1120 13879.868 1738.951 
