1086 5199 2831 13704.267 1715.863 
1052 5223 2784 13692.055 1714.726 
1160 5067 2860 13686.652 1714.031 
1065 5211 2817 13697.675 1714.903 
1079 5190 2848 13695.433 1715.554 
1161 5060 2851 13684.806 1713.013 
1165 5030 2848 13670.639 1712.608 
1101 5172 2859 13702.125 1716.449 
1093 5177 2854 13702.309 1716.846 
1145 5086 2852 13686.004 1713.337 
1111 5155 2847 13697.203 1715.542 
1159 5087 2846 13690.128 1713.856 
1154 5081 2857 13688.684 1713.867 
1164 5053 2852 13684.509 1713.249 
1149 5084 2854 13688.634 1713.994 
1078 5199 2840 13700.459 1715.018 
1089 5182 2857 13697.731 1715.803 
1096 5187 2839 13701.604 1715.597 
1117 5147 2847 13696.286 1715.668 
1166 5040 2846 13675.276 1712.855 
1153 5083 2857 13691.287 1713.849 
1097 5176 2861 13704.109 1716.783 
1118 5138 2841 13697.288 1716.293 
1123 5110 2820 13685.507 1715.042 
1099 5180 2851 13706.799 1716.599 
1158 5079 2861 13686.682 1713.578 
1119 5112 2862 13688.513 1714.055 
1070 5195 2846 13691.278 1715.165 
1095 5181 2849 13699.32 1715.218 
1091 5197 2834 13700.984 1715.915 
1119 5129 2850 13693.157 1715.19 
1116 5144 2868 13700.608 1716.533 
1143 5101 2849 13690.406 1714.174 
1102 5154 2869 13694.357 1715.617 
1119 5134 2859 13694.025 1714.88 
1084 5200 2829 13703.843 1715.759 
1155 5083 2849 13685.335 1714.158 
1109 5160 2849 13700.807 1716.231 
1085 5186 2836 13701.496 1717.1 
1115 5152 2854 13698.565 1715.634 
1113 5162 2838 13701.974 1716.135 
1094 5181 2847 13704.563 1716.604 
1113 5163 2861 13701.418 1715.476 
1113 5148 2879 13699.475 1716.093 
1078 5203 2815 13698.308 1715.542 
1081 5195 2833 13706.004 1715.857 
1099 5193 2832 13701.016 1715.845 
1145 5097 2844 13693.738 1714.962 
1083 5197 2839 13700.225 1715.556 
1117 5148 2836 13692.989 1715.12 
1103 5170 2834 13700.969 1716.451 
1075 5208 2822 13703.017 1715.753 
1120 5144 2841 13695.987 1715.382 
1138 5106 2846 13689.897 1714.327 
1090 5186 2846 13698.646 1715.563 
1096 5175 2872 13707.442 1716.843 
1155 5081 2856 13688.681 1713.866 
1116 5126 2873 13694.436 1715.074 
1080 5200 2833 13700.052 1714.549 
1105 5173 2846 13703.606 1716.174 
1110 5169 2836 13698.161 1716.133 
1082 5183 2851 13696.599 1714.704 
1091 5183 2834 13702.733 1716.076 
1112 5167 2845 13706.157 1717.114 
1073 5204 2829 13695.216 1715.389 
1101 5177 2826 13693.813 1714.58 
1105 5166 2867 13701.621 1716.702 
1144 5099 2844 13694.103 1715.031 
1122 5123 2856 13692.736 1714.788 
1119 5113 2862 13688.45 1714.055 
1086 5184 2847 13700.004 1716.151 
1153 5091 2850 13693.568 1714.575 
1107 5156 2866 13701.041 1716.834 
