303 1424 803 13966.051 1745.918 
339 1370 876 13994.969 1755.55 
327 1411 843 14025.299 1755.555 
328 1407 840 14046.186 1758.778 
339 1397 856 14060.65 1760.565 
353 1384 865 14061.055 1758.646 
351 1350 876 13981.592 1752.803 
346 1390 850 14063.405 1761.966 
345 1392 850 14053.372 1760.834 
340 1406 837 14063.515 1759.133 
340 1396 857 14061.575 1760.642 
333 1408 822 14062.377 1759.053 
355 1386 860 14050.061 1759.37 
350 1351 876 13981.701 1752.827 
347 1392 862 14066.41 1760.692 
329 1410 855 14052.123 1757.628 
340 1372 875 14002.444 1755.756 
342 1400 851 14063.493 1761.44 
329 1416 832 14057.889 1762.081 
329 1406 856 14064.08 1760.178 
351 1401 866 14089.972 1760.432 
337 1406 847 14062.178 1760.203 
338 1394 856 14062.835 1762.521 
344 1404 850 14060.759 1759.36 
336 1379 881 14029.16 1753.884 
346 1390 868 14050.564 1760.367 
347 1355 877 13990.911 1754.493 
353 1385 862 14058.763 1761.071 
354 1381 839 14048.703 1759.687 
354 1376 869 14034.068 1756.947 
319 1422 847 14036.666 1756.16 
334 1409 846 14058.389 1758.245 
339 1408 857 14070.708 1758.546 
352 1385 865 14059.881 1758.578 
365 1368 873 14052.608 1758.908 
352 1388 859 14058.221 1760.704 
343 1391 868 14061.049 1761.344 
356 1382 853 14054.171 1757.973 
361 1379 866 14062.447 1760.809 
362 1368 857 14056.181 1759.291 
332 1420 839 14066.981 1760.881 
341 1405 854 14074.994 1763.87 
353 1391 846 14048.807 1755.536 
345 1403 856 14062.443 1758.142 
