336 1403 871 14133.077 1775.929 
348 1400 884 14149.739 1777.969 
354 1393 881 14155.815 1777.454 
347 1402 882 14152.444 1778.408 
350 1393 893 14143.049 1775.429 
343 1399 885 14143.779 1775.7 
331 1412 865 14129.652 1774.622 
356 1395 883 14146.51 1776.14 
351 1391 892 14144.559 1776.736 
358 1392 887 14155.282 1778.224 
355 1392 880 14155.821 1778.09 
342 1408 869 14147.731 1778.777 
357 1381 899 14148.945 1775.165 
355 1386 904 14145.512 1776.65 
337 1401 886 14131.085 1773.523 
353 1390 894 14143.049 1776.898 
349 1397 878 14131.571 1775.667 
361 1387 890 14154.329 1776.953 
368 1383 892 14146.276 1776.669 
354 1388 894 14140.416 1776.637 
328 1409 868 14120.69 1775.552 
362 1381 893 14139.521 1776.95 
330 1415 865 14132.582 1775.144 
343 1401 883 14134.369 1774.715 
366 1366 894 14133.746 1774.6 
361 1387 889 14156.729 1776.869 
360 1389 888 14147.651 1776.064 
345 1397 893 14148.733 1775.667 
331 1406 872 14133.123 1776.052 
352 1390 889 14143.121 1777.968 
361 1378 900 14155.045 1778.985 
362 1376 901 14155.523 1779.45 
330 1407 880 14125.312 1773.257 
340 1405 875 14129.806 1774.349 
357 1381 898 14148.947 1775.165 
357 1378 902 14138.227 1773.626 
351 1400 874 14150.617 1777.568 
351 1400 876 14143.493 1777.921 
361 1385 891 14141.409 1776.105 
350 1393 895 14139.224 1774.927 
331 1413 871 14130.414 1774.108 
