163 729 446 14259.093 1793.923 
195 706 493 14312.65 1803.711 
193 713 488 14350.821 1807.998 
191 708 490 14341.993 1804.173 
206 691 506 14310.481 1803.205 
188 716 484 14330.78 1804.399 
214 686 498 14314.955 1799.497 
205 692 506 14310.324 1803.164 
193 709 489 14337.573 1807.165 
196 705 493 14312.558 1803.892 
191 710 491 14312.422 1803.616 
209 697 484 14331.742 1798.485 
224 667 490 14286.714 1794.356 
218 681 502 14327.832 1798.302 
191 720 479 14351.605 1806.92 
219 679 499 14310.082 1798.632 
187 723 478 14324.691 1808.013 
198 695 508 14298.662 1800.959 
218 684 497 14320.382 1798.086 
219 680 495 14315.307 1798.505 
223 668 488 14283.892 1793.86 
188 703 504 14281.119 1795.799 
194 711 479 14349.241 1805.747 
201 705 491 14370.618 1808.379 
211 698 482 14331.468 1801.235 
223 669 489 14279.724 1792.113 
218 694 488 14339.389 1799.296 
196 699 503 14298.723 1801.754 
202 697 497 14323.217 1806.274 
186 712 501 14295.848 1798.978 
215 688 491 14320.147 1799.276 
191 706 503 14304.074 1799.376 
198 699 503 14305.167 1798.404 
191 716 494 14343.841 1802.414 
208 700 481 14316.94 1795.847 
161 730 444 14253.324 1792.858 
187 705 504 14284.883 1796.342 
199 698 502 14324.617 1800.268 
198 705 500 14329.833 1802.326 
190 711 499 14335.965 1806.175 
220 679 496 14309.728 1796.148 
223 670 485 14281.27 1795.886 
197 711 483 14344.781 1807.661 
192 715 486 14349.242 1807.843 
192 714 487 14350.631 1807.981 
223 671 480 14276.243 1794.092 
214 689 490 14317.191 1798.672 
194 714 475 14344.617 1802.997 
214 684 499 14318.29 1796.495 
223 669 485 14290.049 1796.706 
184 720 491 14352.387 1808.445 
213 690 489 14316.75 1798.67 
193 712 485 14346.024 1809.445 
192 714 484 14352.123 1807.868 
199 705 494 14338.384 1802.596 
215 695 486 14329.794 1798.289 
214 691 486 14325.753 1800.355 
184 717 499 14304.345 1798.932 
180 727 475 14330.924 1806.624 
186 726 484 14345.877 1809.669 
185 717 489 14346.003 1808.198 
224 667 494 14276.629 1791.88 
214 695 483 14335.251 1801.621 
194 707 492 14309.928 1803.493 
197 710 502 14335.155 1802.911 
190 709 503 14313.045 1798.298 
222 674 500 14309.532 1797.75 
187 719 474 14345.344 1808.021 
185 723 490 14350.461 1806.337 
214 692 486 14329.442 1799.916 
199 695 505 14307.34 1801.799 
205 701 491 14353.752 1807.036 
