726 3245 1846 13744.071 1723.826 
756 3221 1876 13761.701 1725.395 
666 3321 1795 13753.9 1726.778 
753 3229 1887 13761.884 1725.724 
679 3296 1780 13743.411 1725.802 
672 3309 1805 13753.945 1726.802 
753 3228 1888 13759.566 1725.764 
677 3297 1792 13748.476 1726.199 
668 3310 1797 13751.788 1726.809 
757 3221 1889 13760.196 1726.278 
670 3311 1791 13748.026 1725.771 
760 3218 1884 13761.01 1726.218 
733 3243 1869 13755.602 1725.457 
754 3224 1885 13760.878 1726.348 
678 3290 1793 13744.942 1724.601 
667 3314 1796 13748.734 1726.42 
684 3285 1788 13738.112 1725.431 
755 3222 1887 13758.331 1725.758 
758 3218 1889 13759.152 1726.253 
668 3310 1799 13750.335 1726.637 
680 3290 1781 13736.066 1725.084 
689 3281 1792 13741.827 1725.425 
739 3238 1864 13747.606 1723.876 
676 3260 1801 13719.041 1721.161 
738 3236 1878 13758.371 1725.297 
690 3280 1795 13742.191 1725.512 
761 3211 1892 13759.516 1726.066 
695 3277 1793 13738.136 1724.962 
678 3300 1790 13748.843 1725.58 
676 3254 1804 13714.722 1720.864 
685 3287 1783 13739.662 1725.512 
752 3225 1888 13760.616 1726.089 
753 3223 1888 13760.735 1725.966 
678 3292 1792 13743.301 1724.81 
679 3293 1785 13743.219 1725.802 
674 3299 1793 13749.776 1725.705 
675 3300 1787 13748.39 1726.01 
669 3319 1795 13757.393 1727.15 
680 3290 1775 13738.233 1725.003 
680 3256 1801 13719.907 1721.095 
679 3258 1801 13720.869 1721.189 
667 3320 1795 13753.776 1726.902 
757 3220 1891 13759.933 1725.901 
751 3235 1888 13765.724 1726.12 
686 3282 1789 13736.092 1725.184 
698 3269 1797 13735.126 1725.505 
683 3278 1799 13745.377 1725.687 
677 3303 1794 13747.046 1726.758 
752 3229 1886 13764.132 1726.078 
752 3235 1884 13764.186 1726.247 
685 3288 1781 13741.366 1725.191 
682 3279 1797 13741.125 1725.726 
686 3277 1798 13739.944 1725.14 
667 3311 1799 13750.391 1726.644 
738 3241 1869 13751.311 1724.483 
673 3306 1797 13749.544 1727.057 
681 3287 1786 13734.88 1725.202 
691 3278 1791 13737.742 1724.966 
675 3256 1803 13715.485 1721.029 
764 3216 1883 13758.3 1725.783 
753 3233 1883 13765.539 1726.361 
