314 1401 811 14018.01 1760.448 
329 1389 819 14012.935 1759.751 
325 1382 820 14008.999 1759.732 
358 1294 821 13907.451 1742.478 
324 1392 815 14014.816 1758.463 
325 1391 815 14014.477 1758.442 
348 1304 826 13911.707 1743.559 
291 1417 813 14003.259 1756.361 
342 1306 833 13910.127 1743.73 
295 1418 811 14017.262 1757.826 
306 1401 821 14015.246 1758.861 
301 1409 815 14016.052 1758.364 
328 1382 822 14006.895 1757.824 
308 1392 826 14026.926 1760.477 
314 1401 812 14017.81 1760.428 
353 1300 835 13914.995 1746.021 
328 1381 823 14004.987 1757.544 
344 1314 827 13912.767 1745.826 
304 1414 810 14046.431 1765.941 
294 1419 809 14017.475 1757.849 
296 1414 813 14014.114 1758.625 
341 1315 821 13913.53 1746.008 
300 1411 821 14032.846 1760.842 
350 1301 818 13897.503 1742.434 
331 1373 828 14003.385 1758.263 
295 1413 816 14046.541 1762.66 
337 1312 825 13912.073 1746.097 
336 1313 829 13908.806 1745.968 
298 1417 804 14037.992 1763.871 
295 1412 820 14044.439 1763.03 
305 1403 825 14038.788 1762.418 
332 1375 815 13993.523 1756.817 
338 1345 821 13958.596 1753.257 
299 1416 804 14038.027 1763.872 
356 1290 837 13904.711 1744.717 
354 1293 831 13909.69 1744.337 
330 1378 823 13997.555 1756.243 
358 1289 830 13907.629 1745.228 
309 1402 812 14036.124 1765.266 
297 1413 814 14015.519 1758.635 
293 1421 809 14016.403 1757.593 
308 1403 815 14037.001 1763.224 
307 1390 830 14011.906 1759.924 
335 1368 811 13986.425 1756.464 
308 1392 825 14027.122 1760.499 
347 1309 829 13925.308 1745.565 
346 1306 829 13919.672 1745.705 
307 1400 817 14018.786 1760.125 
330 1388 819 14013.111 1759.789 
353 1297 826 13916.483 1746.566 
299 1412 825 14038.264 1761.76 
356 1292 827 13902.151 1743.285 
307 1393 825 14026.952 1760.478 
310 1398 812 14021.203 1758.243 
303 1415 809 14046.733 1765.975 
304 1414 810 14046.694 1765.88 
346 1310 828 13911.654 1744.389 
320 1390 825 14022.996 1762.053 
352 1299 827 13916.898 1746.418 
334 1373 826 13997.718 1756.872 
308 1390 827 14022.284 1760.145 
309 1388 826 14020.609 1759.999 
360 1291 834 13919.032 1745.051 
302 1398 829 14020.456 1758.482 
302 1407 823 14038.409 1762.479 
344 1311 830 13929.842 1747.573 
313 1396 823 14038.963 1764.785 
343 1313 822 13919.047 1745.045 
