945 4677 2528 13789.587 1727.847 
992 4598 2548 13777.297 1727.117 
991 4607 2527 13787.066 1727.795 
994 4607 2525 13782.648 1727.133 
991 4614 2540 13780.146 1726.903 
944 4677 2530 13787.368 1726.335 
941 4680 2530 13788.831 1728.39 
989 4625 2535 13787.645 1728.663 
966 4672 2551 13803.91 1730.722 
993 4603 2529 13780.781 1726.861 
941 4681 2529 13788.467 1728.333 
997 4596 2527 13782.608 1727.087 
990 4625 2522 13789.591 1728.833 
981 4640 2544 13791.07 1729.38 
980 4655 2552 13805.519 1731.18 
990 4626 2547 13787.555 1727.917 
984 4640 2549 13792.325 1729.225 
993 4582 2530 13772.624 1725.42 
988 4639 2555 13800.854 1729.982 
970 4670 2535 13804.536 1731.191 
999 4603 2528 13782.349 1726.795 
940 4687 2532 13788.334 1728.265 
970 4659 2546 13801.683 1731.002 
983 4644 2529 13784.455 1728.801 
998 4604 2527 13782.042 1726.744 
955 4681 2527 13797.988 1729.194 
992 4625 2546 13784.793 1726.698 
992 4618 2535 13781.683 1727.429 
972 4663 2539 13803.05 1731.132 
953 4691 2524 13797.88 1729.708 
979 4663 2560 13806.168 1730.576 
944 4677 2531 13787.23 1726.251 
