578 2723 1527 13889.9 1741.188 
592 2720 1556 13907.431 1745.449 
597 2715 1572 13911.007 1745.856 
587 2721 1542 13903.091 1743.067 
595 2717 1559 13907.12 1745.392 
596 2714 1569 13906.926 1746.611 
578 2723 1528 13889.921 1741.118 
600 2708 1578 13900.366 1744.201 
579 2722 1527 13888.913 1740.992 
599 2707 1575 13905.386 1745.372 
595 2716 1559 13906.865 1745.441 
598 2708 1568 13910.341 1746.514 
597 2699 1591 13897.579 1743.752 
601 2698 1594 13901.057 1744.628 
633 2665 1566 13898.035 1744.52 
625 2671 1562 13890.874 1742.875 
627 2669 1577 13899.153 1743.871 
616 2678 1580 13897.017 1744.606 
605 2706 1579 13903.81 1745.108 
598 2718 1557 13908.899 1745.136 
594 2709 1586 13906.735 1744.948 
589 2716 1588 13914.559 1744.997 
616 2677 1598 13895.65 1743.823 
626 2669 1579 13895.471 1743.645 
609 2692 1587 13905.312 1744.863 
617 2673 1588 13891.639 1743.342 
603 2701 1563 13897.708 1746.764 
630 2659 1582 13885.321 1742.637 
583 2722 1535 13886.52 1741.274 
616 2686 1549 13887.008 1742.599 
618 2675 1578 13889.365 1741.965 
589 2717 1562 13906.775 1744.574 
617 2674 1573 13892.929 1743.486 
618 2674 1586 13895.742 1743.271 
618 2675 1577 13889.379 1741.968 
599 2703 1580 13906.576 1745.656 
604 2710 1576 13905.942 1744.974 
615 2700 1586 13914.503 1747.966 
606 2689 1591 13902.881 1744.692 
631 2654 1568 13886.899 1743.337 
627 2670 1578 13896.658 1743.849 
609 2703 1578 13907.84 1745.332 
614 2689 1596 13910.79 1744.595 
637 2648 1571 13888.292 1742.937 
602 2696 1589 13904.122 1745.907 
615 2681 1592 13900.573 1743.824 
628 2661 1574 13882.879 1741.731 
602 2708 1575 13903.98 1745.06 
624 2673 1587 13898.822 1744.406 
600 2702 1583 13910.417 1746.24 
604 2701 1575 13900.488 1745.603 
