199 719 498 14365.164 1803.499 
145 760 436 14227.212 1795.227 
233 679 501 14329.314 1797.823 
218 701 510 14392.187 1805.262 
215 709 503 14417.365 1808.996 
212 712 506 14415.092 1808.436 
224 698 500 14387.087 1805.261 
209 724 494 14389.861 1806.843 
161 754 454 14289.828 1799.119 
228 691 503 14368.302 1803.466 
159 757 456 14287.7 1800.543 
216 703 510 14390.807 1804.969 
209 710 511 14374.09 1804.534 
223 698 507 14382.196 1805.132 
149 759 437 14236.346 1796.055 
170 744 464 14299.952 1802.157 
206 729 490 14397.883 1806.671 
230 688 512 14389.437 1807.31 
205 712 511 14382.829 1805.67 
208 725 494 14390.068 1806.851 
197 726 498 14392.44 1804.837 
234 678 501 14331.16 1798.15 
164 753 461 14298.186 1800.129 
219 712 502 14411.687 1810.912 
211 711 501 14418.138 1810.253 
173 744 462 14298.729 1803.692 
222 705 503 14388.303 1806.222 
209 710 506 14389.79 1810.116 
144 762 435 14231.212 1795.928 
213 707 508 14389.479 1804.281 
139 767 432 14233.674 1797.388 
222 698 508 14403.792 1807.255 
212 724 490 14411.622 1809.179 
205 728 490 14394.723 1806.837 
166 748 462 14298.425 1803.644 
210 725 492 14404.105 1807.981 
168 747 459 14295.983 1804.049 
215 702 513 14390.406 1804.368 
222 694 501 14399.676 1808.826 
220 710 504 14405.846 1809.721 
218 693 513 14350.457 1800.434 
167 747 463 14300.469 1803.956 
168 748 458 14294.679 1803.361 
165 750 459 14292.379 1803.499 
168 746 464 14303.585 1804.437 
214 714 500 14422.441 1809.618 
152 758 446 14257.678 1801.167 
223 696 508 14397.35 1807.638 
208 717 499 14406.836 1806.082 
229 681 505 14375.151 1808.63 
208 711 510 14373.512 1804.39 
220 696 507 14401.104 1810.592 
207 712 509 14370.861 1804.065 
168 751 454 14295.922 1801.936 
215 708 505 14417.938 1809.166 
215 714 497 14411.818 1809.05 
169 750 463 14301.489 1801.187 
165 753 463 14302.004 1799.588 
209 726 491 14402.19 1807.517 
224 691 510 14379.696 1803.59 
219 711 503 14406.664 1809.912 
226 690 496 14385.527 1808.101 
232 689 514 14395.198 1805.169 
207 711 511 14373.835 1804.446 
225 692 506 14382.965 1806.156 
215 716 495 14385.507 1803.942 
212 717 492 14366.114 1803.295 
220 706 507 14400.845 1807.96 
219 711 504 14412.87 1808.337 
211 716 496 14355.663 1802.656 
162 755 451 14269.233 1799.516 
153 758 441 14257.158 1800.761 
161 755 446 14274.737 1801.074 
209 712 507 14388.658 1805.543 
