1088 5079 2769 13644.871 1707.936 
1066 5093 2708 13625.647 1705.121 
964 5202 2679 13627.707 1704.12 
1047 5119 2746 13643.041 1706.963 
1009 5144 2682 13623.648 1704.945 
1141 5009 2815 13633.42 1706.036 
1111 5053 2818 13644.749 1707.086 
1104 5077 2799 13655.378 1709.174 
977 5201 2661 13625.302 1704.506 
967 5189 2725 13628.792 1705.598 
986 5189 2705 13630.182 1705.622 
995 5174 2705 13629.604 1705.75 
954 5210 2677 13634.533 1705.484 
1064 5084 2776 13623.125 1704.803 
982 5193 2699 13629.413 1705.225 
1058 5119 2753 13641.966 1706.997 
1010 5145 2682 13623.261 1704.559 
1106 5075 2800 13655.529 1709.234 
984 5190 2702 13630.043 1705.176 
1121 5046 2798 13644.063 1706.652 
1135 5015 2817 13633.688 1706.332 
1080 5083 2759 13642.073 1707.342 
973 5211 2674 13629.952 1705.107 
1129 5017 2816 13631.875 1705.855 
986 5192 2677 13629.121 1704.799 
940 5234 2670 13631.301 1706.149 
1108 5074 2803 13652.048 1707.936 
959 5205 2687 13628.156 1705.393 
1112 5059 2781 13647.054 1707.976 
1046 5120 2746 13642.971 1706.945 
1054 5106 2756 13639.232 1706.581 
968 5199 2701 13631.233 1705.159 
1120 5033 2814 13649.312 1707.634 
1125 5040 2813 13641.529 1706.819 
1000 5171 2718 13631.746 1705.846 
964 5200 2694 13629.258 1704.97 
1109 5058 2819 13647.711 1706.778 
1108 5056 2823 13647.425 1706.717 
1115 5061 2814 13647.515 1706.534 
1114 5055 2797 13642.649 1706.691 
987 5184 2712 13637.733 1706.091 
972 5188 2709 13627.723 1704.818 
1053 5105 2757 13639.277 1706.616 
1059 5114 2748 13642.311 1707.219 
1073 5089 2770 13640.286 1707.535 
992 5184 2670 13631.154 1705.53 
986 5182 2719 13635.981 1706.038 
946 5206 2689 13629.964 1705.272 
1105 5076 2800 13655.712 1709.279 
1121 5024 2820 13633.708 1706.035 
1112 5061 2776 13648.961 1707.717 
966 5209 2677 13627.336 1705.336 
979 5194 2683 13628.917 1705.651 
981 5192 2700 13636.501 1705.819 
1095 5078 2778 13647.074 1708.689 
1122 5042 2818 13646.692 1707.101 
1116 5038 2825 13640.852 1706.04 
1141 5016 2834 13634.175 1705.451 
993 5175 2712 13629.107 1705.616 
1107 5065 2805 13646.691 1707.319 
1127 5035 2811 13639.815 1707.166 
1126 5027 2819 13635.006 1706.018 
1075 5091 2746 13641.376 1706.394 
1051 5105 2758 13632.746 1706.115 
943 5217 2688 13630.345 1704.633 
951 5209 2678 13629.523 1705.148 
987 5187 2703 13630.952 1705.263 
994 5174 2712 13629.036 1705.624 
1109 5054 2824 13645.065 1706.909 
940 5234 2670 13631.305 1706.144 
957 5207 2691 13631.561 1705.096 
1060 5113 2755 13642.798 1706.911 
971 5187 2707 13628.754 1705.526 
1114 5050 2821 13641.972 1707.245 
1114 5047 2823 13643.73 1706.78 
1000 5162 2720 13630.176 1705.909 
986 5183 2718 13636.66 1706.12 
982 5172 2728 13629.331 1705.427 
993 5180 2709 13630.311 1705.649 
971 5197 2685 13633.44 1704.946 
990 5178 2710 13633.777 1705.607 
971 5200 2684 13630.666 1705.306 
977 5200 2680 13631.627 1705.536 
1000 5173 2723 13633.327 1705.235 
988 5184 2706 13630.048 1705.583 
991 5181 2707 13630.244 1705.617 
1100 5071 2807 13646.147 1707.456 
1111 5061 2811 13646.882 1706.572 
966 5190 2724 13628.763 1705.587 
