365 1305 823 13957.016 1755.432 
369 1298 819 13944.444 1753.211 
358 1320 833 13982.164 1757.389 
316 1365 831 13937.607 1751.533 
349 1330 829 13978.917 1757.527 
309 1373 810 13964.254 1751.669 
319 1360 836 13934.265 1753.487 
316 1366 823 13966.366 1752.437 
330 1344 833 13944.38 1754.132 
339 1347 807 13984.711 1757.851 
340 1346 807 13984.642 1757.872 
357 1315 832 13972.278 1758.051 
335 1327 840 13916.478 1748.297 
323 1358 825 13967.238 1753.338 
325 1351 847 13940.751 1752.745 
317 1371 817 13973.508 1753.776 
344 1338 824 13993.318 1757.229 
320 1359 836 13934.051 1753.484 
308 1378 804 13962.609 1751.827 
317 1362 832 13933.182 1752.299 
331 1346 843 13937.712 1751.895 
340 1341 818 13979.863 1754.844 
310 1370 819 13960.917 1751.054 
359 1331 820 13993.984 1759.115 
341 1340 819 13979.61 1754.795 
325 1351 847 13940.746 1752.755 
321 1354 835 13927.829 1752.965 
358 1329 814 13988.395 1759.508 
319 1366 822 13973.754 1754.09 
316 1368 817 13977.022 1753.501 
354 1339 816 13974.625 1756.123 
308 1377 805 13961.426 1751.746 
311 1372 817 13975.452 1753.502 
360 1320 822 13960.06 1754.642 
333 1350 794 13960.778 1757.488 
350 1341 813 13989.883 1758.284 
364 1319 824 13976.961 1757.315 
338 1342 820 13977.853 1757.276 
352 1336 825 13981.011 1758.885 
331 1346 838 13938.856 1753.085 
347 1341 819 13972.443 1755.964 
314 1366 829 13935.192 1751.633 
316 1363 832 13935.06 1751.405 
315 1364 832 13935.368 1751.459 
319 1354 843 13934.487 1753.07 
328 1355 832 13947.95 1754.099 
334 1326 835 13906.589 1750.158 
313 1367 827 13944.705 1753.702 
366 1315 823 13965.977 1754.738 
351 1337 817 13965.882 1755.063 
312 1361 850 13943.689 1753.592 
348 1333 820 13989.131 1759.036 
350 1326 829 13976.065 1753.081 
324 1352 846 13940.1 1752.605 
353 1328 825 13978.253 1757.778 
370 1297 820 13946.038 1753.526 
321 1360 824 13971.275 1754.27 
342 1339 815 13985.899 1757.698 
328 1349 839 13942.501 1754.309 
349 1344 813 13993.353 1758.865 
293 1381 798 13934.663 1748.383 
332 1345 840 13930.408 1753.468 
348 1331 823 13985.319 1757.716 
315 1369 816 13976.309 1753.486 
371 1294 837 13943.967 1754.106 
312 1371 817 13975.234 1753.487 
333 1327 833 13904.733 1749.996 
372 1292 817 13933.781 1753.185 
322 1362 825 13975.644 1753.612 
342 1345 810 13978.885 1757.303 
355 1335 815 13984.427 1756.369 
366 1304 833 13955.722 1755.232 
339 1342 817 13978.737 1754.77 
353 1323 835 13983.097 1760.096 
313 1370 816 13977.116 1753.382 
353 1322 835 13984.298 1760.622 
358 1328 824 13982.741 1757.093 
309 1376 808 13963.225 1752.621 
