999 4574 2629 13780.59 1723.604 
991 4596 2599 13782.209 1724.229 
1017 4565 2625 13784.154 1723.108 
1013 4577 2616 13785.299 1723.619 
1034 4544 2617 13772.357 1722.357 
1022 4573 2603 13780.122 1723.197 
1018 4557 2640 13783.353 1723.996 
1011 4576 2611 13785.452 1723.663 
996 4592 2589 13785.091 1723.644 
1015 4569 2613 13783.101 1723.284 
1029 4539 2634 13775.083 1722.374 
1020 4563 2633 13785.569 1723.42 
1017 4579 2610 13786.47 1723.483 
1028 4539 2635 13775.131 1722.377 
1017 4575 2615 13786.785 1723.118 
1031 4535 2620 13778.078 1722.917 
1000 4577 2619 13783.555 1725.098 
1013 4571 2626 13784.973 1723.393 
990 4592 2602 13779.436 1724.276 
1032 4558 2612 13780.397 1722.953 
1014 4569 2617 13784.471 1723.273 
988 4597 2584 13772.073 1722.572 
1035 4547 2612 13780.054 1723.052 
1023 4562 2614 13779.751 1723.409 
1026 4557 2608 13781.871 1722.877 
1026 4541 2637 13775.852 1722.383 
1001 4593 2607 13780.883 1723.672 
1009 4595 2610 13787.391 1723.526 
991 4596 2597 13782.264 1724.239 
1020 4557 2645 13783.153 1724.297 
1011 4571 2631 13788.054 1724.336 
998 4575 2628 13780.088 1723.538 
996 4590 2613 13783.374 1724.906 
1024 4539 2636 13776.154 1722.501 
1018 4554 2635 13783.871 1723.725 
1003 4579 2618 13781.508 1723.547 
1018 4564 2633 13786.494 1723.772 
1031 4537 2627 13773.188 1722.585 
1034 4561 2625 13783.368 1722.342 
1004 4588 2599 13784.688 1723.868 
1010 4574 2605 13783.446 1725.123 
1029 4561 2626 13781.689 1723.946 
1003 4591 2616 13788.605 1724.652 
1015 4567 2629 13785.328 1723.719 
1014 4560 2636 13782.959 1723.11 
993 4593 2593 13777.488 1723.677 
1016 4559 2639 13776.572 1722.565 
1021 4568 2605 13784.261 1723.738 
999 4578 2619 13783.685 1725.12 
1022 4554 2618 13780.513 1724.097 
999 4573 2621 13781.246 1723.133 
1006 4575 2618 13784.494 1724.181 
1034 4531 2635 13773.909 1721.845 
1033 4562 2620 13780.152 1722.634 
1011 4578 2610 13782.387 1723.571 
1009 4576 2614 13786.837 1723.952 
1010 4589 2600 13784.575 1723.826 
999 4586 2604 13786.172 1724.709 
1021 4549 2625 13782.335 1722.609 
1010 4567 2622 13784.964 1724.421 
1000 4572 2622 13778.638 1722.881 
1008 4582 2616 13788.948 1723.952 
