744 3351 1931 13835.236 1732.533 
753 3358 1927 13843.521 1734.235 
766 3323 1951 13842.221 1734.673 
785 3280 1964 13814.956 1730.952 
804 3208 1900 13764.07 1726.754 
776 3320 1939 13835.555 1732.673 
804 3219 1890 13769.733 1726.048 
786 3302 1953 13836.939 1732.57 
793 3250 1921 13795.635 1727.867 
755 3336 1938 13837.6 1732.936 
766 3329 1943 13839.547 1734.057 
744 3360 1927 13840.621 1734.715 
788 3297 1955 13840.245 1735.674 
738 3361 1918 13839.746 1732.613 
800 3203 1912 13761.111 1727.06 
806 3208 1903 13762.708 1726.84 
800 3206 1919 13753.775 1725.643 
764 3337 1934 13833.809 1734.373 
787 3295 1957 13836.651 1733.637 
822 3185 1910 13767.126 1725.74 
750 3347 1935 13841.187 1734.575 
757 3336 1940 13835.133 1732.878 
774 3316 1950 13844.807 1735.765 
778 3309 1937 13843.511 1733.566 
776 3310 1945 13837.04 1734.657 
776 3295 1968 13830.044 1732.785 
779 3309 1947 13833.65 1734.051 
790 3282 1940 13823.051 1732.003 
779 3295 1962 13827.801 1732.296 
801 3222 1906 13776.76 1728.836 
752 3355 1929 13842.862 1735.373 
775 3321 1934 13840.024 1734.291 
765 3330 1953 13846.255 1735.15 
774 3306 1960 13826.898 1733.605 
767 3333 1929 13829.943 1733.136 
815 3190 1907 13762.395 1725.965 
761 3324 1964 13836.745 1734.234 
804 3221 1911 13767.561 1726.383 
762 3329 1956 13840.263 1734.841 
770 3320 1945 13845.333 1735.185 
815 3195 1899 13765.05 1726.237 
755 3341 1935 13843.049 1734.966 
807 3204 1897 13756.969 1726.091 
772 3332 1938 13836.429 1734.872 
806 3183 1930 13743.897 1724.27 
804 3215 1893 13764.902 1726.743 
773 3310 1961 13833.051 1732.595 
760 3329 1960 13832.693 1733.556 
785 3299 1962 13821.621 1731.182 
773 3316 1956 13845.518 1735.964 
817 3176 1925 13752.463 1725.198 
779 3307 1948 13830.897 1732.162 
747 3338 1940 13833.137 1733.419 
788 3287 1963 13831.691 1732.91 
761 3335 1950 13833.872 1732.778 
746 3337 1955 13828.95 1732.429 
818 3183 1904 13758.487 1726.68 
807 3213 1894 13772.414 1727.369 
770 3325 1953 13843.762 1734.327 
767 3326 1951 13836.027 1733.954 
777 3315 1957 13831.909 1733.769 
760 3335 1955 13843.311 1734.955 
814 3193 1927 13759.662 1726.606 
813 3194 1926 13759.816 1726.625 
786 3297 1957 13836.935 1733.616 
816 3190 1900 13765.781 1726.811 
757 3347 1928 13845.298 1734.367 
778 3300 1956 13825.899 1732.633 
759 3330 1953 13847.115 1735.445 
805 3208 1898 13770.672 1726.873 
790 3279 1952 13820.785 1730.777 
798 3208 1912 13756.141 1726.432 
800 3199 1925 13753.966 1725.282 
812 3202 1915 13770.922 1727.784 
772 3326 1942 13828.347 1732.944 
815 3202 1903 13759.464 1725.396 
