435 2118 1207 13984.215 1753.191 
463 2094 1227 13986.355 1753.248 
505 2044 1261 14001.191 1755.058 
449 2103 1244 13978.905 1750.738 
471 2079 1261 13986.451 1752.6 
447 2110 1222 13989.56 1753.339 
510 2035 1277 13982.877 1749.934 
446 2105 1223 13985.478 1752.917 
459 2096 1237 13982.962 1752.448 
460 2096 1228 13992.548 1754.59 
514 2022 1275 13973.683 1749.38 
490 2067 1278 13999.111 1752.015 
467 2085 1252 13979.033 1752.084 
471 2082 1237 13986.115 1751.523 
495 2051 1289 14010.324 1755.438 
493 2063 1283 14002.102 1752.491 
455 2095 1236 13998.703 1755.63 
467 2080 1276 13992.711 1751.961 
511 2031 1272 13989.222 1753.737 
483 2070 1281 14004.073 1752.166 
504 2043 1278 13998.841 1756.013 
464 2080 1277 13992.801 1752.583 
477 2080 1249 13983.48 1751.339 
479 2077 1251 13988.884 1752.34 
493 2063 1277 14003.633 1752.169 
455 2095 1236 13998.765 1755.606 
493 2063 1275 14008.978 1752.95 
443 2104 1230 13984.245 1752.95 
492 2050 1293 13997.744 1752.453 
512 2023 1266 13984.272 1753.124 
500 2048 1297 13993.092 1751.233 
485 2069 1267 14015.221 1756.346 
510 2031 1280 13981.821 1751.169 
468 2084 1266 13992.504 1753.111 
477 2076 1244 13990.04 1753.85 
474 2083 1245 13980.027 1752.317 
448 2105 1241 13976.83 1752.119 
468 2079 1278 13993.6 1752.153 
498 2057 1281 14009.133 1754.405 
500 2057 1279 14004.372 1755.103 
449 2107 1221 13990.865 1752.979 
501 2057 1282 14007.965 1754.926 
502 2051 1291 14007.123 1753.848 
510 2048 1274 14001.319 1754.318 
491 2068 1277 14011.781 1756.268 
470 2083 1256 13987.233 1752.375 
466 2087 1242 13981.398 1752.116 
463 2093 1264 14003.347 1754.028 
491 2065 1278 13989.646 1751.237 
509 2047 1299 14007.491 1754.822 
450 2097 1253 13975.619 1751.038 
504 2052 1269 13994.82 1753.324 
499 2061 1291 14007.324 1755.695 
512 2032 1278 13981.257 1750.717 
455 2103 1243 14001.821 1753.891 
489 2073 1280 14009.837 1753.79 
462 2095 1226 13986.021 1753.199 
478 2078 1279 14004.81 1752.95 
484 2075 1272 14013.702 1755.258 
