488 2054 1222 13975.873 1751.697 
485 2047 1223 13957.027 1746.74 
499 2039 1226 13955.317 1748.129 
468 2060 1202 13942.977 1747.637 
538 1934 1236 13892.269 1740.041 
467 2076 1174 13948.702 1747.057 
488 2055 1221 13976.586 1751.584 
464 2081 1185 13953.826 1747.676 
444 2088 1178 13947.812 1749.925 
497 2040 1218 13970.466 1753.264 
526 1947 1234 13900.787 1742.668 
471 2074 1187 13953.155 1748.55 
506 2030 1242 13985.854 1754.512 
458 2073 1206 13953.466 1749.441 
531 1945 1237 13895.631 1741.92 
536 1937 1238 13892.606 1740.435 
528 1980 1224 13935.595 1745.96 
445 2086 1181 13946.165 1749.189 
498 2040 1226 13955.229 1748.118 
525 1953 1236 13907.306 1742.518 
504 2025 1248 13978.617 1754.031 
461 2082 1190 13963.54 1750.737 
464 2071 1209 13969.294 1751.77 
490 2039 1225 13965.048 1748.802 
467 2062 1202 13943.745 1747.714 
521 2003 1240 13951.004 1747.431 
518 1995 1252 13949.158 1749.216 
529 1978 1225 13934.173 1745.863 
504 2035 1229 13974.493 1752.119 
500 2038 1226 13978.307 1752.876 
526 1985 1225 13934.208 1746.231 
524 2001 1231 13957.139 1749.28 
468 2058 1203 13950.671 1750.135 
467 2059 1203 13949.672 1750.028 
462 2072 1209 13968.973 1751.726 
471 2074 1188 13953.139 1748.548 
510 2030 1244 13978.604 1751.671 
511 2029 1246 13980.197 1751.93 
520 2004 1247 13957.171 1749.09 
525 1990 1228 13937.467 1747.173 
499 2036 1244 13980.646 1751.247 
511 2026 1264 13993.273 1751.906 
491 2043 1227 13957.578 1747.621 
477 2063 1197 13954.858 1751.202 
456 2076 1205 13955.802 1749.305 
476 2070 1185 13956.61 1747.913 
521 2010 1232 13964.731 1751.224 
499 2038 1221 13967.586 1753.478 
506 2031 1243 13987.159 1754.493 
517 2017 1253 13991.177 1755.35 
515 2004 1259 13970.091 1749.922 
443 2089 1177 13946.94 1749.712 
520 1995 1247 13961.323 1750.553 
538 1936 1235 13896.014 1740.632 
460 2083 1190 13964.495 1750.781 
459 2085 1200 13979.378 1753.558 
458 2059 1211 13939.454 1746.891 
466 2067 1207 13964.387 1752.124 
460 2074 1205 13963.46 1750.455 
509 2026 1249 13982.382 1752.762 
507 2031 1247 13984.132 1752.364 
510 2027 1249 13982.675 1751.997 
504 2033 1241 13971.597 1750.095 
513 2024 1257 13999.733 1752.98 
524 1992 1244 13945.784 1746.563 
508 2031 1239 13984.784 1754.402 
516 2023 1244 13977.79 1750.698 
469 2061 1200 13936.651 1744.645 
523 1993 1237 13942.743 1747.001 
487 2042 1242 13970.123 1749.429 
519 2007 1251 13970.795 1751.512 
520 1999 1255 13952.922 1748.394 
466 2068 1192 13945.45 1750.16 
533 1943 1234 13899.413 1742.158 
534 1944 1237 13900.888 1741.776 
518 2007 1250 13968.412 1751.68 
