336 1369 854 14036.101 1758.284 
336 1367 855 14038.463 1761.31 
335 1370 851 14047.646 1763.562 
287 1403 814 13994.101 1754.847 
349 1350 877 14040.513 1763.572 
299 1386 792 13976.932 1752.478 
374 1324 892 14045.859 1762.02 
361 1344 877 14037.739 1761.595 
342 1367 843 14047.085 1762.582 
333 1372 862 14043.233 1759.008 
363 1334 896 14036.838 1761.507 
335 1370 852 14047.43 1763.006 
362 1341 887 14033.554 1760.258 
298 1390 799 13988.18 1752.02 
352 1350 870 14041.209 1763.421 
347 1352 878 14051.782 1764.391 
365 1338 881 14055.315 1764.887 
348 1350 882 14027.197 1758.256 
373 1323 893 14045.738 1762.01 
359 1347 882 14059.229 1764.333 
367 1342 880 14057.691 1763.628 
302 1385 818 13976.546 1750.666 
323 1384 851 14048.402 1759.885 
325 1379 849 14039.212 1759.158 
339 1374 842 14051.296 1762.533 
349 1356 872 14041.256 1763.356 
372 1325 892 14045.178 1761.987 
349 1349 879 14039.304 1763.378 
351 1359 865 14052.343 1763.956 
368 1332 897 14046.279 1762.175 
343 1357 875 14038.045 1764.798 
324 1383 852 14048.356 1759.878 
355 1348 881 14050.783 1764.142 
339 1373 847 14061.651 1763.341 
338 1373 847 14058.044 1764.852 
371 1337 886 14060.278 1763.461 
297 1400 817 14010.237 1754.885 
342 1355 882 14047.787 1764.308 
355 1347 886 14038.008 1761.637 
335 1368 855 14038.367 1761.299 
348 1352 874 14052.778 1763.594 
351 1352 868 14042.927 1762.215 
327 1378 845 14039.512 1759.467 
333 1372 863 14043.128 1758.987 
345 1354 875 14039.656 1762.839 
352 1352 865 14020.1 1758.436 
340 1372 847 14062.153 1763.204 
341 1367 850 14037.148 1760.102 
361 1342 887 14033.243 1760.275 
354 1348 887 14037.781 1761.606 
373 1336 887 14060.507 1764.088 
286 1404 813 13993.139 1754.791 
337 1362 865 14049.668 1764.841 
338 1366 865 14055.807 1761.843 
358 1349 871 14044.313 1761.186 
349 1349 884 14028.536 1758.56 
332 1372 864 14054.565 1762.727 
375 1335 889 14062.91 1764.531 
349 1351 876 14055.243 1764.352 
368 1339 880 14054.281 1762.73 
377 1317 889 14032.562 1761.405 
327 1374 855 14038.257 1758.897 
341 1359 880 14040.266 1764.39 
347 1365 874 14058.999 1764.358 
333 1373 860 14050.053 1761.442 
344 1359 876 14045.764 1762.207 
349 1359 870 14055.145 1764.236 
366 1339 895 14052.532 1763.362 
361 1343 880 14052.808 1763.468 
333 1367 862 14049.942 1763.163 
357 1349 877 14054.203 1763.914 
373 1325 891 14044.832 1762.018 
361 1342 887 14033.311 1760.24 
345 1348 882 14033.218 1763.312 
