768 3295 1956 13847.26 1730.678 
754 3319 1965 13859.5 1732.323 
772 3287 1970 13843.593 1730.968 
738 3332 1942 13850.506 1731.358 
773 3278 1970 13844.861 1731.83 
733 3328 1953 13846.431 1729.939 
761 3288 1979 13847.789 1731.79 
773 3279 1962 13844.633 1731.731 
780 3243 1977 13823.889 1727.278 
726 3330 1955 13841.953 1728.909 
735 3321 1955 13844.045 1729.979 
780 3245 1966 13825.739 1728.982 
704 3337 1914 13828.393 1726.977 
766 3287 1973 13841.518 1730.744 
770 3271 1972 13838.655 1731.176 
726 3335 1923 13837.11 1730.5 
767 3300 1970 13848.176 1731.639 
733 3328 1954 13846.415 1729.936 
776 3283 1980 13845.818 1730.69 
764 3290 1975 13849.376 1731.582 
776 3273 1968 13840.708 1731.065 
728 3333 1927 13838.999 1730.699 
768 3283 1970 13846.129 1731.858 
777 3270 1974 13845.935 1731.624 
777 3271 1968 13840.097 1730.896 
725 3336 1923 13837.052 1730.486 
758 3304 1960 13854.544 1731.617 
762 3303 1961 13848.149 1730.731 
732 3329 1952 13846.037 1729.858 
764 3291 1971 13847.182 1731.236 
745 3323 1943 13848.113 1731.071 
739 3331 1942 13850.354 1731.349 
769 3279 1982 13845.658 1731.862 
739 3331 1942 13850.107 1731.48 
769 3287 1968 13844.843 1732.921 
726 3330 1954 13841.975 1728.912 
759 3304 1964 13845.537 1730.436 
765 3290 1974 13840.159 1729.82 
769 3286 1968 13845.009 1732.962 
704 3337 1913 13828.466 1726.988 
773 3289 1981 13846.065 1730.612 
763 3282 1975 13840.547 1731.744 
759 3302 1974 13847.138 1730.614 
758 3303 1973 13846.576 1730.518 
772 3284 1968 13844.288 1730.804 
728 3323 1956 13835.431 1728.92 
735 3325 1953 13847.425 1730.542 
778 3266 1977 13836.421 1730.068 
756 3310 1975 13862.15 1732.423 
751 3300 1978 13853.172 1732.602 
703 3337 1914 13828.44 1726.986 
760 3294 1971 13841.19 1730.546 
