360 1375 884 14123.831 1770.304 
336 1395 862 14116.662 1768.279 
331 1400 853 14088.637 1762.448 
361 1381 881 14134.012 1772.256 
366 1371 882 14115.823 1768.747 
370 1368 881 14120.885 1767.599 
370 1367 890 14120.908 1768.295 
346 1394 863 14111.265 1766.988 
317 1410 832 14065.989 1760.318 
337 1398 844 14079.485 1761.521 
331 1399 854 14087.147 1762.08 
328 1402 857 14087.366 1764.535 
367 1370 880 14124.22 1770.672 
358 1384 887 14124.611 1769.535 
329 1404 848 14092.797 1766.942 
334 1398 845 14105.313 1767.183 
368 1370 878 14123.874 1770.578 
365 1376 879 14122.721 1767.098 
352 1389 872 14127.278 1770.88 
365 1368 889 14118.049 1768.694 
321 1409 836 14078.171 1763.468 
360 1383 881 14125.523 1769.694 
356 1382 892 14125.137 1770.274 
330 1399 857 14096.818 1764.634 
360 1382 881 14133.66 1772.189 
356 1389 874 14125.596 1769.412 
354 1397 864 14123.273 1765.93 
361 1364 895 14104.905 1767.096 
321 1408 837 14076.879 1762.952 
340 1395 871 14105.304 1766.918 
353 1387 884 14117.029 1768.968 
365 1374 878 14124.053 1767.864 
348 1395 861 14130.726 1768.232 
337 1398 845 14079.299 1761.479 
351 1391 876 14133.343 1770.927 
333 1400 836 14085.753 1761.968 
368 1372 881 14126.044 1769.255 
372 1363 887 14132.172 1769.781 
367 1373 877 14120.409 1765.91 
362 1376 888 14126.846 1769.142 
330 1406 851 14095.996 1764.814 
361 1384 878 14121.76 1767.579 
363 1382 886 14134.758 1769.185 
376 1353 881 14090.788 1764.394 
373 1363 896 14122.751 1768.734 
370 1364 891 14121.204 1768.817 
334 1398 846 14079.078 1763.841 
365 1369 887 14105.036 1765.801 
366 1373 885 14116.192 1767.608 
357 1392 866 14123.463 1767.368 
371 1373 875 14127.833 1769.517 
351 1393 877 14132.731 1771.664 
371 1370 883 14113.461 1767.758 
357 1382 882 14133.601 1770.44 
359 1374 892 14113.247 1768.579 
354 1385 888 14125.851 1769.987 
357 1378 886 14121.427 1770.763 
371 1373 876 14127.822 1769.515 
351 1392 886 14120.863 1770.544 
369 1376 876 14129.082 1769.563 
370 1368 878 14123.299 1768.493 
365 1375 880 14115.697 1766.11 
364 1381 887 14134.499 1769.182 
374 1360 883 14116.396 1768.118 
375 1349 883 14091.554 1764.381 
367 1366 894 14122.901 1768.463 
359 1385 872 14113.211 1766.506 
330 1407 856 14092.885 1764.862 
362 1378 878 14125.661 1769.78 
364 1379 876 14118.96 1771.514 
357 1385 887 14124.76 1769.565 
363 1375 889 14127.994 1769.287 
374 1364 886 14121.462 1767.303 
357 1385 879 14130.562 1771.808 
