323 1365 810 13956.399 1748.864 
384 1247 825 13886.516 1739.413 
374 1282 840 13935.985 1746.097 
342 1342 822 13957.932 1748.667 
355 1306 844 13950.862 1750.765 
341 1346 808 13951.278 1746.849 
341 1340 809 13959.513 1749.55 
334 1353 816 13957.599 1747.503 
337 1343 824 13945.037 1747.464 
346 1328 828 13947.017 1748.42 
380 1258 814 13852.666 1736.294 
383 1248 824 13886.4 1739.396 
368 1298 842 13961.5 1753.626 
335 1346 822 13950.36 1747.612 
321 1371 805 13954.754 1749.39 
331 1364 811 13963.808 1747.016 
383 1247 825 13884.212 1739.435 
336 1352 806 13964.52 1750.728 
337 1351 806 13964.343 1750.708 
344 1342 811 13951.486 1747.505 
380 1258 815 13852.645 1736.292 
359 1303 843 13947.179 1750.295 
358 1316 832 13958.164 1748.897 
337 1357 817 13962.421 1745.531 
372 1290 836 13932.224 1747.011 
338 1353 805 13960.982 1749.77 
343 1336 826 13950.99 1747.574 
327 1357 819 13953.578 1747.499 
330 1365 808 13969.424 1748.736 
354 1312 850 13963.768 1751.678 
338 1352 812 13958.142 1745.682 
334 1356 810 13967.674 1751.181 
380 1258 815 13852.133 1736.408 
320 1372 805 13954.768 1749.393 
329 1352 822 13952.61 1749.806 
335 1361 814 13971.023 1748.297 
340 1350 815 13964.208 1749.576 
338 1347 818 13953.499 1748.84 
340 1354 805 13962.854 1748.219 
325 1364 812 13958.095 1749.114 
338 1353 811 13963.01 1748.34 
347 1317 838 13952.972 1750.157 
333 1348 819 13958.74 1750.786 
330 1351 822 13951.146 1749.715 
364 1301 838 13959.444 1753.326 
336 1357 814 13958.628 1748.793 
378 1269 834 13914.735 1746.423 
330 1358 817 13960.202 1748.815 
328 1356 820 13953.482 1747.49 
353 1313 849 13962.803 1751.548 
363 1302 837 13959.234 1753.287 
349 1323 835 13963.04 1749.945 
338 1349 821 13952.803 1746.328 
334 1362 813 13971.031 1748.516 
370 1296 849 13957.737 1750.947 
348 1339 825 13956.792 1749.326 
338 1345 819 13956.993 1748.031 
337 1351 821 13966.168 1749.532 
338 1348 817 13959.621 1746.733 
377 1270 834 13915.094 1746.445 
357 1301 843 13958.045 1749.959 
375 1280 840 13934.995 1746.554 
329 1363 815 13968.551 1749.957 
339 1345 818 13964.554 1749.74 
337 1353 817 13953.767 1746.936 
330 1362 816 13968.843 1750.025 
366 1294 845 13947.277 1751.06 
336 1360 814 13970.834 1748.286 
371 1291 834 13930.662 1746.912 
335 1357 815 13967.038 1750.535 
341 1344 816 13940.116 1746.803 
334 1356 817 13961.984 1746.78 
