479 1906 1137 13773.076 1724.737 
473 1918 1125 13768.829 1723.49 
457 2009 1193 13888.596 1742.948 
472 1959 1181 13838.653 1735.544 
469 1963 1181 13833.505 1736.64 
466 1988 1208 13886.547 1741.981 
472 1959 1179 13838.807 1735.57 
453 2022 1207 13901.349 1743.418 
484 1898 1145 13766.943 1723.869 
454 2020 1206 13899.048 1743.141 
484 1899 1145 13766.573 1723.866 
458 2007 1194 13887.741 1742.992 
466 1998 1205 13902.943 1744.617 
447 2035 1205 13908.263 1744.991 
464 1998 1209 13896.355 1742.813 
435 2040 1198 13899.377 1744.999 
407 2085 1134 13894.616 1736.644 
456 2017 1204 13902.671 1744.39 
455 2019 1203 13904.148 1744.677 
420 2071 1136 13901.886 1737.979 
424 2051 1151 13886.308 1736.694 
485 1899 1132 13772.454 1724.293 
415 2079 1154 13897.39 1736.998 
431 2059 1141 13901.498 1737.872 
419 2062 1152 13897.464 1738.368 
411 2084 1137 13889.453 1737.314 
422 2065 1149 13895.225 1736.542 
410 2084 1129 13895.094 1737.073 
423 2073 1135 13904.856 1738.998 
466 1969 1210 13858.978 1736.434 
406 2088 1138 13895.313 1738.538 
409 2079 1130 13889.061 1739.0 
452 2029 1204 13907.09 1744.588 
419 2068 1140 13902.288 1738.727 
424 2059 1149 13893.314 1738.24 
471 1962 1181 13841.429 1735.837 
417 2068 1147 13895.711 1737.973 
425 2050 1152 13887.14 1735.793 
427 2066 1143 13901.434 1738.077 
418 2077 1140 13908.307 1739.06 
459 2010 1197 13902.009 1742.652 
410 2072 1143 13885.959 1737.459 
418 2067 1145 13895.353 1738.058 
434 2045 1180 13892.48 1743.665 
450 2038 1204 13913.161 1745.44 
441 2044 1206 13909.777 1744.564 
416 2071 1144 13901.34 1738.357 
463 1992 1216 13882.535 1739.426 
452 2029 1202 13909.741 1745.09 
457 2016 1205 13897.046 1742.736 
392 2091 1114 13873.68 1737.405 
434 2046 1187 13895.189 1743.194 
426 2067 1144 13901.719 1738.008 
409 2084 1145 13896.704 1737.757 
417 2067 1147 13892.952 1738.729 
458 2003 1207 13889.954 1741.919 
428 2066 1142 13902.956 1739.007 
421 2052 1151 13881.373 1734.487 
455 2032 1201 13916.847 1745.971 
401 2089 1137 13890.894 1737.817 
