920 4566 2495 13679.503 1714.109 
907 4580 2465 13677.905 1714.257 
940 4524 2428 13670.083 1710.961 
896 4585 2456 13679.409 1714.79 
941 4523 2428 13670.006 1710.949 
842 4653 2428 13703.875 1716.2 
936 4529 2425 13670.723 1710.941 
989 4454 2486 13667.429 1709.784 
962 4489 2484 13683.366 1712.395 
966 4483 2490 13681.55 1711.899 
951 4503 2491 13674.21 1710.893 
895 4586 2455 13679.155 1714.757 
875 4620 2444 13697.681 1715.507 
877 4618 2447 13698.516 1715.595 
906 4582 2483 13679.321 1714.787 
938 4529 2423 13669.325 1710.603 
945 4512 2478 13678.235 1711.456 
905 4584 2483 13679.692 1714.74 
859 4640 2442 13707.191 1717.577 
843 4660 2421 13699.911 1715.183 
870 4630 2443 13698.546 1715.896 
945 4520 2435 13670.85 1711.257 
889 4588 2478 13679.958 1714.91 
962 4484 2486 13678.044 1711.699 
945 4528 2459 13678.184 1709.979 
894 4585 2474 13677.413 1714.509 
922 4571 2491 13680.414 1715.14 
903 4579 2486 13675.788 1713.551 
961 4485 2501 13675.161 1711.521 
867 4621 2446 13694.038 1715.714 
929 4549 2485 13675.232 1713.633 
914 4565 2501 13684.414 1715.179 
964 4496 2504 13673.625 1710.874 
951 4510 2475 13681.41 1711.73 
852 4655 2421 13703.147 1715.985 
915 4564 2502 13684.627 1715.188 
984 4461 2481 13669.999 1711.025 
961 4504 2484 13675.94 1710.662 
956 4495 2490 13683.735 1711.761 
865 4627 2447 13700.939 1716.435 
842 4653 2431 13702.328 1715.94 
864 4652 2441 13712.566 1717.279 
844 4658 2421 13700.831 1715.613 
922 4572 2490 13680.677 1715.151 
977 4472 2483 13673.943 1711.552 
950 4509 2470 13681.543 1711.436 
878 4614 2448 13699.883 1716.102 
916 4563 2503 13684.606 1715.183 
977 4471 2494 13675.388 1711.898 
944 4513 2481 13679.96 1711.413 
980 4457 2487 13663.603 1709.334 
985 4439 2495 13661.214 1710.177 
972 4477 2484 13676.989 1711.996 
981 4456 2505 13669.409 1709.957 
971 4480 2491 13680.21 1711.36 
969 4497 2503 13678.761 1710.904 
861 4636 2442 13702.868 1716.46 
866 4626 2446 13700.227 1716.34 
845 4655 2424 13697.182 1715.471 
948 4512 2467 13672.132 1709.475 
921 4573 2490 13680.787 1715.186 
868 4620 2449 13694.183 1715.712 
955 4501 2480 13676.781 1710.042 
948 4514 2463 13676.877 1710.546 
920 4576 2485 13681.275 1715.206 
920 4577 2484 13681.571 1715.295 
953 4499 2474 13677.665 1710.242 
945 4509 2492 13668.296 1709.336 
925 4563 2498 13678.537 1714.737 
931 4549 2483 13675.512 1713.898 
