200 635 440 14057.203 1761.395 
199 635 441 14061.099 1761.392 
192 671 448 14168.704 1778.479 
166 701 461 14181.366 1786.124 
175 692 462 14183.451 1786.43 
169 700 456 14177.877 1785.729 
168 700 462 14181.798 1784.088 
176 692 437 14211.943 1785.327 
169 699 463 14183.469 1784.424 
166 704 454 14190.053 1786.662 
146 741 422 14178.06 1782.955 
200 634 441 14059.072 1761.103 
152 731 438 14162.199 1783.798 
146 739 434 14175.239 1778.579 
190 677 451 14192.474 1780.561 
170 698 462 14183.448 1784.957 
144 742 419 14176.636 1783.671 
184 690 444 14213.814 1786.711 
174 692 438 14225.565 1790.226 
149 734 434 14172.844 1783.106 
148 736 438 14173.345 1780.999 
153 731 434 14165.486 1785.523 
137 752 432 14196.016 1783.377 
179 691 447 14199.023 1785.783 
143 746 434 14187.876 1781.152 
137 760 427 14226.076 1788.736 
150 735 434 14175.751 1781.634 
167 703 454 14189.816 1786.588 
149 738 429 14145.601 1774.794 
155 734 429 14164.737 1778.835 
178 692 447 14198.245 1785.759 
185 684 449 14208.515 1785.641 
183 691 446 14219.017 1786.963 
141 750 426 14181.52 1779.071 
195 667 448 14163.131 1776.481 
145 748 433 14184.576 1778.494 
138 755 430 14207.646 1785.91 
172 694 462 14175.658 1787.672 
190 677 452 14192.091 1780.468 
157 722 427 14148.803 1783.151 
166 705 460 14186.848 1785.556 
152 734 432 14164.921 1784.603 
150 731 438 14165.274 1782.622 
137 751 433 14189.398 1783.442 
138 757 429 14185.152 1777.024 
167 704 459 14186.958 1785.622 
157 729 438 14153.228 1781.656 
139 747 429 14189.971 1781.37 
144 749 432 14184.151 1778.482 
196 666 449 14167.353 1777.012 
156 732 431 14166.228 1779.224 
152 731 437 14164.745 1783.97 
167 704 461 14187.823 1785.478 
140 744 428 14186.066 1783.42 
155 726 438 14173.085 1783.722 
200 634 440 14059.536 1761.165 
142 746 429 14185.005 1784.709 
191 674 446 14162.467 1776.39 
137 751 434 14188.077 1782.299 
148 734 438 14175.932 1784.49 
144 741 434 14174.086 1778.219 
146 740 438 14167.212 1780.552 
152 734 426 14170.396 1782.014 
174 699 436 14189.799 1785.684 
136 753 431 14197.502 1782.674 
171 697 459 14168.846 1785.749 
161 706 451 14172.003 1784.794 
137 752 439 14179.179 1781.435 
139 747 439 14171.889 1779.341 
148 739 429 14144.795 1774.692 
139 748 437 14171.377 1780.778 
137 746 440 14165.405 1779.511 
195 667 447 14163.491 1776.511 
178 698 441 14197.141 1787.566 
175 696 442 14189.894 1785.252 
144 742 423 14182.671 1782.321 
156 730 436 14153.853 1781.678 
145 746 427 14186.773 1782.024 
145 743 427 14176.117 1782.093 
138 751 439 14183.754 1781.398 
187 679 446 14182.975 1779.99 
192 669 449 14159.268 1776.322 
154 729 441 14178.903 1785.313 
150 736 435 14170.591 1782.152 
