1053 4559 2721 13792.827 1726.342 
1036 4619 2737 13818.59 1729.816 
1049 4600 2721 13812.34 1729.287 
1053 4558 2722 13792.354 1726.325 
1041 4612 2734 13815.731 1729.361 
1002 4653 2702 13817.901 1729.791 
1037 4615 2735 13818.01 1729.552 
1009 4650 2705 13820.864 1730.097 
1049 4595 2744 13812.643 1729.099 
1040 4619 2726 13819.418 1730.807 
1007 4638 2733 13816.557 1729.569 
1029 4633 2739 13826.335 1730.66 
1045 4608 2724 13821.349 1729.503 
999 4660 2692 13822.846 1730.112 
1011 4646 2721 13824.587 1730.493 
1002 4653 2691 13821.032 1729.245 
1019 4637 2715 13821.659 1729.813 
1050 4565 2750 13806.438 1726.927 
1008 4646 2728 13821.06 1729.964 
962 4668 2638 13788.197 1725.086 
1029 4604 2751 13806.431 1726.818 
1038 4614 2725 13822.346 1730.989 
1040 4622 2714 13817.672 1730.486 
1050 4600 2698 13805.959 1728.407 
1041 4606 2748 13816.572 1729.485 
1013 4639 2719 13821.934 1730.018 
1013 4647 2707 13817.929 1729.651 
1045 4607 2725 13814.722 1729.084 
1049 4608 2720 13818.423 1730.064 
1035 4624 2743 13825.278 1730.783 
997 4661 2689 13820.219 1729.504 
999 4657 2703 13823.809 1730.845 
1033 4630 2740 13823.716 1731.045 
1012 4644 2719 13823.353 1730.068 
1043 4611 2745 13823.946 1729.52 
1003 4652 2694 13823.416 1731.451 
1027 4630 2745 13827.073 1731.064 
1039 4609 2744 13816.231 1729.928 
1046 4614 2719 13817.116 1730.33 
1019 4636 2723 13825.65 1730.587 
1005 4648 2707 13816.266 1729.108 
1006 4652 2694 13814.461 1728.952 
1022 4636 2729 13822.843 1730.491 
1001 4654 2694 13817.309 1729.48 
1040 4619 2725 13819.446 1730.715 
1015 4638 2720 13823.665 1730.766 
1041 4625 2712 13820.661 1731.361 
1001 4655 2696 13817.303 1729.469 
1013 4644 2697 13824.896 1731.174 
1046 4615 2718 13817.419 1730.37 
1032 4631 2738 13828.777 1730.855 
1012 4649 2698 13823.021 1730.335 
1048 4569 2747 13809.89 1727.075 
1047 4598 2722 13812.011 1729.067 
1023 4624 2748 13818.809 1728.903 
1040 4609 2736 13819.157 1730.362 
1023 4635 2746 13825.5 1730.394 
1008 4639 2731 13820.626 1729.44 
1038 4625 2725 13820.967 1730.853 
1014 4639 2715 13825.611 1730.416 
999 4660 2701 13817.229 1729.619 
1044 4614 2718 13819.89 1730.474 
1038 4614 2735 13817.252 1729.881 
1022 4641 2727 13821.38 1729.856 
1011 4647 2715 13825.143 1730.524 
1012 4643 2709 13821.049 1730.159 
1043 4606 2746 13822.275 1731.294 
1046 4600 2756 13815.417 1729.23 
1014 4643 2692 13821.54 1729.614 
1044 4609 2724 13821.344 1729.552 
1042 4619 2715 13815.844 1730.037 
