780 3218 1961 13770.892 1725.771 
782 3221 1955 13773.721 1726.567 
719 3331 1932 13803.919 1730.431 
714 3334 1929 13800.805 1729.28 
761 3295 1948 13807.097 1729.689 
714 3331 1933 13793.922 1729.38 
779 3252 1959 13790.787 1728.514 
751 3289 1962 13796.101 1730.219 
750 3313 1931 13798.145 1729.079 
720 3332 1929 13786.522 1728.673 
778 3250 1968 13797.506 1729.015 
729 3338 1920 13805.995 1730.855 
776 3257 1957 13789.929 1727.839 
759 3291 1956 13802.33 1729.801 
740 3332 1922 13806.693 1730.759 
778 3250 1969 13797.097 1728.947 
774 3273 1940 13808.08 1729.908 
784 3212 1956 13768.158 1726.421 
742 3318 1942 13810.731 1730.947 
771 3257 1964 13792.779 1729.148 
748 3296 1959 13798.623 1730.719 
763 3292 1950 13805.252 1730.696 
741 3323 1917 13802.049 1729.818 
748 3290 1968 13794.975 1730.455 
738 3320 1941 13816.222 1733.116 
763 3289 1954 13803.772 1729.468 
764 3288 1955 13804.075 1729.536 
718 3334 1926 13796.057 1729.637 
737 3330 1945 13812.543 1732.105 
744 3301 1969 13797.704 1730.391 
751 3309 1931 13796.552 1728.887 
765 3269 1972 13794.563 1729.543 
763 3274 1974 13801.553 1729.427 
779 3248 1969 13797.151 1728.916 
745 3319 1915 13804.899 1730.305 
767 3284 1953 13801.203 1730.097 
771 3268 1947 13791.364 1727.146 
736 3315 1948 13804.924 1731.94 
720 3325 1947 13799.061 1729.891 
732 3335 1902 13803.048 1730.63 
758 3299 1940 13801.095 1729.949 
747 3309 1942 13799.98 1729.414 
781 3216 1962 13770.212 1725.626 
726 3324 1948 13802.561 1731.174 
759 3298 1941 13801.552 1730.026 
757 3300 1938 13801.2 1729.956 
713 3347 1909 13801.453 1730.352 
711 3345 1915 13794.787 1730.152 
710 3346 1915 13794.881 1730.269 
730 3339 1909 13796.467 1729.525 
741 3319 1942 13810.514 1730.941 
752 3287 1965 13796.305 1730.228 
747 3311 1930 13804.398 1729.151 
716 3338 1925 13788.335 1727.959 
717 3334 1927 13795.772 1730.543 
757 3316 1928 13809.661 1730.273 
764 3285 1965 13801.669 1729.625 
761 3279 1967 13798.151 1728.637 
739 3312 1953 13808.156 1730.936 
751 3285 1968 13792.655 1729.294 
747 3297 1952 13795.654 1729.686 
750 3305 1940 13805.687 1731.052 
727 3323 1949 13802.603 1731.176 
754 3307 1946 13801.739 1728.276 
743 3307 1957 13797.974 1728.504 
712 3348 1908 13801.4 1730.351 
744 3306 1946 13799.959 1730.593 
738 3303 1960 13790.604 1728.203 
730 3337 1920 13805.97 1730.85 
753 3288 1964 13797.219 1730.469 
746 3309 1953 13801.701 1729.491 
745 3308 1925 13803.087 1731.185 
773 3256 1970 13794.561 1728.612 
774 3260 1967 13797.581 1728.464 
772 3272 1945 13805.814 1729.826 
749 3292 1967 13796.223 1729.825 
769 3268 1963 13798.879 1729.633 
767 3280 1964 13799.726 1729.268 
770 3269 1959 13798.871 1727.79 
743 3308 1945 13800.019 1730.605 
