290 1431 796 14008.785 1755.175 
290 1431 798 14005.357 1755.966 
288 1431 784 14017.59 1757.587 
297 1426 803 14031.614 1760.72 
298 1423 806 14028.21 1759.898 
359 1375 891 14119.272 1771.451 
301 1422 809 14034.233 1760.368 
337 1397 864 14109.874 1769.196 
361 1371 892 14116.957 1771.442 
291 1415 816 14023.459 1756.367 
331 1403 876 14090.301 1767.778 
296 1431 797 14005.17 1755.274 
288 1431 783 14018.742 1757.752 
298 1429 805 14025.977 1757.663 
358 1376 891 14119.449 1771.464 
360 1374 890 14115.04 1771.955 
341 1395 884 14114.933 1769.59 
356 1381 893 14129.518 1773.97 
303 1420 810 14033.848 1760.121 
302 1420 813 14040.886 1760.543 
336 1396 876 14096.088 1769.72 
338 1393 891 14107.266 1770.504 
337 1398 863 14110.37 1769.393 
321 1406 870 14086.229 1768.25 
295 1429 802 14033.788 1759.936 
364 1373 895 14111.131 1770.914 
345 1391 872 14110.122 1772.855 
330 1399 877 14090.849 1767.359 
311 1414 838 14070.289 1764.853 
290 1434 795 14019.081 1755.973 
356 1382 894 14130.945 1773.829 
339 1391 892 14104.56 1769.964 
298 1428 804 14029.797 1757.758 
301 1429 805 14023.584 1757.168 
296 1427 803 14034.878 1760.124 
331 1403 877 14090.175 1767.764 
331 1402 878 14088.541 1767.22 
306 1419 807 14032.899 1759.754 
361 1370 893 14116.517 1771.509 
367 1364 898 14117.952 1771.428 
359 1368 896 14088.639 1767.54 
298 1426 802 14037.434 1760.333 
296 1429 801 14038.323 1760.652 
338 1401 875 14100.685 1771.347 
310 1413 846 14072.584 1765.501 
340 1396 883 14113.238 1769.255 
328 1409 869 14099.957 1770.181 
330 1406 876 14097.143 1767.922 
366 1365 897 14118.179 1771.448 
346 1394 889 14124.707 1772.794 
326 1405 877 14090.257 1766.85 
360 1374 893 14101.12 1769.84 
332 1405 875 14096.003 1770.254 
340 1388 890 14104.931 1767.658 
