609 3313 1724 13689.795 1713.961 
714 3219 1884 13742.889 1720.447 
604 3320 1718 13689.403 1714.323 
611 3312 1736 13691.482 1714.673 
716 3208 1885 13741.756 1720.595 
619 3311 1742 13698.932 1714.314 
714 3214 1887 13737.729 1719.605 
745 3158 1897 13715.474 1718.03 
710 3226 1878 13743.474 1720.442 
755 3144 1806 13688.399 1713.199 
724 3213 1884 13752.352 1721.804 
721 3231 1855 13739.802 1720.748 
713 3232 1881 13733.424 1718.996 
746 3157 1898 13715.294 1718.019 
605 3316 1723 13689.488 1713.865 
681 3287 1852 13741.613 1721.29 
754 3145 1804 13688.954 1713.01 
678 3289 1828 13739.085 1718.92 
698 3237 1881 13742.698 1721.433 
762 3135 1813 13685.325 1713.044 
747 3160 1900 13721.084 1716.509 
739 3164 1885 13717.65 1717.342 
705 3271 1854 13743.499 1719.937 
715 3227 1866 13726.235 1719.016 
605 3316 1725 13688.792 1713.473 
724 3213 1884 13752.32 1721.822 
748 3170 1867 13722.616 1719.861 
740 3163 1886 13717.747 1717.352 
722 3220 1879 13749.827 1721.63 
720 3225 1872 13738.789 1719.767 
700 3243 1879 13739.821 1720.216 
743 3206 1880 13751.345 1721.271 
718 3237 1852 13747.506 1721.746 
747 3167 1881 13724.865 1720.843 
712 3249 1848 13746.853 1722.745 
738 3195 1903 13748.598 1721.151 
701 3238 1883 13736.859 1717.177 
706 3271 1846 13744.849 1719.487 
750 3158 1893 13719.197 1717.31 
750 3158 1892 13719.359 1717.319 
756 3139 1811 13686.302 1712.686 
698 3227 1884 13735.902 1719.435 
704 3272 1853 13743.581 1719.95 
714 3229 1880 13742.305 1719.241 
749 3175 1884 13734.378 1719.751 
725 3233 1847 13748.933 1720.989 
756 3139 1810 13686.911 1712.786 
713 3270 1873 13754.329 1722.211 
693 3243 1879 13740.759 1720.135 
702 3228 1879 13741.885 1720.807 
606 3317 1718 13689.043 1714.036 
709 3228 1881 13745.442 1720.707 
674 3309 1855 13759.789 1722.915 
726 3224 1883 13750.883 1720.498 
691 3281 1861 13742.654 1720.226 
700 3250 1845 13745.082 1722.634 
731 3214 1860 13742.425 1721.552 
723 3200 1890 13734.772 1719.185 
694 3283 1860 13747.178 1719.709 
752 3148 1804 13689.35 1713.07 
615 3312 1738 13694.933 1713.446 
696 3279 1870 13751.169 1721.029 
710 3249 1855 13757.202 1722.945 
684 3281 1856 13748.475 1720.613 
718 3209 1898 13735.351 1718.996 
744 3174 1880 13722.41 1719.901 
751 3157 1895 13720.254 1717.472 
691 3250 1890 13751.18 1723.212 
760 3137 1812 13684.778 1713.005 
703 3279 1862 13748.384 1719.899 
