756 3382 1977 13918.206 1741.867 
757 3383 1948 13897.884 1739.661 
771 3366 1970 13911.67 1740.661 
770 3353 2002 13912.706 1739.485 
790 3325 1984 13898.602 1740.179 
766 3364 1991 13910.111 1740.309 
780 3346 1999 13910.396 1739.154 
762 3375 1977 13911.604 1740.035 
775 3359 1997 13919.568 1739.685 
791 3334 1970 13901.396 1739.988 
789 3342 1966 13907.82 1740.407 
791 3326 1979 13897.333 1740.392 
779 3348 1998 13910.588 1739.095 
768 3379 1968 13918.192 1741.341 
771 3367 1974 13901.827 1740.26 
767 3369 1969 13911.229 1740.088 
767 3370 1971 13907.248 1740.938 
792 3333 1973 13901.455 1739.785 
772 3353 1999 13913.331 1740.32 
771 3366 1982 13910.185 1740.307 
772 3366 1977 13909.445 1740.242 
777 3360 1968 13916.148 1740.166 
786 3345 1982 13909.649 1740.631 
773 3364 1989 13908.512 1740.163 
784 3341 1990 13906.315 1739.797 
783 3348 1978 13908.042 1740.058 
747 3396 1963 13910.178 1740.225 
775 3354 2000 13912.372 1738.404 
775 3362 1997 13915.793 1740.897 
794 3324 1970 13899.757 1740.185 
778 3360 1977 13907.094 1740.241 
757 3379 1984 13910.249 1740.077 
781 3355 1980 13911.697 1740.387 
783 3354 1961 13910.663 1741.099 
777 3352 1993 13917.042 1740.747 
780 3350 1973 13908.441 1741.16 
777 3348 2000 13909.18 1739.022 
770 3362 2001 13916.334 1740.661 
755 3385 1962 13914.566 1740.226 
759 3373 1989 13907.029 1740.03 
761 3377 1981 13911.494 1740.525 
798 3313 1972 13894.938 1737.642 
757 3378 1977 13918.899 1740.515 
764 3371 1994 13919.909 1741.476 
790 3328 1979 13897.918 1740.402 
732 3397 1952 13903.938 1740.138 
783 3342 1997 13909.675 1739.48 
778 3360 1968 13916.235 1740.143 
760 3368 1996 13912.633 1740.275 
799 3309 1971 13889.533 1736.441 
769 3375 1970 13910.391 1740.718 
774 3358 2001 13915.93 1739.217 
753 3380 1984 13909.516 1740.307 
765 3381 1970 13914.304 1740.408 
793 3334 1977 13905.4 1739.532 
780 3361 1992 13913.907 1739.195 
777 3360 1970 13911.653 1741.141 
768 3355 2008 13911.259 1740.125 
775 3346 2001 13907.394 1739.602 
795 3315 1967 13891.682 1737.366 
788 3342 2003 13910.427 1739.16 
781 3344 1992 13906.135 1738.548 
784 3357 1987 13907.768 1739.918 
790 3339 2004 13914.407 1739.335 
779 3347 2011 13909.982 1739.55 
783 3359 1989 13914.945 1739.937 
774 3368 1988 13913.378 1740.059 
762 3372 1993 13910.945 1740.403 
779 3351 1994 13908.189 1738.567 
760 3382 1964 13907.156 1740.623 
777 3361 1995 13918.624 1739.858 
792 3330 1984 13905.72 1739.562 
