655 2637 1613 13872.595 1737.177 
662 2621 1606 13872.379 1737.829 
641 2671 1598 13882.766 1739.825 
623 2674 1601 13880.025 1738.563 
622 2682 1595 13883.883 1739.345 
627 2682 1592 13882.112 1742.299 
639 2670 1595 13888.14 1739.96 
633 2669 1599 13884.368 1739.767 
654 2641 1619 13868.994 1736.946 
656 2644 1606 13871.878 1738.635 
661 2636 1610 13879.313 1738.16 
661 2636 1611 13878.897 1738.11 
657 2652 1601 13884.65 1740.253 
666 2613 1608 13854.525 1735.172 
655 2631 1611 13879.317 1739.273 
656 2623 1615 13859.79 1736.994 
667 2612 1608 13855.321 1735.247 
617 2674 1604 13881.883 1739.43 
645 2660 1618 13884.279 1739.213 
639 2655 1616 13890.509 1739.567 
619 2683 1577 13878.273 1737.074 
614 2688 1596 13878.886 1740.348 
630 2641 1627 13864.873 1737.049 
640 2657 1619 13886.402 1739.086 
641 2667 1613 13885.754 1739.533 
651 2647 1606 13879.736 1737.882 
643 2658 1602 13882.364 1739.397 
661 2613 1619 13852.33 1735.974 
637 2661 1616 13891.896 1739.414 
623 2670 1603 13876.748 1738.576 
652 2625 1623 13864.388 1737.569 
641 2657 1618 13880.876 1739.797 
649 2639 1610 13875.731 1739.404 
655 2634 1618 13861.312 1737.492 
648 2650 1623 13883.525 1739.476 
628 2672 1599 13883.454 1739.236 
662 2612 1620 13860.625 1738.834 
656 2618 1621 13856.04 1736.048 
648 2657 1594 13882.202 1739.475 
650 2656 1598 13880.428 1738.825 
640 2668 1612 13885.72 1739.525 
650 2636 1609 13880.682 1737.926 
631 2673 1589 13883.351 1739.009 
657 2642 1608 13879.083 1738.244 
651 2649 1618 13875.173 1739.593 
655 2632 1611 13872.587 1738.994 
646 2658 1617 13883.073 1739.194 
644 2664 1599 13880.586 1740.488 
648 2654 1596 13876.047 1739.129 
