1064 5214 2829 13703.322 1714.007 
1121 4986 2764 13605.951 1702.137 
1119 4989 2763 13606.015 1702.076 
1121 4987 2763 13606.712 1702.229 
1065 5183 2843 13694.974 1714.625 
1082 5145 2852 13678.513 1712.078 
1037 5282 2825 13719.024 1716.578 
1029 5286 2812 13721.564 1716.271 
1048 5263 2822 13723.258 1716.827 
1018 5300 2773 13713.811 1716.355 
1091 5125 2845 13684.638 1713.925 
1086 5142 2848 13684.646 1712.292 
1082 5143 2862 13675.123 1711.819 
1050 5244 2832 13714.452 1715.415 
1051 5243 2825 13711.138 1715.566 
1046 5264 2851 13721.252 1716.693 
1075 5164 2846 13686.181 1712.834 
1111 5095 2848 13671.465 1710.508 
1067 5159 2867 13685.937 1713.5 
1088 5137 2847 13680.73 1711.847 
1083 5132 2873 13676.306 1712.294 
1046 5273 2827 13724.448 1716.988 
1069 5162 2847 13687.551 1712.557 
1026 5288 2779 13714.412 1716.152 
1063 5242 2865 13721.783 1716.435 
1112 5093 2848 13667.133 1710.497 
1035 5282 2834 13721.788 1716.858 
1062 5240 2825 13713.183 1716.683 
1049 5248 2844 13716.954 1717.161 
1030 5285 2813 13721.891 1716.302 
1051 5245 2827 13710.538 1715.927 
1110 5119 2878 13686.745 1713.295 
1116 4995 2745 13599.886 1700.708 
1090 5144 2868 13678.218 1711.636 
1037 5275 2827 13715.788 1717.115 
1074 5158 2837 13686.805 1713.844 
1045 5277 2818 13727.252 1716.981 
1047 5273 2800 13723.638 1717.357 
1047 5271 2827 13723.811 1716.974 
1089 5140 2870 13677.247 1711.79 
1092 5123 2859 13679.578 1713.201 
1078 5155 2875 13686.011 1712.876 
1046 5276 2819 13727.502 1717.021 
1048 5272 2822 13722.121 1716.869 
1057 5260 2814 13719.771 1716.455 
1092 5135 2847 13684.533 1712.863 
1048 5275 2813 13721.185 1715.998 
1080 5145 2857 13683.931 1713.041 
1054 5262 2823 13724.317 1716.974 
1069 5154 2862 13683.871 1712.958 
1036 5280 2809 13724.136 1716.523 
1114 4986 2768 13609.035 1702.02 
1093 5138 2849 13680.65 1712.523 
1041 5279 2814 13721.974 1716.67 
1077 5157 2844 13689.261 1713.817 
1068 5216 2826 13707.519 1714.647 
1042 5268 2837 13719.857 1716.304 
1094 5122 2855 13674.556 1711.976 
