326 1400 867 14073.644 1765.471 
382 1287 881 13965.7 1749.135 
376 1293 871 13968.641 1754.062 
362 1363 874 14073.59 1765.522 
369 1292 895 13974.202 1755.957 
370 1346 879 14061.518 1763.913 
375 1294 870 13967.651 1753.89 
361 1352 890 14061.985 1766.315 
367 1356 884 14061.907 1765.212 
353 1387 876 14087.654 1765.753 
354 1378 877 14074.677 1763.825 
356 1373 888 14076.346 1766.134 
365 1353 888 14067.806 1765.527 
382 1276 882 13940.154 1748.642 
363 1360 876 14070.24 1764.032 
366 1353 880 14068.668 1765.157 
358 1360 883 14071.983 1767.682 
357 1371 882 14076.384 1765.083 
370 1297 882 13972.265 1754.137 
379 1276 895 13960.754 1752.656 
364 1358 881 14063.878 1765.002 
356 1372 889 14075.822 1766.25 
364 1362 874 14075.285 1765.053 
362 1358 884 14074.69 1766.605 
367 1311 888 13984.155 1750.562 
337 1392 866 14071.461 1763.747 
358 1372 872 14069.988 1766.381 
382 1283 866 13965.867 1749.399 
369 1304 880 13970.324 1755.559 
327 1398 863 14064.083 1763.962 
369 1303 896 13984.645 1755.798 
357 1375 882 14074.147 1763.041 
377 1305 861 13985.555 1752.969 
353 1378 879 14085.373 1765.644 
352 1391 886 14107.412 1766.958 
363 1363 885 14069.857 1766.16 
366 1358 865 14053.854 1761.713 
376 1280 873 13946.419 1753.628 
368 1352 885 14060.237 1766.156 
365 1354 885 14047.3 1763.135 
347 1390 888 14095.638 1768.926 
368 1293 895 13974.473 1756.001 
371 1304 867 13968.108 1753.383 
380 1292 877 13979.968 1753.088 
378 1302 887 13994.473 1752.951 
349 1378 881 14078.73 1767.764 
361 1316 894 13989.251 1752.427 
360 1368 887 14076.76 1767.058 
364 1357 887 14065.233 1764.473 
373 1318 859 13980.085 1753.265 
358 1359 894 14073.079 1766.632 
349 1380 882 14080.445 1767.515 
362 1315 896 13990.738 1752.658 
358 1362 882 14076.894 1768.51 
374 1313 854 13959.518 1751.407 
381 1291 879 13980.716 1753.186 
359 1371 879 14076.281 1763.82 
363 1352 878 14071.113 1765.48 
352 1375 890 14083.33 1765.507 
372 1307 887 13976.22 1751.996 
348 1384 891 14086.511 1769.29 
371 1303 859 13976.79 1755.77 
