924 3796 2229 13735.338 1718.169 
926 3790 2236 13735.898 1717.972 
922 3811 2230 13742.018 1719.071 
899 3876 2326 13772.676 1722.727 
899 3881 2322 13771.282 1722.03 
905 3891 2304 13788.593 1724.839 
905 3870 2316 13768.176 1722.313 
932 3787 2234 13736.702 1719.245 
895 3932 2291 13798.278 1724.637 
904 3909 2292 13786.793 1724.278 
894 3934 2284 13794.252 1724.719 
931 3790 2232 13739.71 1719.609 
925 3795 2224 13735.554 1718.991 
895 3915 2303 13790.752 1726.608 
908 3899 2283 13784.662 1725.484 
904 3869 2316 13766.74 1722.999 
903 3904 2314 13793.722 1725.453 
904 3899 2300 13796.085 1724.999 
902 3888 2321 13777.845 1723.244 
900 3929 2282 13801.059 1724.462 
916 3884 2309 13793.15 1725.591 
905 3891 2298 13793.481 1724.351 
900 3903 2320 13792.115 1725.441 
894 3933 2281 13798.846 1725.516 
934 3786 2253 13742.929 1720.032 
898 3877 2326 13772.657 1722.723 
905 3913 2300 13793.497 1723.18 
908 3890 2305 13789.274 1724.882 
907 3919 2283 13794.791 1723.871 
897 3920 2300 13795.172 1726.777 
907 3890 2306 13789.298 1724.883 
899 3913 2303 13790.721 1725.301 
898 3928 2290 13802.769 1726.229 
917 3877 2288 13782.771 1724.218 
884 3965 2292 13810.731 1727.374 
927 3789 2234 13735.466 1717.971 
895 3920 2299 13798.074 1725.08 
904 3914 2298 13793.649 1723.221 
883 3938 2302 13803.294 1726.32 
893 3930 2313 13801.157 1725.438 
924 3805 2213 13737.401 1718.38 
926 3792 2234 13738.119 1718.865 
886 3957 2288 13806.696 1727.602 
904 3911 2286 13791.443 1724.365 
900 3919 2294 13795.26 1724.97 
923 3804 2236 13742.385 1719.955 
904 3897 2307 13790.766 1724.646 
904 3917 2294 13794.131 1723.579 
890 3946 2288 13803.155 1726.091 
920 3814 2227 13742.359 1718.647 
935 3785 2253 13743.0 1720.037 
862 3976 2280 13809.919 1726.737 
897 3924 2294 13792.424 1724.582 
895 3921 2298 13793.696 1726.681 
893 3938 2273 13802.096 1725.956 
891 3949 2294 13802.254 1726.111 
889 3954 2293 13808.156 1727.554 
912 3887 2286 13782.573 1724.273 
910 3885 2301 13786.343 1723.049 
891 3926 2298 13793.022 1725.484 
889 3954 2282 13808.104 1727.611 
915 3886 2294 13781.652 1723.979 
901 3919 2303 13796.719 1724.799 
900 3903 2313 13800.587 1725.232 
899 3909 2296 13795.408 1725.91 
892 3943 2288 13803.427 1726.762 
908 3894 2296 13795.892 1725.466 
