378 2066 1081 13819.51 1734.506 
385 2051 1073 13807.935 1732.155 
377 2068 1081 13820.428 1734.425 
489 2035 1258 13975.053 1749.619 
493 2033 1257 13974.584 1750.057 
525 1947 1245 13900.585 1741.575 
384 2055 1078 13814.878 1733.841 
489 2035 1257 13975.162 1749.643 
525 1958 1242 13912.299 1742.332 
490 2034 1258 13975.084 1749.635 
509 2010 1264 13973.708 1750.537 
513 2003 1268 13968.336 1750.898 
485 2039 1255 13976.179 1750.004 
381 2069 1075 13828.081 1734.539 
386 2050 1074 13808.551 1732.222 
504 1999 1279 13949.755 1749.372 
508 2007 1273 13953.999 1749.505 
384 2056 1078 13815.445 1733.77 
489 2035 1247 13972.441 1750.423 
385 2050 1075 13810.853 1732.985 
518 1998 1273 13973.048 1751.102 
508 2002 1272 13963.687 1750.075 
383 2062 1085 13829.169 1734.906 
510 2012 1258 13965.342 1750.083 
505 2019 1263 13967.76 1748.719 
501 2017 1251 13974.988 1752.419 
498 2027 1265 13984.732 1751.905 
378 2067 1082 13820.171 1734.362 
506 2015 1257 13964.134 1749.806 
375 2072 1072 13824.851 1735.284 
379 2069 1067 13822.567 1734.845 
378 2071 1066 13824.41 1735.055 
516 1995 1278 13966.588 1750.18 
503 2017 1281 13970.622 1750.433 
497 2029 1260 13984.678 1752.112 
512 2006 1271 13967.5 1750.95 
485 2039 1254 13976.714 1750.035 
490 2018 1279 13959.984 1749.259 
491 2036 1252 13967.097 1749.528 
525 1949 1244 13902.174 1741.907 
504 2031 1275 13989.369 1751.898 
486 2036 1243 13963.71 1749.662 
508 2013 1266 13976.218 1750.888 
509 2010 1263 13973.861 1750.549 
505 2009 1276 13970.496 1749.529 
