211 697 507 14333.845 1799.568 
189 724 525 14378.417 1810.354 
187 733 523 14402.441 1810.967 
166 749 475 14369.44 1807.491 
203 725 516 14405.723 1814.05 
155 763 477 14386.948 1807.998 
181 742 484 14385.623 1807.366 
183 741 504 14400.501 1812.577 
194 735 514 14393.087 1810.926 
153 756 483 14369.95 1807.104 
184 740 514 14388.555 1808.293 
158 757 468 14359.113 1810.245 
201 722 516 14411.769 1814.927 
193 735 514 14390.851 1811.127 
174 746 502 14360.019 1806.923 
187 738 507 14398.519 1811.535 
156 762 477 14383.864 1808.118 
152 764 474 14382.625 1808.778 
156 763 474 14394.203 1809.812 
190 739 498 14402.475 1811.956 
180 746 492 14387.085 1813.771 
212 697 505 14331.901 1799.482 
179 743 503 14350.963 1806.13 
175 745 503 14359.984 1806.919 
147 766 460 14340.302 1804.77 
188 731 523 14396.434 1808.962 
201 728 513 14421.891 1816.146 
175 744 500 14361.558 1807.949 
213 692 515 14332.75 1805.425 
188 735 522 14406.956 1810.336 
191 727 524 14380.051 1807.205 
164 753 483 14375.143 1809.013 
149 757 479 14347.103 1804.734 
186 740 507 14406.29 1813.006 
202 706 521 14357.92 1806.67 
201 723 521 14403.541 1813.086 
190 731 521 14404.461 1811.938 
202 726 517 14408.913 1814.434 
157 755 471 14360.754 1806.975 
192 726 522 14386.759 1809.175 
208 710 516 14380.997 1807.68 
210 708 517 14390.866 1812.673 
176 744 504 14360.895 1807.078 
177 743 504 14360.243 1806.991 
147 767 459 14350.546 1806.251 
195 722 524 14377.105 1805.912 
211 695 512 14327.405 1803.076 
202 715 520 14362.666 1805.808 
155 763 478 14383.834 1807.919 
160 756 473 14356.885 1804.111 
198 729 516 14429.322 1817.133 
185 741 489 14381.977 1814.024 
196 731 508 14410.49 1813.62 
207 712 519 14380.347 1806.277 
157 754 476 14360.434 1803.983 
192 725 523 14386.621 1809.021 
194 729 520 14379.641 1809.257 
201 724 519 14406.761 1816.492 
148 765 462 14340.156 1804.773 
198 727 516 14428.361 1818.39 
182 742 484 14377.323 1810.876 
202 717 519 14390.416 1812.633 
187 737 519 14390.612 1808.539 
186 739 514 14402.278 1808.642 
178 743 502 14386.679 1808.27 
193 725 519 14408.034 1811.648 
190 736 512 14403.758 1811.002 
192 729 520 14387.176 1808.337 
167 748 475 14369.575 1807.499 
158 757 469 14370.267 1806.119 
194 734 506 14401.506 1811.975 
192 736 511 14439.105 1817.302 
204 723 516 14409.08 1813.664 
189 735 519 14411.086 1811.982 
