917 4572 2486 13710.323 1719.949 
992 4550 2626 13751.496 1724.384 
1013 4542 2577 13750.79 1724.732 
1002 4540 2603 13746.702 1724.807 
927 4570 2506 13708.565 1718.774 
1003 4527 2621 13743.179 1723.727 
912 4569 2510 13706.891 1718.111 
999 4529 2631 13743.408 1722.734 
926 4571 2505 13708.267 1718.734 
1011 4528 2602 13753.073 1724.445 
1009 4530 2601 13752.71 1724.407 
1000 4506 2638 13745.913 1723.388 
998 4532 2606 13746.645 1725.116 
1055 4466 2610 13735.001 1721.976 
1022 4491 2642 13743.554 1723.214 
1062 4445 2625 13730.539 1720.294 
1042 4483 2624 13740.698 1723.183 
1006 4509 2629 13744.568 1723.124 
1016 4541 2600 13747.446 1723.81 
1039 4505 2609 13745.966 1723.449 
1027 4482 2638 13741.711 1722.75 
1025 4485 2639 13742.199 1722.75 
1028 4477 2631 13742.074 1723.063 
1014 4540 2582 13750.902 1723.972 
1022 4521 2599 13744.934 1723.247 
1023 4488 2641 13742.513 1722.987 
1063 4444 2626 13730.485 1720.294 
982 4563 2625 13754.624 1724.636 
1049 4498 2598 13744.672 1723.567 
1004 4522 2613 13740.414 1723.266 
1002 4531 2606 13745.625 1723.987 
1037 4517 2612 13751.606 1724.412 
1032 4487 2623 13741.619 1722.672 
1007 4508 2631 13746.49 1723.909 
1025 4493 2631 13743.27 1724.278 
1015 4531 2597 13748.688 1723.955 
1005 4551 2556 13749.005 1724.245 
1008 4511 2628 13733.984 1722.848 
1021 4500 2627 13743.188 1722.317 
1016 4530 2596 13748.818 1723.976 
1027 4518 2589 13753.058 1724.491 
1013 4546 2569 13750.25 1725.116 
1026 4484 2643 13745.279 1723.056 
1017 4538 2573 13748.969 1724.97 
982 4563 2625 13754.587 1724.699 
1011 4509 2614 13740.65 1723.361 
1007 4507 2632 13746.07 1723.818 
1014 4540 2573 13756.756 1724.665 
1027 4536 2583 13755.72 1724.948 
1012 4516 2615 13740.437 1721.547 
1012 4548 2569 13750.665 1725.155 
1003 4530 2607 13746.004 1724.081 
1008 4512 2620 13735.651 1722.388 
1055 4465 2611 13734.731 1722.335 
1003 4552 2554 13748.081 1724.216 
1010 4529 2602 13753.014 1724.439 
1058 4446 2601 13716.327 1720.297 
935 4568 2510 13714.187 1719.75 
1046 4478 2620 13739.058 1722.759 
1041 4492 2622 13746.687 1723.723 
1045 4483 2622 13741.626 1723.081 
1040 4494 2622 13746.808 1723.72 
991 4557 2628 13757.471 1724.632 
1020 4493 2652 13749.049 1725.103 
1013 4548 2562 13751.544 1725.135 
1038 4468 2645 13736.635 1723.399 
1012 4536 2596 13752.798 1724.858 
997 4543 2636 13756.938 1724.732 
994 4547 2606 13746.197 1724.226 
1005 4520 2610 13745.562 1723.301 
1050 4465 2625 13734.248 1720.798 
1014 4499 2646 13747.887 1725.118 
1013 4499 2648 13748.187 1724.306 
1013 4541 2573 13756.715 1724.657 
1010 4504 2622 13738.098 1722.554 
1010 4502 2634 13732.948 1722.021 
1039 4516 2603 13749.657 1724.225 
1048 4473 2605 13736.666 1722.036 
1011 4547 2586 13758.17 1725.227 
1007 4524 2604 13742.049 1724.061 
1024 4527 2593 13750.15 1723.85 
1015 4545 2577 13749.374 1723.876 
1037 4471 2626 13742.148 1721.837 
1020 4499 2645 13735.485 1722.913 
929 4567 2512 13708.598 1719.288 
