545 2712 1473 13838.931 1731.978 
575 2657 1551 13826.065 1731.519 
612 2628 1580 13857.033 1733.503 
566 2707 1495 13862.679 1735.554 
547 2708 1468 13833.047 1733.675 
577 2668 1532 13840.008 1731.734 
572 2703 1505 13872.151 1737.207 
634 2601 1591 13857.258 1733.655 
543 2714 1462 13839.525 1732.959 
605 2640 1579 13852.824 1733.833 
572 2702 1506 13872.063 1737.287 
584 2667 1496 13849.286 1735.317 
642 2598 1586 13849.845 1734.39 
611 2639 1580 13865.981 1736.395 
577 2668 1533 13839.488 1731.671 
612 2627 1576 13862.915 1736.011 
641 2603 1583 13854.276 1732.625 
609 2631 1590 13852.22 1733.414 
631 2610 1577 13853.156 1731.776 
602 2649 1572 13863.351 1735.774 
629 2611 1587 13855.105 1732.178 
637 2579 1602 13840.713 1729.37 
639 2600 1576 13848.864 1734.898 
578 2667 1532 13840.144 1731.716 
638 2595 1596 13851.36 1731.066 
641 2598 1590 13853.69 1732.375 
591 2663 1550 13855.959 1734.736 
544 2713 1473 13838.822 1731.971 
639 2606 1589 13862.472 1733.833 
614 2625 1572 13853.751 1733.735 
644 2592 1575 13842.82 1733.542 
607 2619 1592 13836.939 1732.141 
611 2624 1585 13853.933 1734.666 
604 2641 1573 13862.43 1736.337 
622 2620 1574 13854.281 1736.244 
617 2613 1589 13841.248 1733.568 
635 2602 1601 13856.754 1733.131 
549 2712 1458 13848.322 1733.758 
571 2682 1522 13859.831 1735.616 
630 2615 1575 13858.381 1733.481 
588 2650 1529 13852.445 1736.61 
632 2601 1591 13861.515 1734.02 
605 2610 1607 13836.744 1731.526 
625 2612 1582 13854.118 1735.505 
570 2683 1521 13859.079 1735.455 
608 2617 1592 13836.508 1732.034 
619 2607 1601 13843.27 1731.985 
579 2666 1533 13840.616 1731.744 
621 2622 1580 13862.617 1735.232 
585 2654 1563 13851.655 1734.46 
582 2667 1504 13849.597 1735.396 
583 2666 1504 13848.836 1735.258 
629 2612 1578 13850.127 1733.366 
571 2705 1507 13868.935 1738.194 
576 2701 1516 13871.317 1737.925 
616 2600 1603 13833.223 1731.455 
648 2571 1590 13836.934 1730.028 
581 2670 1520 13851.374 1736.529 
643 2597 1586 13849.818 1734.399 
580 2665 1534 13841.773 1731.944 
593 2630 1591 13842.707 1733.438 
613 2628 1580 13850.791 1732.654 
623 2590 1604 13836.516 1729.236 
618 2621 1584 13853.905 1733.814 
650 2573 1587 13837.737 1732.918 
623 2618 1575 13860.754 1734.356 
622 2624 1576 13864.42 1733.94 
623 2618 1576 13860.704 1734.351 
635 2602 1602 13856.652 1733.121 
601 2633 1583 13858.541 1734.615 
588 2663 1520 13855.168 1736.701 
646 2583 1589 13848.084 1734.845 
638 2608 1589 13864.168 1734.147 
620 2625 1577 13854.632 1732.064 
604 2645 1573 13870.912 1736.259 
