1219 5150 2960 13737.848 1721.239 
1217 5148 2965 13736.767 1721.416 
1209 5204 2993 13774.939 1725.807 
1195 5226 2985 13779.58 1726.561 
1183 5245 2971 13772.403 1726.771 
1197 5213 2999 13766.459 1724.259 
1208 5206 2992 13775.601 1725.815 
1200 5207 3001 13771.456 1725.187 
1200 5225 2973 13771.127 1724.796 
1193 5181 3008 13755.171 1722.493 
1219 5151 2948 13737.447 1721.202 
1217 5155 2958 13737.521 1721.506 
1184 5244 2972 13772.381 1726.766 
1212 5204 2998 13775.782 1725.647 
1207 5213 2974 13774.036 1725.567 
1200 5230 2978 13767.85 1725.139 
1194 5179 3010 13755.322 1722.466 
1186 5251 2967 13775.36 1726.456 
1190 5238 2981 13774.386 1726.45 
1180 5240 2988 13775.341 1726.021 
1213 5200 2986 13773.808 1725.449 
1190 5214 3007 13771.48 1724.568 
1180 5240 2995 13774.384 1725.742 
1187 5227 2998 13773.268 1725.387 
1173 5256 2973 13771.33 1725.912 
1198 5224 2992 13771.047 1725.269 
1180 5248 2975 13771.369 1726.078 
1222 5148 2960 13736.641 1721.37 
1201 5217 2995 13779.895 1726.461 
1207 5212 3000 13772.096 1724.92 
1172 5259 2977 13767.265 1725.541 
1182 5241 2987 13770.168 1726.707 
1207 5205 2993 13773.947 1726.177 
1171 5245 2994 13775.085 1726.071 
1216 5197 3001 13772.706 1724.801 
1179 5247 2997 13775.402 1725.845 
1174 5253 2986 13774.976 1725.7 
1174 5250 2997 13773.866 1726.039 
1173 5268 2971 13775.342 1726.798 
1177 5245 2996 13775.663 1725.634 
1208 5207 2997 13777.022 1725.644 
1176 5249 2990 13774.951 1725.589 
1184 5239 2992 13778.08 1725.888 
1205 5205 3007 13776.715 1726.341 
1199 5222 2979 13763.992 1724.166 
1179 5253 2978 13776.1 1726.476 
1203 5221 2995 13778.087 1726.169 
1160 5276 2966 13773.112 1726.495 
1196 5225 3003 13774.196 1725.838 
1184 5255 2965 13772.363 1726.739 
1169 5272 2980 13776.854 1726.854 
1179 5252 2967 13769.841 1726.532 
1194 5231 2991 13781.352 1726.91 
