903 4011 2318 13856.143 1731.764 
941 3863 2305 13792.865 1722.464 
900 4011 2323 13855.848 1731.324 
932 3921 2328 13819.599 1726.113 
892 4025 2304 13854.426 1731.054 
898 4014 2304 13849.374 1730.63 
898 4013 2311 13842.709 1729.957 
890 4026 2308 13854.884 1732.03 
902 4007 2320 13850.5 1731.381 
897 4012 2324 13853.915 1731.531 
882 4023 2323 13850.243 1730.512 
936 3908 2349 13819.025 1726.484 
938 3904 2346 13814.009 1724.836 
929 3923 2325 13817.574 1726.048 
902 4001 2327 13844.553 1731.16 
878 4038 2299 13850.397 1731.651 
899 4017 2302 13852.935 1731.093 
891 4021 2328 13857.562 1731.887 
931 3922 2328 13819.483 1726.096 
904 4005 2319 13853.186 1731.796 
885 4031 2295 13850.565 1731.185 
897 4017 2321 13856.795 1731.945 
889 4027 2307 13851.478 1731.112 
872 4046 2302 13846.235 1730.908 
901 4010 2324 13856.391 1731.454 
883 4022 2324 13850.167 1730.502 
894 4027 2303 13855.205 1731.069 
896 4020 2310 13853.327 1731.183 
932 3920 2347 13826.089 1727.112 
907 4000 2320 13843.022 1730.185 
883 4038 2316 13853.841 1731.232 
883 4032 2307 13852.502 1731.646 
928 3924 2326 13817.676 1726.064 
932 3921 2329 13819.496 1726.098 
894 4022 2314 13857.727 1732.402 
867 4044 2297 13845.4 1731.106 
937 3909 2346 13822.97 1727.057 
936 3916 2337 13815.648 1725.893 
924 3932 2344 13826.386 1727.204 
925 3925 2344 13829.033 1726.763 
900 4005 2320 13852.178 1732.009 
908 3999 2329 13852.47 1731.398 
891 4022 2318 13849.829 1730.743 
871 4047 2301 13846.199 1730.902 
899 4009 2324 13856.18 1731.693 
911 3981 2316 13841.265 1730.473 
905 4009 2320 13849.615 1731.03 
