941 3948 2329 13838.929 1731.053 
915 3981 2299 13842.787 1732.836 
915 3984 2305 13843.491 1731.303 
924 3980 2297 13843.835 1732.157 
916 3984 2305 13837.86 1731.414 
924 3983 2313 13847.211 1731.862 
934 3972 2313 13846.788 1732.081 
923 3979 2314 13845.968 1731.727 
943 3935 2331 13840.493 1731.384 
918 3987 2286 13840.272 1731.832 
929 3960 2322 13838.509 1730.532 
948 3933 2333 13838.649 1730.768 
928 3975 2291 13844.732 1731.916 
931 3956 2320 13834.02 1729.782 
938 3954 2330 13838.728 1731.347 
942 3936 2333 13840.684 1731.212 
937 3960 2318 13843.733 1731.814 
933 3972 2308 13849.156 1732.9 
927 3974 2307 13847.672 1732.572 
928 3957 2323 13836.984 1731.555 
914 4000 2305 13852.409 1733.055 
948 3927 2341 13841.095 1730.99 
932 3955 2327 13836.541 1730.727 
950 3941 2335 13836.553 1730.669 
933 3973 2312 13846.885 1732.084 
929 3959 2323 13838.57 1730.552 
912 4004 2294 13848.347 1733.206 
913 3961 2320 13823.911 1729.19 
928 3962 2318 13834.995 1730.154 
940 3948 2313 13840.688 1732.116 
947 3934 2343 13835.856 1730.67 
959 3897 2338 13825.061 1729.721 
947 3927 2351 13836.541 1730.516 
937 3947 2325 13840.724 1730.877 
939 3933 2344 13831.289 1729.637 
923 3981 2303 13851.114 1732.575 
924 3960 2326 13834.999 1729.73 
918 3984 2284 13840.27 1732.972 
955 3931 2350 13840.015 1731.981 
947 3938 2320 13839.16 1731.471 
912 3995 2296 13842.522 1733.117 
937 3942 2335 13841.295 1731.466 
920 3978 2319 13845.464 1731.412 
939 3950 2331 13838.823 1731.385 
940 3952 2332 13839.948 1731.29 
946 3944 2340 13840.089 1730.792 
949 3925 2351 13836.585 1730.891 
948 3944 2337 13840.262 1730.719 
936 3951 2323 13840.363 1731.166 
937 3968 2317 13846.68 1732.019 
