295 1390 809 13987.957 1752.172 
315 1370 844 14022.023 1755.117 
317 1368 851 14011.313 1757.53 
316 1369 850 14011.416 1757.536 
301 1386 812 13990.317 1751.565 
320 1375 835 14026.944 1760.65 
295 1389 813 13977.259 1751.662 
342 1331 856 13983.175 1753.333 
342 1333 861 13981.339 1751.843 
347 1326 854 13987.453 1753.015 
347 1341 853 14005.46 1752.83 
350 1324 853 13970.087 1749.796 
297 1394 817 13992.088 1751.022 
349 1329 867 13986.412 1753.009 
325 1364 842 14024.658 1760.09 
316 1370 850 14010.105 1755.068 
294 1396 802 13986.857 1752.669 
316 1378 832 14021.202 1758.775 
322 1373 833 14022.405 1759.58 
318 1361 857 14011.172 1756.429 
343 1332 861 13981.323 1751.841 
299 1388 813 13982.444 1751.391 
322 1371 835 14020.2 1758.757 
337 1356 874 14042.114 1759.564 
322 1366 843 14024.063 1758.639 
327 1357 865 14020.145 1759.955 
334 1358 869 14037.554 1757.495 
316 1361 861 14006.139 1757.128 
322 1365 844 14021.88 1758.135 
348 1340 853 14005.59 1752.842 
317 1378 832 14021.081 1759.238 
321 1372 841 14026.374 1759.352 
341 1355 877 14045.486 1759.384 
326 1361 845 14017.406 1760.455 
323 1367 837 14024.461 1759.282 
305 1385 836 14013.931 1756.311 
317 1361 862 14007.934 1757.039 
328 1358 842 14027.31 1760.154 
323 1367 840 14024.443 1758.966 
321 1374 843 14022.442 1759.005 
326 1359 840 14019.037 1758.596 
322 1361 846 14015.055 1757.11 
321 1367 855 14028.404 1759.561 
344 1342 847 13998.217 1753.457 
327 1366 836 14024.393 1760.246 
345 1343 853 14004.665 1752.661 
345 1343 851 14005.833 1752.864 
311 1380 852 14027.239 1758.121 
319 1377 838 14029.779 1760.332 
