1084 5120 2860 13671.946 1709.456 
1101 5092 2841 13660.442 1708.955 
1058 5173 2845 13683.119 1710.018 
1102 5091 2840 13659.689 1708.889 
1132 5037 2842 13648.87 1708.221 
1103 5089 2838 13662.125 1709.545 
1124 5038 2869 13656.391 1709.154 
1102 5089 2836 13663.074 1709.167 
1044 5197 2844 13687.952 1710.798 
1125 5060 2860 13662.959 1709.296 
937 5242 2697 13653.436 1708.816 
937 5240 2698 13652.615 1708.727 
1058 5175 2847 13683.988 1709.253 
1125 5042 2866 13658.492 1708.946 
1051 5189 2843 13687.319 1710.483 
967 5215 2709 13666.498 1710.69 
1054 5179 2842 13682.295 1709.578 
1123 5065 2858 13665.891 1709.886 
1127 5050 2853 13657.43 1708.335 
1053 5180 2842 13682.276 1709.51 
1044 5197 2844 13687.927 1710.86 
1123 5039 2869 13656.4 1709.2 
1051 5178 2845 13683.362 1710.138 
1107 5086 2848 13667.165 1709.921 
948 5227 2708 13650.322 1708.869 
1102 5088 2843 13664.761 1710.144 
1042 5208 2837 13690.27 1710.168 
970 5201 2710 13662.119 1710.428 
1131 5047 2845 13651.949 1708.348 
1110 5083 2845 13663.116 1709.544 
1124 5059 2856 13663.422 1709.85 
1074 5143 2863 13671.625 1708.769 
1052 5188 2844 13687.385 1710.49 
1110 5085 2840 13665.242 1709.585 
1113 5076 2860 13665.592 1709.855 
1112 5073 2847 13663.454 1710.127 
1130 5047 2858 13658.709 1709.332 
1056 5174 2845 13680.575 1709.901 
1050 5181 2846 13682.067 1710.169 
1051 5189 2844 13687.425 1710.468 
1109 5086 2844 13668.27 1709.965 
1117 5076 2837 13663.948 1709.62 
1074 5133 2818 13672.441 1708.653 
1116 5075 2839 13661.208 1709.217 
1112 5083 2844 13667.232 1709.956 
1106 5086 2851 13665.696 1709.594 
1114 5078 2832 13663.074 1709.629 
1108 5084 2849 13666.543 1709.894 
938 5236 2710 13652.597 1709.105 
968 5214 2711 13667.292 1710.843 
1116 5076 2838 13664.022 1709.626 
1131 5023 2844 13647.315 1708.512 
1103 5087 2844 13664.777 1710.149 
1122 5068 2848 13664.087 1709.562 
1116 5072 2850 13664.657 1710.301 
1122 5066 2860 13663.443 1709.402 
1117 5070 2860 13663.556 1709.863 
1119 5059 2866 13660.94 1709.058 
1073 5172 2866 13695.029 1711.154 
1057 5176 2846 13683.978 1709.252 
1102 5088 2843 13664.736 1710.147 
