350 1372 906 14055.182 1758.6 
347 1395 878 14081.504 1757.797 
357 1386 875 14058.606 1757.636 
356 1380 889 14084.692 1758.754 
354 1385 893 14093.711 1760.531 
360 1375 897 14084.815 1757.245 
332 1421 877 14121.551 1764.92 
346 1405 889 14111.951 1763.508 
352 1391 892 14107.964 1762.495 
357 1375 892 14083.075 1760.306 
351 1382 898 14067.888 1760.976 
353 1390 872 14069.913 1758.781 
360 1373 897 14077.417 1761.127 
357 1372 905 14076.413 1760.719 
370 1361 898 14058.868 1759.291 
355 1386 879 14061.837 1758.58 
345 1398 891 14101.186 1762.771 
354 1389 890 14105.611 1761.858 
337 1420 885 14118.279 1761.519 
354 1378 895 14085.684 1760.013 
359 1374 896 14079.1 1761.558 
356 1380 887 14088.094 1760.053 
364 1374 896 14078.527 1760.501 
348 1392 896 14099.54 1762.344 
354 1385 892 14093.751 1760.533 
353 1377 897 14084.652 1761.589 
343 1397 893 14101.017 1763.162 
358 1370 901 14066.898 1758.599 
360 1370 908 14067.624 1757.824 
344 1408 881 14115.86 1762.554 
357 1377 880 14076.452 1757.515 
354 1376 900 14082.808 1760.332 
361 1374 899 14076.0 1758.346 
366 1366 892 14071.629 1759.68 
371 1372 890 14091.751 1762.565 
355 1376 905 14065.191 1759.962 
347 1394 893 14092.663 1760.964 
341 1410 879 14106.87 1764.154 
362 1368 902 14073.684 1759.986 
333 1417 873 14111.846 1762.981 
344 1407 883 14116.135 1762.127 
354 1388 890 14104.283 1762.006 
340 1411 878 14118.047 1764.595 
355 1392 864 14057.26 1756.063 
359 1373 903 14065.481 1757.999 
350 1383 900 14097.913 1762.644 
344 1395 893 14098.599 1762.99 
330 1415 874 14118.809 1765.236 
334 1413 876 14115.808 1763.97 
361 1368 908 14065.412 1757.31 
346 1405 890 14111.984 1763.497 
349 1387 894 14092.782 1759.732 
338 1399 895 14075.074 1756.246 
354 1388 883 14096.722 1762.369 
341 1398 898 14111.632 1763.87 
347 1388 902 14104.863 1761.649 
340 1411 878 14118.026 1764.6 
349 1392 884 14087.923 1761.698 
350 1386 894 14094.368 1762.006 
348 1379 901 14077.9 1757.479 
346 1381 905 14066.215 1758.555 
349 1394 884 14081.51 1757.194 
