1041 4556 2654 13787.157 1726.373 
1042 4549 2647 13784.881 1726.657 
1038 4559 2666 13786.026 1726.287 
1051 4518 2653 13766.212 1723.655 
1041 4549 2659 13786.823 1726.786 
1056 4506 2663 13765.128 1723.603 
1052 4516 2671 13768.368 1722.826 
1052 4527 2626 13771.09 1723.352 
993 4632 2633 13804.305 1729.541 
1017 4606 2661 13799.317 1728.483 
1054 4512 2644 13765.192 1723.115 
1035 4552 2667 13785.014 1726.566 
1055 4511 2645 13765.506 1723.133 
1034 4585 2684 13803.237 1728.083 
1051 4522 2651 13768.051 1723.833 
1019 4602 2668 13801.99 1727.119 
1028 4603 2667 13802.517 1727.595 
1028 4590 2674 13805.525 1728.384 
1046 4541 2677 13783.552 1726.548 
1053 4525 2648 13769.569 1723.812 
1050 4551 2667 13783.52 1725.492 
1040 4561 2663 13789.228 1726.954 
1017 4601 2670 13800.553 1728.387 
1022 4612 2663 13806.281 1728.404 
1014 4607 2666 13805.288 1727.485 
1016 4607 2661 13799.352 1728.489 
1006 4623 2659 13812.567 1729.847 
1030 4595 2661 13799.664 1728.707 
1028 4592 2683 13801.025 1728.882 
1011 4603 2649 13803.243 1730.713 
1007 4610 2666 13810.897 1729.495 
993 4632 2634 13804.298 1729.54 
1026 4603 2639 13801.537 1728.891 
1013 4616 2658 13805.852 1729.862 
1053 4526 2626 13771.34 1723.379 
1032 4591 2660 13800.015 1728.636 
1037 4560 2665 13785.919 1726.273 
1027 4600 2688 13813.584 1730.338 
1008 4604 2668 13805.427 1728.925 
1020 4611 2646 13806.126 1730.456 
994 4625 2648 13802.584 1729.854 
998 4630 2637 13805.98 1729.914 
992 4633 2632 13804.299 1729.572 
1029 4574 2676 13798.115 1729.735 
1047 4540 2678 13783.681 1726.599 
1036 4555 2679 13780.861 1725.896 
1045 4542 2676 13783.159 1726.499 
1038 4549 2678 13785.993 1726.654 
1005 4628 2637 13802.932 1730.216 
1004 4629 2638 13803.205 1730.268 
1021 4605 2667 13809.864 1729.323 
1006 4626 2625 13807.36 1728.991 
1044 4559 2653 13784.062 1725.519 
1029 4589 2674 13805.475 1728.382 
1015 4616 2639 13803.018 1730.565 
997 4634 2614 13795.045 1728.288 
1045 4544 2652 13784.109 1726.169 
1036 4574 2657 13788.7 1726.683 
1030 4596 2660 13800.24 1728.786 
1040 4528 2679 13771.042 1724.817 
1034 4587 2671 13801.739 1729.392 
1043 4547 2660 13781.463 1726.218 
