1079 5230 2839 13719.055 1720.301 
1124 4967 2816 13623.593 1704.013 
1086 5203 2844 13715.927 1720.819 
1072 5233 2828 13716.709 1720.044 
1063 5214 2851 13710.975 1720.004 
1089 5203 2853 13710.453 1719.805 
1123 4975 2811 13623.502 1703.607 
1110 5187 2846 13712.273 1719.434 
1071 5220 2842 13711.645 1719.848 
1087 5185 2857 13708.727 1719.108 
1094 5201 2827 13713.575 1720.784 
1085 5204 2844 13715.857 1720.803 
1099 5187 2854 13710.12 1718.896 
1087 5214 2842 13720.439 1720.343 
1086 5208 2846 13710.239 1719.424 
1096 5196 2847 13714.775 1720.683 
1085 5204 2847 13714.45 1720.212 
1079 5213 2852 13716.757 1720.223 
1073 5214 2848 13710.888 1720.322 
1096 5203 2852 13714.437 1719.662 
1101 5198 2850 13718.095 1720.074 
1078 5214 2856 13710.4 1718.92 
1097 5201 2831 13712.655 1718.99 
1088 5184 2857 13709.504 1719.207 
1095 5223 2833 13723.528 1720.348 
1094 5190 2857 13707.178 1718.334 
1071 5234 2827 13716.58 1720.002 
1061 5215 2847 13713.419 1718.968 
1108 5180 2864 13710.634 1718.369 
1105 5177 2854 13707.507 1718.72 
1076 5192 2862 13707.383 1719.138 
1077 5201 2854 13707.882 1719.981 
1096 5194 2853 13707.966 1718.771 
1122 5174 2844 13710.284 1718.969 
1059 5211 2863 13708.516 1719.209 
1110 5187 2847 13712.229 1719.429 
1105 5210 2830 13713.473 1718.891 
1093 5211 2834 13716.656 1719.121 
1083 5198 2855 13718.935 1720.837 
1102 5200 2849 13716.6 1720.408 
1036 5259 2815 13710.263 1718.986 
1084 5209 2860 13718.256 1719.95 
1073 5227 2839 13714.257 1720.332 
1048 5258 2821 13715.201 1719.646 
1089 5203 2851 13710.834 1719.827 
1090 5203 2840 13714.783 1719.785 
1085 5205 2852 13709.424 1719.607 
1054 5247 2822 13711.073 1719.204 
