506 1983 1249 13911.87 1746.51 
498 1980 1260 13901.521 1743.887 
507 1981 1251 13912.045 1746.235 
503 1994 1246 13922.807 1750.105 
468 2048 1255 13948.138 1751.217 
483 2006 1258 13911.119 1744.944 
470 2047 1256 13951.135 1750.253 
499 2009 1248 13933.219 1748.695 
502 2006 1249 13933.82 1748.42 
480 2047 1248 13961.629 1752.378 
505 1984 1252 13910.973 1746.368 
486 2034 1240 13949.419 1750.575 
510 1975 1241 13900.435 1745.54 
496 1990 1266 13921.034 1747.452 
505 1986 1250 13916.777 1746.82 
499 1979 1255 13903.741 1745.055 
509 1953 1256 13882.197 1741.705 
497 1991 1273 13922.383 1747.247 
466 2054 1251 13960.743 1751.422 
471 2047 1253 13953.702 1751.175 
501 2006 1252 13926.618 1747.37 
492 2021 1250 13945.008 1750.669 
493 2016 1254 13934.572 1749.97 
479 2040 1252 13955.816 1751.661 
503 2004 1253 13927.027 1747.424 
490 2025 1249 13950.435 1751.176 
498 2004 1253 13929.765 1747.373 
462 2059 1253 13960.561 1752.358 
494 2022 1251 13946.595 1749.961 
490 1996 1265 13920.154 1746.967 
509 1976 1241 13900.722 1745.608 
491 2003 1262 13920.291 1745.395 
480 2039 1254 13948.491 1750.388 
515 1973 1233 13895.448 1744.574 
478 2036 1254 13956.061 1752.036 
469 2047 1256 13948.118 1751.216 
483 2039 1250 13962.171 1752.498 
474 2039 1263 13949.169 1751.815 
466 2056 1256 13959.504 1751.534 
479 2047 1251 13958.537 1752.307 
482 2044 1250 13953.583 1751.459 
471 2056 1246 13963.533 1753.069 
482 2036 1251 13954.18 1751.246 
479 2042 1250 13961.167 1751.891 
504 1978 1257 13898.398 1744.863 
508 1985 1245 13913.099 1747.447 
513 1958 1253 13890.054 1743.196 
470 2057 1250 13965.692 1753.206 
484 2037 1257 13946.147 1751.299 
466 2052 1248 13964.584 1754.336 
500 2006 1253 13927.704 1748.123 
507 2002 1245 13932.628 1749.047 
498 2012 1256 13928.779 1747.308 
477 2044 1255 13955.978 1750.839 
498 2006 1247 13933.131 1750.218 
501 1995 1252 13921.682 1749.839 
503 1976 1272 13914.296 1744.661 
499 2012 1251 13930.003 1748.001 
505 1975 1256 13901.393 1743.875 
497 2014 1256 13930.709 1747.41 
491 1992 1272 13915.053 1746.34 
477 2049 1241 13957.535 1751.907 
472 2055 1248 13964.503 1753.315 
476 2046 1257 13958.581 1752.508 
471 2044 1263 13949.185 1751.362 
486 2026 1249 13932.413 1749.616 
492 2017 1254 13926.305 1746.49 
470 2056 1249 13964.614 1753.525 
485 2028 1250 13943.765 1750.329 
498 2017 1252 13944.793 1749.972 
472 2065 1239 13972.408 1752.944 
509 1979 1230 13899.545 1744.258 
