614 2704 1584 13915.264 1745.136 
604 2707 1611 13924.905 1746.985 
608 2708 1602 13921.503 1746.644 
577 2726 1572 13902.03 1744.273 
608 2705 1621 13922.34 1746.686 
629 2663 1635 13898.109 1742.082 
608 2705 1611 13929.913 1747.51 
631 2690 1616 13932.49 1748.007 
648 2646 1603 13905.269 1743.514 
641 2663 1632 13905.881 1743.415 
636 2682 1616 13922.146 1747.943 
576 2727 1570 13901.807 1744.229 
630 2690 1622 13925.766 1748.613 
595 2714 1593 13912.14 1745.322 
625 2695 1624 13931.904 1747.296 
643 2670 1614 13914.174 1746.937 
611 2710 1599 13932.733 1748.068 
640 2676 1612 13917.242 1745.209 
620 2686 1642 13917.616 1743.703 
626 2678 1643 13917.257 1744.78 
663 2619 1625 13903.536 1743.719 
618 2701 1622 13925.272 1746.925 
655 2640 1599 13903.218 1742.942 
603 2714 1585 13914.145 1745.34 
616 2695 1642 13922.326 1745.634 
624 2699 1622 13934.416 1747.374 
637 2678 1625 13928.606 1747.972 
601 2709 1614 13925.834 1747.213 
611 2700 1623 13926.906 1747.7 
612 2704 1638 13925.261 1746.98 
621 2702 1611 13924.898 1746.985 
594 2715 1600 13923.046 1746.638 
627 2677 1644 13916.714 1744.82 
624 2693 1635 13933.731 1747.33 
603 2708 1616 13923.207 1744.75 
634 2674 1634 13913.109 1744.208 
620 2687 1640 13921.91 1746.631 
646 2652 1592 13902.679 1741.875 
605 2712 1587 13914.457 1745.407 
618 2701 1621 13925.863 1747.019 
624 2696 1624 13931.984 1747.311 
669 2630 1615 13912.634 1744.079 
663 2624 1618 13906.552 1743.641 
620 2703 1610 13924.842 1747.137 
655 2637 1621 13898.73 1743.183 
640 2669 1620 13916.018 1745.48 
655 2637 1606 13902.204 1742.977 
649 2644 1615 13902.382 1744.575 
629 2693 1620 13926.95 1748.203 
645 2651 1613 13906.263 1743.564 
646 2654 1614 13899.927 1744.109 
656 2633 1618 13903.68 1743.277 
655 2634 1619 13904.1 1743.283 
626 2688 1633 13925.453 1745.876 
598 2711 1604 13919.861 1745.311 
633 2690 1625 13933.114 1747.386 
647 2651 1593 13902.556 1741.846 
610 2702 1611 13927.929 1748.67 
651 2642 1619 13906.09 1743.663 
610 2709 1613 13929.68 1745.853 
648 2649 1591 13901.436 1741.645 
627 2686 1637 13921.958 1746.186 
653 2640 1612 13903.181 1745.217 
653 2640 1623 13905.074 1745.194 
579 2727 1561 13897.11 1743.576 
647 2647 1604 13901.725 1741.359 
655 2629 1622 13900.022 1741.948 
660 2635 1613 13903.607 1743.245 
604 2707 1614 13919.089 1746.223 
638 2667 1628 13920.238 1746.954 
632 2691 1629 13934.878 1747.167 
630 2662 1635 13898.242 1742.114 
656 2638 1600 13902.442 1741.609 
657 2636 1612 13903.034 1743.059 
661 2635 1614 13902.329 1742.905 
663 2627 1619 13906.048 1743.707 
670 2628 1617 13908.522 1743.999 
602 2723 1592 13928.647 1747.446 
613 2696 1628 13918.663 1745.517 
649 2645 1614 13902.159 1743.297 
632 2678 1630 13921.673 1745.393 
