740 3355 1941 13875.719 1738.716 
777 3328 1979 13875.874 1740.513 
739 3356 1941 13875.709 1738.715 
784 3320 1998 13887.46 1740.267 
797 3304 1993 13879.311 1738.879 
805 3288 2004 13864.929 1738.26 
727 3348 1962 13859.227 1737.468 
795 3309 1995 13881.19 1739.859 
734 3361 1940 13876.476 1738.642 
786 3314 1980 13877.144 1739.185 
793 3308 2003 13884.084 1739.699 
788 3313 1982 13880.565 1740.87 
775 3331 1978 13881.533 1739.839 
817 3255 1984 13853.114 1736.338 
740 3349 1961 13867.881 1737.788 
768 3343 1979 13877.838 1740.241 
767 3344 1978 13877.912 1740.252 
739 3357 1934 13870.849 1738.099 
739 3353 1946 13876.822 1738.269 
804 3298 1989 13884.843 1741.502 
778 3325 1988 13874.185 1740.32 
814 3274 1985 13869.024 1739.035 
742 3353 1944 13874.265 1739.235 
775 3331 1988 13882.042 1739.462 
740 3354 1943 13877.64 1739.382 
742 3350 1955 13864.02 1738.265 
772 3327 1975 13884.383 1739.22 
813 3273 1990 13866.624 1738.793 
790 3310 2000 13883.008 1739.492 
790 3310 2001 13882.944 1739.484 
773 3335 1980 13876.204 1740.973 
744 3352 1951 13869.286 1738.292 
787 3314 1987 13878.364 1738.021 
782 3327 1980 13878.746 1739.615 
812 3284 1996 13881.37 1739.666 
780 3321 1999 13878.502 1740.495 
794 3307 2003 13884.075 1739.699 
745 3348 1942 13872.548 1738.206 
783 3323 1974 13880.452 1739.876 
775 3328 1988 13874.428 1739.996 
776 3331 1979 13880.327 1739.116 
739 3351 1960 13868.598 1737.999 
785 3319 1999 13887.833 1740.283 
773 3338 1988 13883.002 1740.873 
802 3290 1996 13883.593 1740.75 
753 3346 1964 13866.824 1738.732 
806 3283 2003 13874.211 1739.433 
803 3282 2005 13874.842 1738.394 
791 3309 2001 13883.112 1739.504 
772 3339 1988 13882.575 1740.791 
774 3332 1986 13877.844 1740.818 
806 3291 2002 13879.468 1739.807 
783 3322 1996 13888.396 1739.995 
804 3294 2000 13878.405 1740.194 
807 3285 2000 13877.775 1739.558 
772 3344 1985 13877.605 1740.395 
809 3287 2018 13871.935 1739.289 
739 3351 1953 13875.622 1739.239 
762 3335 1962 13884.721 1740.101 
801 3281 2019 13866.048 1738.231 
816 3256 1984 13853.05 1736.338 
814 3266 1992 13863.224 1737.79 
776 3323 1994 13876.71 1740.311 
815 3265 1991 13861.618 1737.533 
807 3285 2001 13877.74 1739.554 
805 3292 2001 13879.466 1739.805 
798 3295 2011 13867.748 1739.918 
776 3310 2003 13866.749 1738.628 
764 3343 1969 13882.452 1738.202 
802 3298 2000 13881.635 1740.623 
741 3354 1943 13873.932 1739.105 
776 3326 1986 13873.18 1740.129 
800 3292 2009 13881.876 1740.545 
773 3326 1976 13884.231 1739.855 
