751 3930 2084 13672.844 1711.145 
742 3956 2093 13687.237 1712.973 
935 3759 2179 13703.512 1713.981 
925 3776 2181 13703.614 1714.684 
938 3757 2183 13703.701 1714.205 
903 3829 2263 13738.88 1721.589 
933 3763 2178 13705.018 1714.134 
885 3871 2277 13761.178 1724.979 
885 3871 2282 13766.041 1724.929 
897 3836 2282 13743.186 1722.164 
935 3759 2177 13704.555 1714.311 
864 3912 2255 13765.338 1725.488 
890 3873 2270 13761.133 1724.484 
876 3888 2275 13763.689 1724.942 
744 3953 2089 13685.028 1712.286 
864 3908 2262 13764.879 1725.553 
877 3877 2279 13763.784 1725.053 
878 3893 2264 13761.305 1724.543 
744 3952 2085 13683.156 1712.438 
926 3786 2180 13711.046 1715.654 
874 3898 2266 13758.334 1724.699 
872 3900 2276 13767.448 1725.59 
879 3883 2279 13762.286 1725.283 
860 3913 2266 13767.175 1725.155 
848 3926 2239 13758.117 1725.662 
885 3864 2283 13760.14 1724.817 
882 3879 2282 13762.339 1724.508 
878 3892 2273 13767.734 1725.321 
928 3785 2180 13710.734 1715.487 
890 3863 2290 13760.037 1724.102 
874 3888 2277 13757.129 1724.111 
750 3948 2103 13686.968 1712.854 
934 3762 2178 13704.387 1713.964 
936 3759 2178 13701.799 1713.77 
887 3877 2274 13766.454 1725.584 
750 3949 2103 13687.145 1712.845 
871 3905 2264 13766.36 1725.021 
938 3753 2189 13706.225 1715.169 
870 3906 2273 13771.825 1726.327 
878 3890 2256 13769.992 1725.603 
873 3894 2279 13765.201 1726.1 
884 3879 2278 13763.615 1725.76 
884 3883 2276 13767.368 1725.572 
873 3900 2264 13765.063 1725.222 
878 3896 2261 13762.524 1725.204 
887 3871 2276 13758.511 1723.804 
897 3848 2276 13748.167 1723.054 
871 3902 2271 13766.177 1725.825 
893 3846 2282 13747.445 1721.742 
869 3903 2275 13768.928 1726.073 
886 3882 2270 13763.398 1724.73 
866 3914 2259 13764.406 1724.869 
899 3863 2275 13754.141 1724.911 
890 3862 2291 13759.352 1724.036 
901 3826 2267 13735.614 1720.928 
864 3907 2276 13770.104 1725.407 
882 3885 2259 13757.878 1724.319 
879 3881 2282 13760.56 1724.534 
895 3865 2281 13765.578 1725.328 
881 3864 2288 13749.908 1723.763 
885 3867 2287 13763.029 1724.261 
