754 3330 1927 13848.308 1735.178 
765 3326 1929 13856.042 1736.472 
767 3323 1950 13860.908 1736.722 
804 3275 1953 13851.254 1735.958 
753 3337 1922 13847.305 1735.827 
768 3322 1944 13854.166 1735.702 
769 3318 1951 13857.088 1735.983 
800 3271 1955 13843.529 1735.11 
742 3348 1914 13852.589 1736.497 
743 3346 1917 13852.741 1736.426 
777 3313 1948 13857.015 1736.2 
748 3341 1920 13846.367 1735.486 
754 3334 1918 13845.042 1735.349 
794 3288 1944 13853.302 1736.098 
775 3318 1950 13855.203 1736.41 
793 3300 1955 13860.806 1736.803 
754 3329 1928 13848.343 1735.091 
751 3338 1923 13848.443 1736.025 
796 3286 1951 13847.027 1736.131 
784 3310 1967 13861.62 1736.599 
784 3311 1966 13862.443 1736.735 
748 3340 1922 13845.976 1735.395 
805 3269 1953 13844.041 1733.805 
751 3334 1941 13852.673 1735.744 
796 3272 1961 13842.997 1734.619 
741 3350 1914 13853.576 1736.629 
772 3319 1941 13862.684 1736.763 
802 3278 1953 13848.196 1735.39 
743 3347 1915 13850.981 1735.773 
797 3271 1962 13843.08 1734.65 
741 3348 1917 13848.195 1735.894 
796 3290 1937 13856.771 1737.001 
798 3270 1962 13842.747 1734.486 
803 3278 1945 13848.753 1735.054 
741 3350 1914 13853.729 1736.618 
750 3335 1925 13848.487 1735.182 
793 3282 1961 13850.736 1735.404 
802 3280 1946 13851.996 1735.837 
760 3325 1950 13856.326 1736.05 
747 3337 1927 13847.712 1735.197 
764 3327 1930 13856.465 1736.561 
749 3339 1921 13848.57 1735.41 
771 3315 1956 13850.702 1735.948 
761 3327 1941 13852.086 1735.521 
774 3316 1952 13856.043 1736.568 
789 3311 1960 13864.342 1737.867 
803 3271 1961 13844.048 1734.838 
797 3276 1957 13842.627 1733.833 
748 3343 1918 13849.571 1735.919 
806 3265 1964 13843.919 1734.309 
768 3320 1953 13855.841 1735.486 
768 3319 1956 13856.199 1735.447 
802 3280 1949 13850.792 1735.758 
796 3282 1954 13848.859 1735.755 
805 3268 1955 13844.681 1734.927 
793 3272 1973 13844.609 1735.34 
752 3330 1930 13854.65 1736.987 
747 3344 1917 13849.758 1735.962 
761 3324 1950 13855.758 1736.017 
754 3332 1926 13846.508 1735.528 
810 3267 1961 13849.64 1735.025 
770 3320 1943 13855.601 1736.712 
792 3275 1964 13850.909 1735.752 
793 3291 1959 13851.532 1735.188 
753 3337 1923 13848.037 1735.474 
751 3336 1924 13848.841 1735.14 
814 3252 1955 13836.154 1733.229 
774 3316 1952 13857.281 1736.39 
792 3292 1957 13851.645 1735.19 
794 3294 1956 13850.377 1734.604 
799 3283 1942 13848.6 1735.602 
788 3288 1965 13851.802 1735.189 
812 3256 1952 13840.242 1733.902 
