1076 4383 2524 13685.768 1712.231 
1081 4365 2540 13672.491 1711.283 
1080 4375 2555 13680.717 1712.498 
1064 4575 2613 13793.343 1726.183 
1065 4574 2615 13793.515 1726.594 
1048 4606 2621 13797.597 1726.733 
980 4638 2554 13775.12 1723.823 
991 4632 2570 13785.441 1724.883 
1098 4345 2565 13676.32 1712.56 
1057 4594 2616 13793.866 1726.927 
1092 4362 2562 13686.968 1713.664 
1064 4579 2611 13788.98 1725.86 
1060 4577 2632 13789.197 1726.203 
1071 4571 2627 13797.831 1727.126 
1067 4584 2624 13800.711 1725.796 
1063 4557 2637 13779.613 1723.839 
1056 4584 2617 13799.846 1727.086 
1067 4573 2620 13794.032 1726.843 
1056 4588 2609 13799.904 1727.135 
986 4633 2549 13775.517 1724.61 
1002 4628 2560 13777.259 1723.971 
1048 4606 2621 13797.563 1726.769 
1075 4568 2636 13795.536 1727.084 
1036 4616 2599 13800.9 1727.419 
1057 4581 2630 13796.131 1727.645 
1052 4605 2624 13802.744 1727.743 
1044 4615 2616 13799.631 1726.785 
982 4637 2560 13777.217 1724.243 
1004 4626 2580 13780.36 1723.469 
1051 4600 2638 13798.4 1726.836 
978 4642 2556 13776.515 1724.089 
1038 4611 2612 13799.153 1727.388 
1059 4588 2619 13801.092 1727.005 
1054 4596 2626 13799.134 1727.832 
1045 4612 2615 13798.807 1726.144 
1036 4622 2588 13798.635 1726.405 
1030 4624 2608 13795.815 1726.892 
1053 4582 2642 13792.72 1726.683 
1054 4577 2639 13787.15 1725.652 
1065 4576 2607 13791.0 1725.861 
1057 4585 2633 13797.586 1726.883 
1055 4594 2627 13801.022 1727.657 
1053 4600 2620 13801.114 1726.902 
1001 4630 2551 13777.886 1724.474 
1045 4613 2607 13798.023 1726.032 
1059 4574 2642 13789.027 1725.751 
1046 4598 2621 13800.591 1727.887 
1040 4618 2600 13800.67 1725.885 
1063 4590 2631 13804.062 1726.822 
994 4644 2572 13783.351 1723.704 
1039 4618 2620 13800.596 1727.261 
1083 4364 2553 13677.949 1712.445 
