1018 4509 2623 13742.967 1721.085 
1017 4510 2623 13743.039 1721.086 
1031 4499 2590 13732.571 1718.384 
1031 4500 2588 13732.921 1718.464 
1039 4481 2612 13734.211 1720.011 
1016 4496 2636 13729.411 1716.459 
1035 4486 2644 13737.325 1718.914 
959 4627 2617 13774.547 1724.289 
1017 4521 2618 13748.376 1720.619 
967 4622 2616 13772.1 1723.155 
975 4593 2636 13771.403 1723.69 
1020 4533 2608 13743.383 1718.782 
955 4613 2590 13768.952 1725.007 
945 4636 2580 13765.95 1723.976 
1032 4498 2609 13738.097 1720.144 
1004 4580 2616 13770.695 1723.729 
1018 4509 2624 13742.942 1721.081 
1028 4517 2595 13734.817 1717.879 
992 4594 2630 13779.598 1724.502 
1015 4562 2621 13770.91 1723.913 
1003 4567 2638 13767.964 1722.9 
993 4594 2598 13772.558 1724.851 
956 4642 2603 13770.615 1723.509 
1004 4579 2618 13766.772 1722.918 
981 4598 2636 13777.677 1723.601 
1049 4443 2574 13715.93 1716.637 
1034 4494 2616 13741.064 1720.672 
945 4631 2591 13767.871 1724.706 
1014 4548 2634 13768.653 1724.864 
989 4603 2631 13782.723 1725.046 
1042 4498 2620 13742.788 1719.23 
970 4605 2608 13774.905 1722.895 
1028 4500 2610 13735.691 1717.597 
1002 4582 2639 13774.34 1723.393 
961 4621 2581 13768.972 1723.738 
1020 4522 2605 13739.358 1720.907 
990 4597 2633 13781.114 1724.918 
1003 4589 2635 13781.156 1724.907 
954 4629 2606 13770.09 1722.789 
967 4622 2615 13772.165 1723.159 
1012 4562 2637 13767.366 1722.46 
991 4612 2606 13777.387 1724.693 
1026 4501 2605 13740.756 1719.688 
991 4596 2634 13781.229 1724.926 
1002 4574 2637 13773.661 1723.802 
1025 4517 2588 13736.247 1717.313 
1027 4499 2599 13736.644 1718.965 
1036 4486 2622 13735.516 1718.051 
1046 4451 2574 13714.964 1715.239 
1042 4457 2642 13724.655 1716.441 
1024 4490 2621 13728.506 1718.047 
1012 4577 2634 13779.489 1724.397 
1019 4523 2604 13739.368 1720.814 
1022 4494 2636 13737.237 1717.49 
1015 4510 2632 13743.311 1721.078 
992 4594 2630 13779.591 1724.584 
1007 4577 2638 13773.722 1722.844 
1020 4505 2614 13743.084 1721.929 
