357 1338 872 14026.185 1760.147 
360 1326 871 14004.734 1761.027 
332 1358 850 14003.189 1759.336 
365 1325 868 14003.816 1756.61 
284 1389 786 13934.488 1751.916 
337 1353 860 14003.209 1758.604 
341 1354 846 13996.844 1759.436 
332 1360 856 14008.178 1759.114 
361 1335 866 14017.82 1757.967 
284 1387 787 13935.293 1751.674 
372 1312 858 13988.203 1754.475 
365 1324 869 14001.245 1756.602 
351 1352 873 14031.137 1760.763 
324 1365 833 13979.93 1754.489 
343 1353 849 13999.907 1759.602 
370 1314 856 13980.76 1753.15 
272 1412 783 13953.734 1753.841 
266 1419 785 13951.322 1754.497 
271 1418 779 13952.068 1753.78 
363 1320 880 14007.408 1758.518 
274 1393 791 13924.943 1748.901 
337 1359 849 14006.056 1757.503 
351 1347 878 14030.118 1759.277 
283 1400 790 13951.845 1754.325 
347 1355 853 14018.542 1758.301 
362 1334 866 14018.119 1757.98 
269 1420 773 13948.552 1755.46 
354 1342 871 14020.308 1759.564 
282 1401 789 13951.988 1754.339 
267 1423 778 13957.541 1755.435 
269 1425 776 13953.54 1754.183 
272 1413 784 13950.643 1754.087 
359 1338 875 14033.119 1759.733 
366 1331 866 14013.837 1757.986 
358 1337 873 14028.356 1760.45 
265 1425 777 13958.864 1756.45 
353 1343 870 14020.003 1759.515 
355 1331 868 14010.015 1761.295 
340 1355 845 13996.44 1759.426 
269 1417 780 13951.603 1753.959 
364 1327 875 14009.334 1757.89 
356 1340 853 14014.716 1757.27 
284 1395 785 13942.219 1751.467 
272 1414 780 13952.547 1754.097 
283 1403 790 13948.372 1752.75 
274 1416 779 13959.383 1755.384 
363 1325 871 14005.057 1758.497 
270 1404 788 13937.608 1753.047 
354 1341 872 14018.048 1759.306 
336 1360 847 14000.474 1759.679 
328 1363 833 13977.894 1755.044 
336 1358 853 14016.858 1757.07 
363 1333 866 14017.679 1757.916 
348 1349 874 14026.947 1758.949 
274 1416 778 13959.427 1755.387 
267 1415 788 13948.511 1753.763 
358 1331 878 14016.293 1758.365 
365 1330 864 14011.571 1758.166 
357 1339 854 14016.035 1757.557 
363 1322 879 14006.489 1758.2 
362 1330 881 14025.73 1759.629 
279 1411 787 13961.474 1755.663 
371 1313 857 13980.688 1753.383 
