849 3984 2287 13808.2 1732.947 
916 3906 2311 13815.273 1731.514 
848 3985 2287 13808.132 1732.937 
859 3987 2237 13816.438 1733.845 
856 3979 2253 13812.836 1734.171 
898 3934 2315 13819.898 1732.7 
852 3980 2281 13808.72 1732.204 
865 3968 2295 13828.299 1733.442 
897 3935 2314 13819.76 1732.687 
899 3929 2321 13823.066 1733.49 
863 3980 2275 13815.718 1731.699 
897 3930 2322 13822.287 1733.038 
908 3916 2312 13817.505 1732.169 
877 3965 2303 13826.687 1734.131 
872 3964 2312 13827.274 1732.595 
910 3914 2313 13818.388 1732.314 
879 3973 2286 13819.377 1732.26 
846 3987 2285 13807.967 1732.916 
909 3917 2308 13820.463 1733.349 
891 3944 2313 13822.557 1733.757 
879 3956 2314 13833.658 1734.151 
872 3976 2280 13817.62 1731.965 
864 3975 2285 13817.164 1732.66 
886 3947 2318 13831.759 1733.992 
879 3966 2300 13826.062 1732.469 
896 3939 2326 13829.032 1734.416 
857 3970 2290 13808.15 1732.669 
906 3920 2316 13821.566 1732.959 
880 3954 2330 13830.876 1733.684 
907 3911 2319 13814.888 1731.735 
888 3944 2325 13828.702 1733.687 
905 3926 2330 13825.153 1733.726 
894 3943 2331 13831.737 1734.906 
851 3981 2281 13809.16 1732.301 
865 3980 2269 13812.956 1731.613 
871 3977 2280 13817.56 1731.952 
873 3975 2280 13817.683 1732.017 
880 3965 2301 13826.558 1732.516 
885 3961 2315 13825.509 1734.057 
890 3930 2332 13824.36 1732.971 
868 3969 2303 13821.419 1733.229 
884 3948 2322 13834.464 1734.201 
909 3909 2314 13813.21 1731.432 
906 3922 2313 13819.817 1732.269 
859 3972 2290 13814.302 1731.585 
867 3966 2306 13825.005 1732.558 
910 3919 2311 13819.603 1732.327 
863 3971 2282 13821.598 1732.3 
884 3962 2306 13822.902 1732.724 
889 3945 2313 13834.118 1732.901 
913 3912 2308 13815.931 1731.709 
879 3965 2282 13823.29 1735.042 
889 3935 2325 13832.992 1733.329 
912 3913 2310 13816.092 1731.95 
905 3928 2306 13821.899 1732.805 
853 3982 2242 13812.517 1733.562 
911 3920 2310 13820.999 1732.398 
853 3981 2281 13810.693 1731.247 
858 3980 2296 13821.829 1731.768 
887 3947 2317 13828.881 1734.174 
900 3922 2335 13824.353 1733.349 
903 3951 2312 13835.156 1735.01 
904 3927 2329 13824.421 1733.685 
864 3979 2280 13819.056 1732.712 
882 3954 2318 13835.961 1734.256 
