899 3881 2251 13769.264 1725.348 
885 3901 2262 13767.678 1725.336 
880 3908 2249 13766.612 1725.268 
901 3882 2261 13766.61 1724.701 
807 4006 2147 13770.944 1725.301 
878 3910 2247 13766.038 1725.242 
907 3871 2260 13764.57 1723.881 
859 3940 2220 13771.28 1724.7 
857 3929 2241 13766.384 1723.997 
813 3993 2164 13769.48 1725.397 
858 3941 2219 13771.124 1724.692 
850 3939 2224 13772.999 1724.773 
859 3934 2244 13764.439 1724.69 
880 3905 2251 13769.691 1725.514 
908 3874 2256 13765.356 1724.317 
905 3877 2274 13770.164 1724.459 
896 3886 2274 13769.163 1725.971 
909 3867 2264 13769.38 1724.567 
862 3919 2257 13769.872 1725.74 
876 3917 2245 13770.97 1726.206 
873 3919 2239 13762.6 1723.091 
869 3926 2249 13775.167 1726.185 
878 3905 2256 13767.162 1725.261 
896 3890 2276 13771.455 1725.794 
899 3877 2269 13765.299 1725.063 
862 3932 2234 13766.446 1724.22 
861 3951 2234 13767.976 1724.809 
894 3886 2277 13767.899 1725.149 
831 3975 2167 13779.345 1727.155 
885 3911 2255 13774.868 1724.919 
846 3948 2227 13779.004 1726.678 
827 3968 2175 13755.622 1724.292 
890 3904 2267 13774.903 1725.008 
910 3866 2265 13770.095 1724.695 
874 3917 2249 13760.55 1722.835 
859 3940 2221 13770.895 1724.668 
804 4004 2160 13773.549 1725.761 
855 3937 2230 13772.058 1724.896 
874 3905 2261 13771.957 1724.754 
848 3965 2244 13781.066 1726.025 
849 3953 2228 13783.184 1726.138 
868 3926 2268 13775.338 1724.224 
857 3943 2228 13770.355 1724.972 
895 3894 2256 13769.196 1724.833 
872 3911 2258 13770.69 1724.599 
848 3945 2231 13776.621 1726.541 
862 3931 2221 13769.949 1725.122 
875 3914 2250 13766.949 1725.019 
859 3931 2236 13766.552 1725.176 
853 3938 2246 13765.975 1724.48 
894 3897 2263 13773.379 1725.737 
824 3992 2187 13790.116 1728.021 
862 3919 2258 13769.963 1725.727 
903 3878 2264 13765.803 1724.352 
855 3932 2241 13765.389 1724.603 
872 3920 2250 13775.262 1725.892 
856 3930 2262 13776.827 1726.137 
876 3908 2258 13767.103 1725.382 
870 3923 2256 13775.005 1725.935 
857 3946 2235 13769.97 1724.699 
859 3950 2232 13766.885 1724.913 
846 3941 2249 13763.12 1724.611 
806 4000 2157 13770.454 1725.452 
871 3924 2229 13773.788 1725.143 
876 3911 2249 13769.645 1725.356 
874 3906 2260 13772.29 1724.746 
856 3947 2226 13774.69 1724.746 
871 3916 2259 13773.598 1724.892 
898 3893 2257 13771.952 1724.071 
899 3879 2257 13768.287 1725.448 
858 3928 2241 13766.202 1723.964 
858 3943 2234 13769.937 1725.039 
