966 4569 2503 13734.939 1720.905 
919 4619 2486 13735.167 1721.021 
985 4541 2489 13727.161 1719.493 
917 4627 2453 13734.03 1720.106 
895 4642 2446 13717.494 1718.251 
965 4566 2504 13728.842 1720.602 
925 4624 2469 13732.665 1720.73 
916 4628 2461 13728.395 1719.186 
896 4642 2431 13718.713 1718.326 
980 4546 2496 13721.132 1717.995 
903 4632 2467 13727.757 1719.151 
960 4577 2512 13732.43 1720.794 
925 4614 2474 13730.992 1719.694 
982 4535 2504 13727.07 1718.651 
967 4570 2502 13730.52 1719.794 
966 4564 2504 13735.36 1721.065 
930 4621 2462 13736.807 1719.973 
927 4619 2473 13726.926 1719.728 
962 4571 2514 13734.136 1719.876 
930 4614 2467 13735.371 1720.552 
957 4582 2512 13734.774 1720.701 
930 4603 2499 13731.752 1720.187 
954 4585 2501 13738.813 1721.859 
985 4537 2499 13727.0 1719.054 
961 4565 2516 13730.094 1720.04 
982 4538 2500 13728.831 1718.881 
951 4606 2480 13741.518 1721.521 
931 4612 2485 13736.485 1721.575 
956 4596 2487 13742.666 1722.388 
961 4584 2496 13739.067 1721.84 
954 4588 2498 13740.686 1722.332 
912 4633 2437 13720.473 1718.943 
947 4601 2497 13741.904 1722.051 
927 4615 2469 13735.348 1720.693 
984 4541 2484 13730.389 1719.729 
897 4641 2447 13718.595 1718.309 
907 4637 2466 13730.31 1719.562 
979 4555 2496 13732.712 1720.939 
988 4531 2483 13723.165 1719.033 
952 4605 2480 13741.56 1721.524 
900 4638 2446 13719.783 1718.482 
954 4592 2496 13741.098 1722.481 
994 4516 2489 13716.733 1718.167 
982 4556 2490 13733.363 1720.908 
981 4558 2495 13734.916 1720.411 
972 4576 2487 13729.997 1719.833 
989 4527 2497 13720.853 1718.747 
959 4585 2495 13738.808 1721.726 
925 4613 2482 13738.118 1720.64 
934 4605 2496 13736.001 1720.557 
964 4558 2516 13728.528 1719.959 
971 4567 2503 13727.699 1718.993 
979 4547 2508 13732.29 1720.368 
975 4547 2524 13727.228 1720.44 
986 4514 2512 13718.381 1717.569 
914 4631 2479 13736.998 1720.618 
981 4541 2510 13730.682 1720.281 
968 4559 2502 13730.044 1720.159 
952 4589 2503 13743.354 1722.59 
950 4598 2503 13742.075 1722.263 
919 4623 2474 13731.703 1720.469 
967 4571 2498 13738.869 1723.123 
947 4611 2493 13750.695 1722.765 
962 4582 2504 13735.201 1719.764 
961 4578 2511 13737.117 1720.383 
956 4596 2487 13742.08 1722.41 
918 4620 2485 13734.85 1720.984 
993 4526 2510 13729.709 1719.991 
957 4591 2486 13740.634 1721.919 
981 4541 2515 13734.547 1720.082 
974 4570 2493 13728.707 1719.173 
953 4591 2502 13738.854 1721.76 
932 4618 2462 13731.226 1721.387 
957 4600 2476 13741.512 1721.232 
985 4536 2506 13724.995 1719.137 
985 4527 2495 13728.245 1719.53 
969 4567 2486 13729.799 1720.687 
977 4554 2509 13734.512 1721.43 
965 4571 2505 13731.313 1719.113 
