607 2644 1517 13820.589 1729.518 
623 2619 1517 13813.751 1729.469 
624 2617 1518 13814.618 1729.797 
621 2619 1531 13808.889 1730.912 
619 2628 1506 13822.084 1728.187 
614 2639 1499 13821.756 1729.201 
639 2588 1505 13795.366 1724.819 
592 2645 1531 13818.377 1726.487 
620 2637 1498 13819.881 1728.951 
617 2629 1513 13821.218 1728.802 
564 2678 1518 13828.433 1728.595 
615 2635 1503 13819.222 1728.244 
614 2637 1504 13822.739 1729.78 
641 2586 1508 13796.246 1724.986 
571 2654 1529 13823.761 1729.126 
565 2680 1514 13827.212 1728.954 
618 2631 1512 13810.704 1728.802 
638 2581 1517 13781.552 1721.548 
624 2596 1534 13806.245 1725.294 
622 2618 1532 13809.405 1730.754 
595 2637 1530 13809.197 1729.236 
583 2663 1496 13808.465 1725.972 
617 2629 1514 13821.19 1728.797 
612 2646 1523 13824.379 1728.74 
622 2626 1510 13818.189 1729.202 
641 2554 1513 13777.895 1723.708 
629 2633 1504 13820.647 1730.559 
597 2649 1515 13819.95 1726.213 
608 2643 1517 13820.62 1729.525 
596 2648 1503 13807.115 1728.281 
607 2629 1526 13814.183 1730.872 
565 2688 1507 13827.682 1728.513 
612 2640 1509 13824.115 1728.772 
593 2644 1532 13819.035 1726.56 
642 2579 1523 13788.811 1723.128 
598 2654 1513 13812.135 1727.594 
561 2693 1521 13830.777 1727.165 
618 2630 1511 13823.534 1728.879 
565 2685 1511 13831.448 1729.458 
635 2622 1512 13821.803 1730.637 
617 2628 1514 13815.154 1729.704 
635 2595 1542 13813.761 1727.33 
589 2658 1511 13814.867 1726.1 
574 2654 1540 13818.103 1726.342 
627 2620 1529 13817.364 1729.073 
588 2657 1496 13806.685 1728.419 
582 2662 1522 13829.82 1730.353 
611 2636 1538 13813.852 1730.008 
598 2643 1523 13815.033 1729.033 
591 2646 1530 13818.236 1726.456 
594 2642 1532 13818.743 1726.421 
578 2680 1513 13830.672 1729.342 
643 2578 1523 13788.675 1723.121 
616 2623 1518 13817.461 1726.716 
637 2582 1518 13791.404 1724.146 
620 2619 1533 13813.787 1730.065 
616 2630 1532 13817.359 1730.476 
624 2622 1515 13812.345 1728.204 
618 2640 1506 13822.307 1728.174 
563 2692 1511 13834.347 1729.132 
600 2653 1520 13815.182 1725.408 
594 2639 1530 13809.705 1729.216 
615 2636 1500 13819.304 1729.17 
594 2638 1530 13809.445 1729.291 
609 2644 1499 13810.813 1729.413 
599 2647 1509 13805.296 1726.711 
580 2671 1509 13821.497 1730.403 
575 2653 1540 13818.244 1726.536 
