1128 5160 2978 13741.37 1719.262 
1086 5216 2951 13747.75 1718.494 
1112 5169 2947 13732.355 1717.734 
1109 5170 2965 13728.131 1717.768 
1189 5029 2948 13704.133 1714.004 
1098 5197 2960 13748.444 1718.116 
1109 5200 2952 13748.002 1718.399 
1087 5215 2952 13747.882 1718.5 
1187 5031 2947 13703.436 1713.951 
1101 5190 2965 13741.535 1718.231 
1111 5171 2955 13730.889 1715.953 
1089 5200 2975 13747.375 1719.35 
1087 5194 2976 13743.417 1718.517 
1097 5171 2978 13736.205 1718.601 
1128 5166 2989 13741.021 1719.843 
1192 5024 2948 13701.396 1713.699 
1106 5180 2961 13732.084 1716.308 
1152 5151 2993 13747.436 1720.879 
1052 5249 2939 13738.931 1718.288 
1097 5199 2959 13747.2 1718.111 
1188 5030 2947 13704.075 1713.989 
1070 5232 2958 13744.611 1719.405 
1094 5209 2946 13750.163 1719.593 
1078 5213 2964 13745.132 1719.543 
1160 5130 2986 13739.67 1719.785 
1106 5168 2960 13736.267 1717.933 
1089 5202 2958 13747.629 1719.006 
1095 5219 2936 13753.248 1719.062 
1064 5241 2955 13742.762 1718.401 
1104 5185 2954 13745.899 1718.702 
1095 5202 2963 13739.796 1718.415 
1089 5203 2968 13737.291 1717.829 
1110 5174 2956 13731.992 1716.76 
1078 5218 2953 13746.807 1718.409 
1100 5209 2957 13751.623 1719.491 
1088 5213 2962 13746.349 1718.473 
1096 5198 2972 13748.899 1719.716 
1086 5211 2958 13742.725 1718.61 
1107 5168 2972 13735.996 1716.484 
1082 5216 2955 13739.526 1718.037 
1115 5173 2954 13732.933 1716.309 
1190 5027 2948 13702.961 1713.635 
1069 5239 2941 13743.23 1718.488 
1092 5204 2966 13745.022 1717.951 
1186 5129 3010 13756.457 1722.255 
1177 5107 3020 13742.241 1720.563 
1102 5188 2956 13739.389 1718.222 
1108 5201 2952 13749.002 1718.47 
1105 5172 2962 13735.214 1716.827 
1095 5199 2972 13748.909 1719.718 
1178 5118 3014 13747.123 1721.632 
1112 5199 2945 13753.513 1719.979 
1117 5179 2946 13743.142 1718.179 
1089 5186 2980 13742.913 1717.718 
1078 5223 2948 13748.659 1719.031 
1081 5222 2949 13740.961 1718.175 
1126 5157 2992 13736.415 1719.023 
1069 5239 2940 13743.252 1718.489 
1085 5228 2934 13752.975 1719.454 
1104 5177 2987 13742.769 1718.586 
1077 5217 2959 13751.346 1719.254 
1091 5223 2931 13752.56 1719.465 
1089 5220 2932 13748.209 1718.868 
1076 5237 2950 13747.593 1718.8 
1109 5176 2959 13740.383 1718.062 
1084 5232 2944 13753.654 1720.067 
1171 5123 3017 13746.136 1721.202 
1100 5215 2944 13752.587 1718.766 
1089 5210 2947 13747.731 1719.028 
1106 5188 2958 13743.95 1717.415 
1096 5199 2965 13754.673 1719.532 
1150 5154 2990 13743.726 1720.504 
