951 4563 2552 13731.563 1718.56 
1064 4474 2684 13767.501 1721.934 
932 4587 2536 13727.49 1718.823 
1026 4550 2644 13772.242 1722.357 
932 4585 2532 13731.435 1718.595 
1050 4513 2643 13765.446 1721.422 
933 4586 2537 13727.842 1718.961 
1044 4516 2671 13773.869 1722.602 
923 4598 2523 13728.546 1717.962 
935 4578 2544 13727.24 1719.363 
937 4581 2529 13729.803 1718.078 
1059 4480 2675 13769.383 1721.355 
1056 4485 2656 13761.701 1720.555 
1053 4489 2677 13760.131 1720.524 
946 4575 2527 13727.862 1718.906 
1022 4555 2647 13771.931 1722.6 
1042 4514 2673 13774.19 1722.229 
1052 4500 2688 13776.63 1723.069 
1053 4484 2672 13762.204 1720.318 
1059 4487 2655 13760.432 1720.881 
932 4588 2528 13730.167 1718.703 
938 4571 2545 13727.997 1718.678 
921 4593 2530 13728.748 1718.426 
1061 4477 2677 13768.912 1721.211 
931 4588 2535 13727.095 1718.757 
1067 4455 2672 13753.159 1719.974 
1021 4556 2647 13772.573 1722.748 
1023 4555 2636 13773.382 1722.771 
1046 4501 2670 13761.181 1720.228 
1023 4546 2653 13769.733 1722.238 
1037 4520 2677 13771.01 1721.868 
1066 4461 2660 13760.858 1721.324 
946 4564 2545 13729.822 1718.53 
1044 4506 2674 13763.952 1720.857 
904 4605 2498 13718.601 1716.908 
946 4564 2552 13728.939 1718.524 
1059 4487 2654 13765.368 1721.354 
1057 4477 2679 13763.916 1720.767 
1045 4522 2662 13773.116 1723.107 
957 4557 2538 13730.415 1719.033 
920 4596 2525 13729.785 1718.468 
929 4602 2521 13733.611 1719.114 
1022 4544 2652 13771.105 1721.921 
936 4581 2534 13725.717 1717.949 
1046 4516 2669 13773.379 1722.455 
941 4571 2541 13731.297 1719.294 
941 4574 2531 13728.044 1719.673 
1045 4527 2659 13780.389 1723.869 
1065 4458 2680 13757.311 1721.196 
1054 4492 2664 13763.812 1721.199 
921 4597 2534 13727.283 1718.351 
1030 4545 2651 13773.736 1722.59 
935 4581 2530 13736.286 1720.18 
919 4598 2525 13730.912 1718.647 
1041 4538 2669 13785.969 1724.447 
950 4573 2539 13739.317 1719.838 
933 4586 2531 13732.409 1719.193 
903 4608 2499 13719.589 1717.086 
913 4603 2506 13722.05 1717.778 
1025 4553 2644 13774.642 1723.073 
948 4569 2541 13736.31 1719.669 
1070 4451 2691 13756.684 1720.371 
936 4579 2535 13725.523 1718.092 
942 4572 2546 13727.77 1719.5 
927 4592 2534 13731.494 1719.593 
926 4595 2524 13727.986 1718.123 
1058 4488 2653 13765.254 1721.335 
1057 4489 2651 13765.396 1721.36 
1058 4495 2657 13759.7 1720.412 
957 4564 2536 13733.382 1719.446 
941 4576 2538 13728.825 1718.606 
