409 2063 1173 13884.47 1743.029 
461 1997 1207 13890.227 1743.919 
447 2027 1191 13894.718 1745.887 
417 2060 1172 13889.379 1743.967 
463 2006 1191 13897.744 1742.286 
476 1990 1208 13893.594 1743.364 
483 1971 1211 13873.414 1740.418 
427 2054 1188 13903.508 1747.18 
477 1989 1207 13893.804 1743.377 
437 2037 1203 13909.889 1746.928 
446 2029 1190 13895.365 1745.927 
455 2020 1184 13881.818 1741.987 
445 2033 1185 13892.908 1744.806 
449 2028 1194 13893.471 1743.454 
428 2055 1184 13895.647 1746.244 
458 2017 1184 13883.249 1743.758 
426 2054 1189 13901.567 1746.043 
462 2007 1191 13897.817 1742.294 
478 1987 1196 13868.986 1741.128 
459 2016 1184 13882.971 1744.033 
428 2056 1180 13906.231 1746.828 
481 1965 1214 13877.983 1742.361 
461 2012 1193 13892.845 1745.378 
469 1980 1215 13873.113 1740.941 
431 2055 1177 13898.183 1744.951 
483 1974 1203 13875.9 1741.446 
485 1979 1200 13887.382 1743.01 
457 2016 1190 13878.789 1741.796 
433 2036 1204 13907.476 1747.299 
435 2047 1192 13902.583 1745.775 
451 2019 1197 13898.528 1744.539 
420 2062 1170 13895.446 1744.494 
477 1981 1212 13871.948 1741.629 
463 2004 1196 13897.382 1741.767 
436 2045 1193 13904.083 1745.746 
452 2034 1190 13889.578 1741.371 
441 2033 1190 13893.109 1747.217 
433 2053 1189 13905.164 1746.574 
454 2027 1183 13893.559 1745.476 
474 2000 1201 13902.949 1744.513 
428 2058 1170 13895.647 1746.32 
441 2041 1187 13897.92 1745.865 
456 2029 1181 13900.594 1746.664 
433 2052 1193 13909.266 1747.023 
441 2042 1178 13895.159 1745.779 
431 2057 1175 13902.26 1747.866 
443 2030 1191 13885.689 1747.285 
471 2004 1197 13897.105 1744.068 
444 2041 1186 13903.469 1745.525 
438 2045 1182 13896.586 1745.399 
450 2038 1181 13887.242 1742.33 
447 2038 1171 13895.413 1746.456 
453 2028 1182 13894.674 1745.59 
480 1976 1211 13877.539 1740.596 
482 1977 1207 13880.552 1741.684 
437 2044 1192 13902.702 1746.204 
460 2013 1193 13892.391 1745.304 
450 2035 1188 13887.973 1741.297 
452 2034 1191 13889.432 1741.335 
477 1992 1210 13893.392 1743.078 
444 2034 1192 13896.894 1746.592 
473 2001 1201 13902.983 1744.517 
456 2013 1215 13914.168 1746.534 
463 2015 1201 13889.155 1744.887 
450 2024 1186 13888.361 1743.522 
440 2028 1198 13896.669 1743.837 
485 1970 1213 13875.726 1740.604 
438 2049 1180 13905.07 1747.298 
447 2031 1187 13894.431 1745.93 
444 2044 1176 13897.959 1744.921 
444 2022 1196 13889.87 1742.063 
460 2007 1214 13906.677 1746.398 
443 2037 1187 13900.051 1745.409 
459 2012 1185 13901.235 1744.99 
436 2053 1184 13913.656 1747.752 
436 2053 1184 13913.499 1747.771 
486 1978 1200 13887.174 1742.959 
472 2002 1200 13902.39 1744.426 
460 2011 1211 13910.259 1747.588 
451 2015 1217 13909.904 1746.4 
487 1973 1200 13883.218 1743.081 
481 1972 1218 13874.322 1740.687 
449 2035 1174 13893.598 1745.845 
472 2002 1200 13894.612 1745.18 
475 1979 1216 13881.896 1742.329 
