631 2597 1555 13807.814 1732.224 
506 2706 1430 13784.653 1727.905 
625 2607 1531 13816.049 1734.583 
539 2689 1476 13790.146 1727.694 
630 2598 1555 13807.921 1732.234 
617 2630 1518 13818.435 1733.41 
625 2610 1534 13814.53 1734.722 
632 2604 1539 13812.98 1734.831 
513 2699 1430 13791.92 1729.754 
616 2610 1556 13811.032 1731.539 
562 2685 1496 13800.505 1728.871 
523 2695 1444 13796.507 1730.795 
597 2666 1527 13823.96 1731.87 
587 2651 1538 13823.042 1733.088 
577 2678 1517 13828.352 1733.509 
599 2633 1551 13809.79 1730.652 
604 2643 1533 13820.169 1734.15 
601 2648 1546 13821.256 1733.033 
597 2666 1528 13823.013 1731.666 
592 2657 1536 13813.327 1731.345 
512 2692 1471 13780.659 1728.183 
620 2629 1552 13828.229 1733.421 
509 2707 1429 13793.296 1730.277 
615 2613 1558 13804.858 1730.92 
596 2647 1536 13828.689 1734.963 
511 2695 1470 13781.694 1728.161 
612 2634 1532 13814.081 1732.479 
582 2682 1512 13833.301 1733.279 
635 2603 1551 13817.461 1732.761 
630 2596 1556 13809.544 1732.147 
574 2680 1522 13831.537 1733.966 
623 2621 1524 13820.294 1732.507 
612 2632 1537 13815.768 1733.26 
638 2600 1529 13792.854 1730.611 
522 2697 1434 13781.841 1727.958 
629 2599 1555 13807.887 1732.231 
625 2617 1549 13819.748 1732.713 
584 2673 1511 13829.376 1732.881 
511 2704 1430 13792.38 1730.144 
508 2703 1435 13788.145 1729.009 
592 2670 1521 13836.582 1733.757 
633 2607 1524 13805.769 1731.929 
580 2671 1523 13825.966 1732.618 
616 2638 1538 13813.752 1729.358 
631 2606 1539 13814.137 1734.973 
596 2669 1530 13843.406 1736.286 
498 2700 1437 13779.3 1726.491 
590 2651 1537 13822.706 1732.917 
529 2692 1446 13795.617 1730.6 
620 2620 1554 13822.258 1732.781 
627 2619 1519 13818.263 1732.986 
614 2633 1534 13817.086 1733.401 
630 2601 1542 13812.335 1734.26 
611 2647 1546 13825.423 1733.336 
601 2647 1529 13828.484 1734.401 
635 2604 1550 13818.803 1733.068 
614 2644 1525 13819.746 1731.94 
605 2648 1523 13826.127 1735.381 
518 2696 1449 13785.319 1729.539 
632 2608 1531 13811.704 1732.138 
601 2656 1527 13831.306 1735.444 
603 2648 1525 13830.866 1735.355 
624 2606 1550 13813.737 1732.599 
615 2618 1558 13807.201 1729.597 
639 2582 1551 13793.626 1731.092 
602 2651 1539 13817.239 1733.15 
605 2649 1524 13825.523 1735.419 
612 2615 1557 13807.917 1731.399 
528 2694 1445 13797.058 1730.717 
553 2693 1466 13798.218 1729.036 
538 2692 1470 13785.382 1725.143 
589 2657 1533 13816.388 1729.921 
545 2690 1478 13784.734 1726.228 
636 2601 1535 13802.062 1730.096 
595 2655 1531 13823.659 1731.976 
623 2618 1548 13820.997 1733.026 
625 2593 1561 13802.276 1730.479 
608 2639 1550 13821.853 1733.87 
622 2619 1542 13815.046 1732.21 
628 2618 1538 13823.319 1732.902 
