991 4542 2588 13728.099 1721.137 
1076 4416 2610 13708.024 1719.792 
1051 4487 2671 13742.295 1723.491 
994 4541 2585 13730.583 1721.351 
1051 4498 2666 13748.249 1724.233 
1047 4500 2665 13746.35 1722.798 
1042 4511 2655 13745.428 1723.149 
999 4539 2607 13732.497 1721.931 
1037 4515 2644 13748.534 1723.586 
1075 4438 2654 13722.641 1721.189 
1021 4519 2620 13736.708 1723.281 
1081 4409 2614 13707.807 1719.394 
1055 4498 2666 13751.233 1723.199 
1064 4470 2654 13738.589 1722.676 
1053 4489 2662 13745.403 1724.125 
1074 4469 2683 13747.631 1723.601 
992 4545 2585 13729.091 1721.501 
1053 4485 2673 13744.65 1723.732 
1076 4416 2609 13708.749 1719.628 
1043 4510 2655 13744.78 1723.069 
1048 4496 2660 13746.257 1724.691 
1042 4508 2655 13746.187 1723.334 
1052 4503 2649 13746.522 1723.87 
1012 4536 2614 13739.456 1722.826 
998 4540 2607 13732.513 1721.93 
1052 4483 2673 13745.671 1723.997 
1047 4504 2662 13750.81 1724.093 
1050 4506 2660 13753.352 1724.291 
1034 4512 2654 13747.812 1723.946 
1038 4514 2646 13749.05 1723.646 
1038 4516 2647 13746.913 1723.814 
1057 4492 2670 13743.8 1724.145 
1059 4496 2673 13751.192 1723.192 
1016 4536 2615 13740.9 1722.698 
1047 4498 2670 13745.671 1723.599 
1050 4499 2669 13749.843 1723.726 
1062 4485 2666 13745.873 1723.922 
1029 4529 2633 13742.601 1723.017 
1059 4485 2668 13747.988 1724.198 
1061 4484 2670 13748.844 1724.327 
1000 4540 2595 13731.838 1721.839 
