1144 4904 2794 13612.993 1704.274 
1088 5051 2736 13623.709 1702.936 
1043 5079 2777 13621.292 1705.568 
1139 4953 2848 13635.492 1705.873 
1133 4954 2818 13621.727 1704.579 
1140 4953 2849 13635.487 1705.872 
984 5172 2734 13631.018 1705.652 
1104 5004 2823 13635.174 1704.877 
988 5167 2742 13634.853 1705.6 
1148 4895 2820 13605.823 1701.806 
1119 4984 2824 13627.953 1705.669 
1099 5014 2819 13636.011 1705.948 
1088 5051 2735 13623.711 1702.936 
942 5182 2704 13616.722 1704.145 
1093 5036 2778 13635.001 1706.385 
1029 5128 2786 13636.943 1707.429 
1002 5164 2793 13646.211 1708.331 
1141 4914 2790 13612.685 1704.064 
1103 5004 2820 13636.453 1706.286 
1145 4907 2823 13609.733 1703.159 
1143 4909 2822 13610.184 1703.245 
1112 5012 2801 13637.84 1706.732 
1114 4992 2838 13628.931 1706.915 
1080 5034 2804 13641.346 1705.913 
1118 4991 2829 13632.283 1706.68 
1099 5030 2811 13640.13 1706.536 
1042 5080 2776 13621.008 1705.537 
974 5169 2731 13634.78 1706.826 
1122 4983 2822 13628.544 1706.388 
1114 5005 2805 13638.326 1706.543 
1128 4961 2834 13626.978 1705.37 
1115 4959 2843 13620.008 1704.611 
1040 5079 2780 13618.868 1705.841 
1009 5152 2811 13641.968 1707.769 
1110 4966 2840 13618.404 1705.451 
1029 5107 2805 13629.703 1706.268 
1016 5158 2784 13647.983 1708.332 
959 5176 2732 13626.793 1705.845 
1110 5001 2824 13636.932 1706.33 
1121 4982 2826 13627.709 1705.689 
1102 5013 2831 13646.253 1706.918 
1087 5036 2797 13634.141 1705.184 
1114 4960 2842 13619.536 1704.61 
1034 5121 2798 13634.298 1707.021 
1096 5035 2782 13637.784 1706.464 
1107 4998 2826 13634.802 1704.774 
1033 5123 2796 13636.887 1707.63 
1032 5111 2804 13633.942 1707.565 
1087 5052 2737 13623.783 1702.948 
1107 4973 2846 13623.359 1705.901 
1131 4943 2860 13623.69 1705.948 
1094 5027 2814 13639.846 1706.391 
1142 4912 2821 13611.079 1703.327 
1144 4908 2822 13609.661 1703.149 
1080 5034 2805 13641.332 1705.913 
1122 4976 2831 13625.58 1705.896 
1128 4984 2810 13632.803 1706.626 
1087 5037 2798 13633.408 1705.077 
1116 5011 2815 13640.124 1706.157 
1118 4973 2832 13622.87 1705.631 
985 5167 2757 13639.71 1707.157 
1127 4972 2839 13634.091 1707.147 
1025 5143 2805 13650.763 1708.995 
1019 5150 2779 13640.578 1707.128 
1037 5118 2803 13644.519 1708.397 
1042 5074 2776 13622.666 1705.565 
1115 4976 2830 13632.819 1705.383 
1124 4955 2853 13626.046 1704.787 
1106 5019 2801 13635.089 1706.324 
1090 5035 2807 13639.532 1706.254 
1127 4983 2817 13637.216 1706.501 
1102 5023 2811 13639.205 1707.323 
1130 4969 2826 13625.866 1706.699 
1125 5000 2816 13637.628 1707.128 
1096 5021 2814 13636.123 1705.881 
1097 5034 2782 13637.756 1706.508 
982 5173 2733 13630.425 1705.573 
