324 1342 839 13912.913 1742.142 
358 1274 869 13875.227 1740.219 
342 1329 846 13928.479 1747.17 
345 1313 856 13910.656 1743.155 
352 1305 842 13921.526 1743.504 
350 1302 838 13926.585 1746.553 
326 1358 828 13931.333 1746.531 
311 1369 820 13940.113 1742.354 
346 1319 849 13916.434 1744.613 
357 1294 848 13889.479 1745.322 
320 1339 854 13916.244 1744.946 
315 1356 844 13927.52 1745.729 
326 1339 850 13926.881 1745.934 
316 1349 844 13925.758 1746.217 
350 1302 838 13926.329 1746.889 
349 1299 860 13905.719 1746.225 
318 1353 844 13922.49 1744.371 
309 1370 838 13943.638 1745.807 
296 1379 811 13914.116 1741.878 
330 1347 829 13908.569 1743.746 
331 1319 865 13893.891 1740.693 
312 1365 843 13953.364 1748.308 
316 1357 842 13931.314 1747.105 
336 1345 830 13929.296 1746.415 
355 1297 865 13915.915 1746.045 
321 1361 826 13919.579 1745.248 
320 1355 827 13939.425 1742.512 
330 1350 828 13937.132 1749.367 
308 1374 817 13938.136 1744.087 
303 1369 835 13934.576 1747.108 
339 1340 848 13939.376 1749.905 
334 1341 834 13926.383 1747.489 
350 1302 848 13922.096 1742.409 
304 1376 826 13946.083 1746.669 
356 1297 858 13905.224 1740.008 
320 1343 854 13911.814 1744.003 
330 1331 864 13916.803 1741.69 
326 1353 833 13928.924 1747.812 
371 1273 860 13879.474 1737.203 
352 1288 858 13901.483 1748.692 
319 1357 826 13941.113 1742.756 
323 1358 830 13921.209 1745.097 
318 1362 835 13943.757 1747.334 
358 1280 865 13888.907 1744.085 
372 1271 861 13879.568 1737.155 
333 1336 855 13917.347 1742.332 
372 1271 860 13881.228 1737.591 
356 1281 871 13879.036 1739.883 
309 1371 823 13938.434 1745.011 
318 1356 843 13933.333 1746.475 
365 1284 864 13903.984 1740.027 
356 1297 855 13909.227 1745.617 
367 1271 856 13898.991 1740.205 
337 1343 831 13930.656 1746.732 
367 1271 865 13884.387 1739.832 
327 1336 855 13909.663 1743.277 
320 1351 840 13920.101 1745.998 
335 1340 826 13942.131 1749.075 
325 1333 865 13907.698 1743.584 
334 1335 857 13916.351 1742.224 
359 1295 849 13899.454 1740.987 
313 1363 822 13950.987 1745.277 
363 1278 861 13909.972 1742.969 
370 1274 854 13887.55 1738.614 
350 1288 878 13891.952 1743.664 
356 1304 845 13922.079 1744.182 
357 1286 867 13892.149 1741.145 
322 1361 825 13919.752 1745.268 
315 1361 841 13941.553 1746.885 
356 1304 845 13921.147 1744.372 
351 1290 858 13902.678 1748.665 
351 1300 856 13909.317 1746.706 
369 1281 858 13893.13 1740.898 
320 1351 839 13920.932 1746.063 
307 1376 815 13934.82 1743.057 
360 1293 843 13921.132 1743.134 
352 1297 863 13926.044 1744.067 
361 1277 868 13886.526 1741.915 
354 1298 866 13918.755 1746.189 
364 1285 864 13900.429 1740.727 
336 1327 863 13913.524 1743.317 
320 1350 845 13917.016 1744.228 
346 1301 856 13905.776 1744.104 
330 1351 827 13936.542 1749.447 
328 1352 826 13937.158 1749.377 
328 1331 864 13919.979 1743.527 
320 1346 853 13918.438 1742.147 
360 1294 844 13922.932 1743.04 
362 1293 863 13919.402 1747.485 
363 1290 865 13917.394 1742.749 
