612 2632 1530 13853.708 1733.613 
531 2701 1449 13784.093 1725.532 
545 2691 1469 13794.781 1728.126 
591 2662 1536 13855.345 1734.807 
611 2619 1567 13845.375 1731.105 
541 2679 1475 13792.569 1727.24 
613 2629 1544 13843.325 1731.881 
645 2576 1553 13800.275 1729.431 
639 2610 1526 13824.471 1728.341 
650 2583 1534 13804.375 1728.237 
606 2651 1566 13869.0 1734.346 
625 2597 1575 13836.013 1728.74 
648 2588 1540 13809.668 1729.502 
597 2658 1537 13857.102 1734.736 
640 2578 1559 13820.647 1728.618 
585 2669 1533 13852.449 1733.601 
638 2611 1525 13823.989 1728.301 
550 2681 1474 13800.811 1729.481 
544 2694 1464 13792.689 1728.013 
539 2673 1483 13780.203 1726.401 
638 2595 1543 13803.94 1726.804 
610 2633 1547 13852.548 1733.126 
644 2561 1556 13779.291 1724.608 
608 2636 1538 13853.218 1733.593 
539 2682 1479 13790.09 1727.064 
635 2601 1543 13831.469 1730.003 
630 2593 1571 13837.699 1729.504 
636 2594 1550 13827.555 1728.979 
525 2718 1454 13805.322 1729.008 
646 2552 1566 13817.564 1728.121 
546 2689 1465 13795.822 1727.516 
634 2597 1545 13821.267 1728.335 
542 2687 1475 13790.783 1728.34 
639 2585 1551 13809.827 1727.132 
623 2616 1565 13858.012 1733.574 
646 2552 1565 13817.65 1728.131 
612 2632 1558 13851.826 1732.257 
618 2622 1566 13854.332 1732.687 
605 2652 1541 13863.313 1734.559 
622 2616 1574 13864.855 1734.005 
629 2587 1556 13838.768 1731.791 
552 2681 1444 13787.641 1726.582 
619 2623 1558 13854.33 1731.833 
596 2655 1544 13854.238 1733.888 
607 2648 1552 13862.64 1734.053 
641 2603 1531 13816.788 1728.996 
545 2673 1481 13781.492 1726.885 
645 2584 1545 13811.978 1728.147 
608 2640 1540 13850.233 1733.032 
550 2685 1455 13796.838 1726.815 
540 2681 1482 13787.174 1726.821 
640 2578 1559 13820.431 1728.653 
549 2682 1473 13800.272 1729.425 
543 2684 1472 13795.526 1726.653 
549 2686 1454 13796.575 1726.785 
538 2695 1465 13795.534 1728.822 
631 2613 1513 13833.207 1732.475 
546 2690 1470 13794.741 1728.124 
615 2616 1578 13848.055 1730.034 
639 2588 1548 13819.868 1729.17 
651 2573 1553 13811.541 1728.186 
541 2694 1459 13794.337 1727.71 
652 2567 1532 13800.991 1726.356 
645 2591 1538 13809.569 1729.302 
536 2700 1463 13791.288 1726.783 
548 2687 1470 13802.322 1729.573 
631 2613 1511 13833.996 1732.627 
590 2664 1536 13854.861 1734.618 
535 2699 1470 13794.943 1728.521 
610 2640 1549 13848.67 1733.432 
641 2569 1559 13805.17 1727.216 
624 2615 1576 13866.205 1734.307 
622 2621 1559 13852.274 1731.862 
626 2609 1562 13853.622 1734.757 
609 2635 1562 13846.059 1732.126 
646 2577 1543 13802.727 1727.006 
537 2698 1460 13797.157 1727.375 
549 2674 1481 13788.219 1726.675 
600 2657 1530 13853.036 1732.614 
546 2686 1472 13792.46 1728.462 
540 2695 1458 13794.174 1727.699 
614 2626 1548 13850.598 1732.818 
560 2670 1457 13783.144 1726.393 
541 2677 1479 13787.825 1726.688 
540 2679 1480 13788.934 1727.07 
632 2608 1547 13830.673 1730.82 
637 2593 1556 13822.995 1728.777 
608 2640 1536 13854.111 1733.582 
540 2688 1472 13787.852 1727.783 
643 2562 1556 13779.878 1724.674 
553 2675 1476 13792.94 1726.57 
553 2670 1471 13795.203 1728.269 
