780 3197 1925 13773.932 1726.457 
751 3284 1907 13799.189 1729.928 
713 3318 1926 13809.758 1730.9 
644 3329 1826 13742.178 1721.625 
773 3211 1932 13770.468 1724.993 
766 3247 1932 13800.673 1727.935 
745 3288 1924 13818.116 1730.422 
729 3310 1906 13811.932 1731.427 
646 3328 1828 13743.591 1721.821 
732 3297 1936 13813.37 1729.91 
750 3285 1944 13811.17 1730.064 
731 3302 1930 13799.252 1729.626 
755 3281 1931 13815.851 1731.465 
746 3286 1930 13811.548 1730.346 
633 3342 1814 13741.477 1721.496 
766 3247 1933 13800.662 1727.935 
723 3305 1939 13800.988 1729.496 
639 3339 1829 13750.861 1722.314 
641 3336 1831 13748.95 1722.402 
735 3314 1916 13818.43 1730.321 
776 3204 1929 13776.546 1726.805 
744 3296 1956 13821.297 1731.602 
734 3315 1915 13817.879 1730.256 
731 3297 1937 13808.023 1730.98 
725 3315 1929 13809.172 1729.92 
733 3303 1926 13812.691 1730.018 
730 3303 1927 13812.506 1731.747 
778 3216 1922 13784.855 1728.235 
731 3300 1934 13805.439 1729.897 
772 3231 1915 13790.205 1727.593 
766 3247 1931 13800.834 1727.922 
755 3282 1930 13816.642 1731.52 
733 3305 1925 13811.999 1730.081 
771 3243 1936 13798.324 1728.753 
748 3263 1958 13800.103 1729.71 
737 3313 1918 13819.904 1730.558 
774 3212 1930 13770.791 1725.113 
773 3212 1931 13770.451 1724.992 
745 3289 1941 13812.434 1729.776 
749 3290 1940 13808.873 1731.113 
732 3304 1926 13812.629 1730.011 
753 3283 1929 13817.708 1731.97 
740 3306 1918 13813.832 1729.632 
746 3281 1950 13807.544 1729.681 
643 3330 1829 13743.364 1721.954 
642 3331 1828 13743.459 1721.966 
746 3297 1905 13810.865 1731.264 
727 3310 1930 13812.59 1730.86 
769 3251 1943 13797.952 1727.452 
715 3314 1941 13807.241 1730.434 
731 3307 1926 13812.158 1730.253 
737 3313 1910 13819.457 1731.011 
765 3264 1917 13810.095 1730.129 
737 3301 1923 13816.946 1730.533 
761 3279 1955 13819.744 1731.816 
776 3222 1928 13793.333 1729.754 
779 3218 1920 13788.787 1729.476 
736 3303 1921 13812.651 1730.733 
728 3304 1940 13809.128 1729.549 
718 3317 1920 13807.966 1731.212 
774 3229 1928 13780.628 1726.366 
739 3300 1925 13817.166 1731.889 
733 3305 1928 13810.314 1729.68 
744 3296 1957 13821.249 1731.598 
