947 4583 2565 13750.001 1722.857 
1045 4425 2560 13695.608 1714.665 
1031 4470 2568 13716.846 1716.623 
986 4500 2558 13722.473 1719.932 
982 4526 2556 13733.963 1721.309 
959 4559 2568 13746.832 1722.687 
964 4565 2558 13743.803 1722.228 
1047 4419 2571 13698.261 1714.418 
944 4584 2554 13746.681 1723.153 
1050 4413 2567 13695.343 1714.124 
952 4570 2563 13741.448 1722.17 
941 4590 2515 13742.277 1721.942 
964 4568 2553 13747.493 1722.572 
1051 4412 2567 13695.267 1714.116 
971 4554 2567 13743.884 1722.386 
971 4555 2565 13744.517 1722.433 
955 4574 2564 13738.842 1722.057 
976 4523 2574 13735.122 1721.18 
947 4583 2566 13750.388 1722.828 
944 4584 2557 13745.298 1722.509 
976 4537 2573 13740.894 1721.658 
950 4582 2535 13742.155 1722.012 
1016 4483 2560 13716.561 1716.874 
980 4537 2557 13735.561 1721.239 
931 4594 2534 13737.032 1720.674 
1045 4420 2572 13697.58 1714.386 
981 4521 2560 13729.507 1720.73 
1021 4479 2562 13716.655 1716.603 
952 4578 2554 13745.75 1722.279 
932 4588 2534 13731.976 1720.558 
1028 4478 2566 13718.692 1717.051 
979 4528 2570 13736.43 1721.542 
922 4601 2518 13730.914 1720.034 
1040 4439 2555 13706.197 1715.245 
951 4576 2559 13745.816 1722.137 
971 4539 2580 13738.444 1722.375 
1029 4473 2572 13719.889 1717.438 
968 4565 2556 13746.232 1722.57 
1040 4443 2553 13701.482 1715.377 
976 4525 2574 13733.458 1721.092 
952 4575 2559 13745.721 1722.124 
964 4564 2573 13743.127 1722.732 
966 4562 2577 13743.46 1721.78 
1030 4472 2567 13717.556 1716.768 
1027 4478 2569 13720.965 1717.265 
962 4562 2563 13751.65 1722.189 
1046 4424 2555 13701.03 1714.003 
971 4552 2565 13749.661 1722.114 
971 4558 2564 13748.54 1722.724 
952 4577 2556 13745.798 1722.508 
939 4589 2518 13735.261 1720.974 
955 4575 2556 13743.081 1721.904 
1016 4483 2552 13717.401 1716.651 
974 4544 2578 13745.986 1722.117 
969 4561 2566 13743.96 1722.122 
958 4573 2559 13752.136 1722.364 
1029 4474 2571 13720.086 1717.525 
954 4583 2538 13747.059 1721.909 
958 4576 2541 13743.36 1721.73 
967 4561 2565 13751.068 1722.198 
950 4576 2569 13750.804 1722.766 
1037 4454 2560 13714.722 1716.768 
984 4517 2558 13729.08 1720.549 
954 4576 2555 13743.023 1721.904 
959 4574 2546 13747.155 1722.19 
960 4566 2564 13745.552 1722.275 
971 4553 2568 13743.928 1722.395 
972 4539 2580 13738.69 1722.35 
1035 4456 2555 13715.778 1716.518 
940 4584 2558 13744.972 1722.39 
1048 4421 2562 13696.312 1714.198 
951 4580 2529 13748.465 1722.296 
1045 4424 2562 13695.149 1714.429 
1016 4480 2562 13714.072 1716.409 
938 4587 2532 13733.273 1720.379 
979 4541 2564 13744.764 1721.616 
946 4587 2517 13741.829 1721.582 
965 4558 2565 13753.274 1722.204 
968 4570 2552 13747.159 1722.477 
1035 4453 2563 13710.881 1715.653 
1045 4421 2571 13698.238 1714.475 
1033 4461 2568 13718.134 1717.141 
952 4571 2560 13750.569 1722.542 
1035 4457 2553 13715.638 1716.766 
955 4567 2566 13748.4 1722.493 
1044 4439 2570 13705.744 1715.351 
