1194 5115 2949 13744.642 1720.374 
1195 5114 2949 13745.033 1720.385 
1112 5258 2923 13763.906 1724.349 
1187 5153 2963 13747.45 1720.386 
1170 5191 2935 13757.294 1722.811 
1189 5148 2961 13746.464 1720.39 
1140 5235 2946 13770.52 1724.949 
1173 5175 2944 13763.659 1722.718 
1104 5258 2927 13763.246 1723.818 
1106 5261 2921 13765.19 1724.144 
1150 5228 2952 13771.524 1724.939 
1107 5260 2921 13765.121 1724.136 
1172 5177 2949 13763.049 1723.211 
1173 5188 2970 13761.153 1723.056 
1089 5287 2890 13753.995 1720.644 
1107 5255 2929 13762.403 1723.467 
1135 5241 2936 13771.939 1724.52 
1151 5226 2952 13771.049 1724.824 
1162 5200 2979 13766.211 1723.051 
1163 5199 2980 13766.275 1723.066 
1174 5182 2960 13759.018 1721.891 
1180 5166 2944 13757.531 1722.422 
1092 5294 2881 13759.42 1721.623 
1127 5250 2939 13772.834 1725.309 
1170 5189 2962 13758.889 1721.623 
1157 5212 2922 13768.485 1723.762 
1139 5237 2954 13772.771 1725.663 
1179 5167 2961 13757.176 1722.916 
1177 5177 2928 13755.068 1722.133 
1143 5231 2939 13767.255 1724.809 
1110 5251 2938 13767.912 1724.227 
1108 5252 2928 13762.418 1723.402 
1169 5192 2944 13768.901 1724.308 
1163 5199 2981 13766.248 1723.064 
1175 5178 2956 13758.261 1722.367 
1154 5227 2954 13768.71 1725.414 
1163 5204 2949 13761.27 1722.484 
1190 5116 2947 13738.606 1718.744 
1177 5176 2993 13758.645 1722.625 
1177 5175 2962 13762.767 1722.223 
1172 5179 2985 13755.002 1722.138 
1111 5255 2925 13760.231 1723.771 
1146 5222 2957 13770.879 1725.301 
1165 5203 2976 13772.507 1724.399 
1170 5181 2973 13754.345 1722.068 
1179 5176 2981 13761.21 1722.704 
1112 5254 2923 13764.956 1724.251 
1170 5186 2972 13764.1 1723.908 
1166 5200 2941 13770.259 1724.256 
1105 5262 2920 13764.896 1724.116 
1093 5293 2882 13759.614 1721.671 
1169 5198 2985 13763.505 1723.934 
1186 5164 2979 13766.821 1723.696 
1162 5216 2978 13767.69 1724.863 
1160 5210 2959 13769.192 1724.83 
1177 5172 2955 13768.239 1723.689 
1180 5170 2972 13755.058 1722.598 
1168 5197 2957 13767.486 1724.651 
1148 5228 2957 13769.178 1724.626 
