1153 5121 2933 13710.633 1716.28 
1102 5254 2902 13742.907 1720.814 
1099 5251 2905 13744.523 1721.073 
1038 5270 2818 13719.311 1718.471 
1097 5261 2887 13737.476 1719.731 
1153 5119 2941 13710.883 1716.428 
1105 5244 2920 13742.458 1721.106 
1109 5242 2903 13743.182 1720.392 
1141 5215 2929 13747.616 1721.416 
1117 5230 2930 13748.146 1722.128 
1109 5241 2912 13744.45 1720.743 
1148 5106 2946 13705.294 1716.075 
1105 5247 2902 13744.512 1721.191 
1113 5228 2933 13747.17 1722.314 
1096 5263 2888 13739.414 1720.261 
1133 5213 2937 13754.084 1722.827 
1146 5109 2946 13706.181 1716.111 
1149 5127 2933 13708.982 1716.648 
1108 5242 2911 13744.386 1720.73 
1111 5236 2910 13747.167 1722.214 
1105 5240 2921 13741.291 1720.795 
1107 5240 2920 13742.187 1720.982 
1100 5250 2906 13744.96 1721.107 
1107 5244 2911 13744.679 1720.777 
1129 5222 2930 13748.508 1722.793 
1126 5239 2936 13758.222 1721.846 
1141 5215 2930 13747.588 1721.41 
1101 5244 2920 13743.985 1720.522 
1094 5260 2903 13740.06 1720.244 
1039 5269 2818 13719.34 1718.474 
1133 5204 2943 13748.356 1721.888 
1122 5223 2938 13747.793 1722.153 
1101 5257 2897 13749.809 1721.084 
1144 5202 2935 13744.549 1721.504 
1107 5252 2901 13748.085 1721.268 
1095 5259 2903 13740.157 1720.273 
1155 5121 2942 13710.604 1716.514 
1152 5122 2933 13710.645 1716.385 
1095 5264 2879 13737.54 1719.492 
1096 5258 2890 13745.319 1720.582 
1158 5114 2941 13710.996 1716.6 
1121 5226 2930 13749.059 1722.659 
1109 5242 2902 13742.468 1720.875 
1140 5207 2946 13750.009 1721.383 
1091 5264 2903 13740.237 1719.82 
1152 5096 2944 13701.252 1715.738 
1137 5227 2929 13754.783 1722.985 
1038 5271 2817 13719.637 1718.417 
1096 5251 2906 13740.113 1720.91 
1162 5108 2942 13708.812 1715.994 
1127 5229 2918 13750.68 1722.457 
1147 5107 2947 13705.573 1716.093 
1139 5202 2939 13750.078 1722.506 
1136 5212 2931 13750.601 1722.804 
1103 5245 2907 13744.256 1721.081 
1138 5203 2938 13750.002 1722.494 
1099 5245 2916 13741.4 1720.417 
1092 5247 2914 13737.096 1719.651 
1124 5222 2940 13749.066 1722.256 
1156 5117 2943 13711.664 1716.547 
1136 5225 2929 13754.836 1723.15 
1131 5212 2938 13749.376 1722.514 
1146 5213 2945 13754.187 1721.415 
