911 3789 2210 13696.461 1711.149 
953 3720 2226 13675.386 1709.412 
886 3774 2240 13700.025 1713.557 
887 3775 2237 13698.641 1713.733 
878 3779 2229 13692.671 1713.677 
944 3747 2225 13686.61 1709.707 
856 3832 2219 13706.156 1714.963 
936 3747 2226 13687.001 1709.331 
847 3855 2203 13709.495 1715.539 
836 3863 2197 13704.94 1714.794 
844 3858 2203 13710.766 1715.807 
947 3729 2215 13675.106 1708.679 
891 3765 2221 13692.83 1714.889 
923 3763 2224 13691.669 1710.297 
889 3774 2223 13698.757 1715.002 
937 3754 2219 13687.09 1709.777 
858 3835 2206 13703.469 1714.35 
880 3782 2209 13698.562 1715.061 
926 3769 2219 13696.83 1711.2 
897 3746 2221 13694.146 1713.855 
828 3862 2166 13705.821 1714.828 
911 3789 2211 13696.437 1711.147 
872 3775 2238 13690.227 1712.465 
952 3721 2226 13675.273 1709.409 
886 3778 2212 13702.932 1716.071 
918 3778 2205 13695.357 1711.555 
933 3767 2208 13695.541 1712.054 
854 3851 2214 13715.307 1715.704 
880 3784 2218 13694.242 1713.995 
873 3796 2211 13699.488 1713.758 
865 3794 2234 13696.9 1713.439 
909 3783 2217 13695.854 1711.002 
910 3780 2224 13694.777 1710.758 
888 3776 2224 13697.885 1714.47 
891 3771 2223 13694.933 1713.085 
883 3781 2235 13699.199 1713.239 
888 3775 2223 13698.695 1714.995 
895 3753 2218 13690.752 1714.363 
947 3723 2218 13671.125 1708.143 
843 3859 2203 13710.662 1715.792 
883 3767 2249 13696.318 1712.79 
923 3776 2202 13694.503 1712.014 
868 3796 2219 13691.778 1711.856 
938 3753 2220 13687.15 1709.785 
955 3722 2225 13677.135 1708.353 
946 3739 2216 13679.358 1708.928 
918 3781 2212 13694.276 1711.688 
919 3774 2213 13698.738 1711.038 
853 3838 2215 13705.813 1715.215 
906 3789 2214 13693.893 1711.572 
917 3776 2215 13688.303 1710.223 
915 3778 2226 13698.049 1711.358 
873 3798 2203 13703.398 1715.019 
915 3782 2219 13696.275 1711.107 
945 3746 2226 13686.485 1709.681 
873 3788 2222 13694.692 1713.939 
864 3817 2207 13708.001 1715.438 
902 3794 2215 13697.173 1710.395 
883 3786 2223 13696.095 1713.756 
850 3855 2202 13712.326 1715.894 
850 3856 2202 13710.158 1715.484 
911 3790 2208 13695.405 1711.688 
923 3776 2202 13694.526 1712.013 
886 3779 2227 13698.442 1713.767 
858 3806 2226 13701.689 1714.3 
867 3790 2219 13690.876 1711.95 
916 3776 2230 13694.006 1710.082 
928 3759 2230 13688.427 1709.773 
922 3774 2209 13690.941 1710.714 
908 3789 2223 13697.163 1709.934 
917 3772 2231 13696.213 1710.876 
872 3787 2228 13692.311 1713.373 
912 3788 2211 13696.542 1711.16 
896 3752 2232 13690.31 1713.998 
898 3765 2232 13690.685 1712.79 
