576 3274 1616 13612.025 1706.786 
699 3107 1803 13604.168 1696.969 
678 3128 1797 13597.807 1695.44 
571 3294 1656 13634.251 1708.779 
616 3272 1701 13671.644 1711.667 
691 3158 1751 13666.741 1710.403 
704 3105 1834 13612.338 1698.862 
695 3127 1753 13643.305 1707.895 
655 3262 1736 13698.957 1715.564 
575 3276 1616 13612.411 1706.844 
697 3112 1803 13606.495 1697.492 
570 3296 1656 13634.689 1708.826 
627 3270 1701 13680.771 1713.207 
651 3257 1749 13697.526 1715.134 
698 3126 1799 13609.076 1698.836 
695 3125 1754 13642.498 1707.87 
707 3103 1836 13614.066 1698.967 
675 3202 1774 13696.369 1715.582 
701 3127 1799 13608.683 1698.405 
618 3269 1724 13680.668 1712.93 
694 3128 1754 13643.463 1707.913 
699 3109 1803 13600.894 1697.067 
658 3258 1741 13697.905 1715.766 
695 3140 1731 13658.019 1710.019 
701 3127 1798 13608.227 1698.425 
706 3104 1834 13613.351 1698.885 
683 3213 1770 13706.2 1716.101 
668 3249 1769 13704.714 1717.002 
689 3200 1775 13699.797 1716.305 
684 3196 1784 13682.832 1712.725 
629 3264 1743 13682.394 1711.475 
670 3231 1769 13704.633 1715.074 
669 3232 1796 13706.532 1715.697 
657 3255 1779 13711.055 1716.451 
673 3227 1780 13698.645 1715.505 
670 3231 1775 13700.103 1716.377 
664 3257 1747 13699.63 1716.617 
678 3225 1775 13698.535 1715.285 
709 3101 1836 13613.956 1698.952 
678 3209 1783 13694.771 1714.521 
724 3090 1835 13613.358 1701.175 
676 3233 1771 13698.198 1715.518 
655 3260 1741 13700.878 1715.883 
683 3111 1800 13594.111 1697.879 
706 3109 1795 13613.332 1699.656 
725 3044 1762 13578.427 1695.699 
678 3243 1764 13705.506 1717.552 
