387 1271 863 13954.35 1748.952 
366 1323 858 13988.816 1754.664 
384 1267 868 13939.051 1746.166 
374 1321 848 13999.578 1756.069 
378 1313 865 14021.338 1759.598 
330 1381 840 14034.692 1758.432 
349 1326 866 13994.787 1754.257 
354 1308 872 13974.529 1754.93 
334 1380 842 14043.096 1758.221 
351 1351 849 14025.537 1759.803 
360 1345 851 14027.326 1760.082 
371 1300 872 13992.058 1754.438 
337 1377 852 14044.05 1760.211 
354 1357 840 14021.761 1755.139 
360 1348 830 13998.752 1754.604 
372 1299 873 13993.655 1754.485 
383 1295 849 13978.401 1753.394 
351 1360 846 14032.448 1757.925 
375 1292 872 13989.073 1754.474 
337 1379 846 14054.153 1759.955 
347 1364 851 14025.17 1758.08 
345 1371 839 14036.119 1759.132 
359 1350 840 14037.006 1760.464 
352 1359 846 14032.311 1758.376 
369 1327 850 14014.367 1760.138 
351 1366 837 14016.178 1755.333 
350 1359 820 14024.013 1760.278 
363 1338 856 14021.766 1759.383 
357 1350 856 14027.787 1758.241 
382 1306 869 14015.166 1760.493 
346 1368 852 14037.829 1760.76 
359 1346 850 14026.556 1760.172 
355 1363 839 14019.645 1757.229 
392 1291 855 13981.977 1751.759 
364 1341 853 14037.747 1760.875 
363 1342 853 14039.186 1760.751 
362 1338 856 14021.849 1759.395 
383 1282 866 13973.305 1751.284 
345 1363 856 14026.836 1758.896 
368 1306 876 13981.555 1755.791 
347 1370 848 14046.312 1761.39 
343 1378 850 14051.851 1762.096 
361 1344 853 14030.461 1762.271 
370 1321 870 14023.045 1760.81 
374 1321 847 13999.895 1756.125 
356 1353 855 14034.831 1758.34 
367 1340 854 14039.089 1761.764 
372 1308 870 14001.707 1758.673 
375 1287 875 13968.594 1753.051 
370 1300 874 13966.261 1751.46 
363 1343 848 14021.068 1759.715 
357 1315 871 13975.574 1751.598 
351 1330 862 14016.928 1758.19 
362 1339 843 14023.953 1763.65 
348 1361 840 14040.696 1763.809 
386 1293 864 13990.731 1756.938 
350 1361 846 14032.565 1758.041 
373 1325 852 14011.223 1758.44 
355 1355 854 14036.125 1758.555 
348 1369 849 14047.096 1761.516 
354 1358 843 14017.386 1754.879 
346 1369 851 14059.139 1762.229 
369 1346 839 14025.273 1759.622 
358 1344 858 14022.306 1758.944 
347 1362 859 14038.332 1759.394 
349 1364 854 14031.152 1757.08 
368 1331 844 14009.42 1757.426 
369 1322 868 14021.098 1759.235 
331 1380 844 14035.514 1758.381 
357 1345 863 14021.225 1757.235 
349 1360 853 14034.337 1758.214 
357 1353 841 14003.312 1752.629 
356 1347 856 14029.29 1756.865 
373 1327 845 14006.624 1756.509 
352 1325 864 14009.964 1759.259 
