908 3880 2244 13772.838 1723.788 
875 3941 2291 13798.586 1726.793 
863 3963 2279 13808.769 1726.516 
919 3842 2261 13761.297 1721.865 
919 3853 2258 13770.518 1722.416 
852 3975 2237 13809.767 1728.105 
852 3985 2208 13794.513 1725.966 
854 3977 2245 13807.98 1727.6 
925 3849 2242 13764.371 1722.567 
853 3966 2288 13798.515 1725.569 
883 3922 2278 13786.373 1723.648 
886 3935 2261 13803.305 1725.288 
893 3916 2272 13787.896 1723.59 
875 3970 2247 13803.348 1725.166 
908 3881 2243 13773.514 1723.823 
845 3994 2226 13815.027 1729.282 
860 3981 2235 13804.574 1724.808 
870 3944 2279 13802.998 1726.107 
863 3979 2253 13794.987 1724.763 
921 3848 2251 13766.603 1722.511 
859 3983 2233 13804.841 1724.8 
915 3877 2261 13775.832 1724.231 
907 3883 2247 13775.402 1724.069 
919 3865 2253 13772.725 1723.967 
924 3850 2242 13763.917 1722.483 
889 3938 2251 13793.349 1723.636 
934 3841 2251 13766.134 1722.618 
863 3959 2292 13804.171 1726.64 
866 3974 2230 13798.437 1727.03 
927 3847 2248 13764.411 1722.375 
925 3842 2255 13762.994 1721.675 
927 3841 2259 13763.35 1722.211 
874 3970 2244 13808.089 1726.909 
867 3968 2269 13808.141 1726.519 
912 3878 2260 13775.52 1724.392 
830 4003 2220 13793.61 1725.973 
924 3840 2252 13766.491 1721.86 
887 3939 2272 13802.5 1725.297 
865 3971 2244 13798.506 1727.353 
866 3974 2252 13804.258 1724.956 
862 3978 2249 13801.396 1724.901 
862 3977 2281 13809.221 1726.508 
890 3916 2275 13797.706 1725.938 
916 3874 2251 13775.652 1724.38 
870 3959 2271 13805.486 1725.993 
867 3977 2237 13808.895 1726.128 
837 3999 2224 13811.853 1728.224 
881 3960 2288 13801.213 1725.957 
884 3921 2279 13786.763 1723.739 
864 3954 2290 13809.614 1726.015 
848 3991 2250 13814.506 1727.903 
883 3954 2222 13800.285 1725.302 
880 3961 2287 13801.227 1725.958 
875 3969 2264 13819.523 1727.214 
826 4006 2232 13807.318 1726.967 
890 3935 2264 13795.82 1725.072 
891 3935 2244 13791.739 1723.744 
882 3955 2231 13803.338 1725.476 
885 3920 2294 13800.398 1727.118 
882 3956 2273 13797.426 1724.553 
863 3966 2284 13805.656 1727.555 
877 3932 2292 13789.946 1724.05 
924 3853 2244 13765.925 1722.442 
845 3992 2251 13813.475 1726.933 
858 3983 2245 13808.861 1725.478 
885 3956 2271 13800.931 1724.943 
866 3966 2271 13798.72 1725.56 
888 3947 2272 13806.477 1725.017 
880 3961 2287 13801.237 1725.956 
866 3942 2289 13795.57 1726.267 
897 3930 2266 13796.434 1723.983 
874 3962 2281 13802.654 1726.832 
851 3997 2278 13813.474 1727.312 
838 3997 2219 13812.534 1727.781 
