141 751 413 14139.556 1777.329 
148 741 427 14153.488 1778.284 
148 744 425 14167.419 1780.988 
147 746 424 14168.378 1781.233 
205 680 465 14177.268 1779.389 
209 665 482 14176.497 1780.468 
208 666 481 14173.552 1779.777 
142 750 414 14139.141 1777.326 
173 700 455 14149.536 1774.019 
175 717 432 14176.805 1786.418 
166 724 435 14180.328 1788.784 
202 673 476 14175.441 1778.171 
151 740 423 14140.96 1778.7 
208 664 479 14174.612 1782.042 
159 730 429 14182.476 1787.852 
141 751 412 14139.856 1777.391 
154 735 431 14171.92 1789.31 
147 743 426 14156.304 1778.445 
181 698 440 14159.512 1775.205 
181 699 438 14149.796 1773.855 
194 687 471 14170.323 1782.056 
198 688 467 14208.85 1790.361 
199 687 467 14209.098 1790.423 
201 680 479 14183.127 1783.889 
156 736 429 14183.539 1787.402 
180 699 439 14159.914 1775.227 
174 720 440 14183.37 1786.725 
149 741 424 14150.245 1777.576 
197 686 471 14189.61 1786.234 
157 733 425 14177.294 1788.511 
152 733 433 14148.219 1786.003 
165 731 428 14180.36 1786.401 
171 723 444 14173.44 1785.902 
208 674 466 14172.171 1781.632 
207 665 479 14174.23 1781.959 
209 660 483 14144.945 1775.411 
176 717 437 14172.797 1786.172 
195 691 465 14211.946 1790.732 
208 670 476 14196.13 1785.812 
179 702 437 14154.873 1774.778 
193 694 457 14191.493 1784.499 
200 686 467 14209.288 1790.425 
169 726 442 14183.59 1783.881 
151 737 429 14169.907 1790.49 
202 683 464 14206.065 1782.971 
202 681 469 14197.06 1783.514 
171 725 442 14181.748 1784.631 
210 664 477 14177.418 1782.148 
197 689 462 14202.416 1784.004 
199 685 469 14204.461 1786.691 
207 671 476 14196.541 1785.868 
176 712 439 14150.351 1778.905 
207 673 475 14164.959 1776.7 
174 721 438 14172.959 1787.927 
191 695 464 14199.051 1785.213 
159 728 436 14164.987 1790.967 
154 737 428 14170.811 1789.951 
161 734 429 14170.749 1784.397 
164 731 429 14174.344 1786.718 
161 738 428 14197.913 1785.704 
207 675 466 14174.668 1781.759 
166 729 428 14176.26 1785.588 
174 720 439 14171.171 1788.215 
172 724 443 14184.116 1784.704 
201 685 462 14209.199 1783.287 
161 731 429 14166.428 1788.535 
212 662 477 14174.879 1782.435 
202 685 465 14187.992 1780.71 
205 669 477 14170.854 1778.216 
191 696 462 14200.221 1785.229 
195 685 474 14194.039 1786.653 
161 729 440 14174.911 1784.744 
157 736 430 14172.066 1787.088 
202 672 478 14151.346 1780.954 
175 720 438 14173.48 1788.015 
169 727 442 14181.803 1785.551 
207 671 476 14196.974 1785.142 
146 747 423 14166.026 1780.84 
140 743 428 14125.092 1778.496 
205 672 471 14177.692 1779.742 
205 674 469 14170.186 1780.827 
200 682 470 14182.193 1784.903 
206 678 465 14196.828 1783.658 
164 727 444 14194.773 1786.377 
159 733 429 14172.577 1787.699 
216 661 453 14140.926 1777.189 
177 716 436 14173.419 1786.061 
164 733 428 14185.704 1786.013 
