499 2019 1250 13984.495 1753.955 
515 2005 1225 13971.777 1752.155 
502 2025 1251 13980.151 1750.64 
514 2007 1230 13961.296 1749.058 
496 2031 1248 13978.634 1751.987 
491 2044 1267 13991.771 1753.314 
509 2025 1248 13991.596 1752.466 
440 2097 1232 13995.615 1751.56 
490 2055 1248 14002.767 1754.849 
460 2091 1252 14013.658 1756.566 
493 2049 1242 13987.644 1751.708 
494 2034 1248 13979.108 1751.907 
497 2030 1249 13980.356 1752.187 
501 2027 1255 13991.857 1751.327 
470 2077 1264 14015.366 1758.484 
471 2076 1261 14012.925 1759.174 
497 2047 1231 13999.997 1754.472 
492 2034 1256 13986.677 1753.718 
484 2058 1274 14002.593 1755.684 
475 2069 1281 14011.269 1758.013 
489 2051 1279 14005.064 1753.95 
493 2028 1254 13985.1 1753.753 
512 2020 1232 13979.349 1752.9 
498 2029 1250 13980.143 1752.137 
493 2042 1254 13996.492 1752.379 
461 2087 1256 14008.674 1757.894 
512 2020 1233 13979.296 1752.891 
489 2055 1277 14012.105 1758.0 
513 2017 1242 13980.05 1753.49 
491 2036 1263 13998.502 1756.757 
515 2006 1224 13971.611 1752.018 
476 2072 1281 14015.195 1757.567 
487 2066 1271 14020.583 1758.13 
512 2021 1225 13969.299 1750.046 
450 2096 1250 14010.087 1753.844 
475 2077 1270 14010.127 1756.027 
470 2078 1269 14013.547 1756.256 
504 2046 1246 14019.067 1758.201 
493 2049 1229 13997.423 1753.887 
483 2059 1275 14003.796 1755.769 
467 2082 1274 14021.415 1759.031 
517 1991 1228 13957.903 1751.346 
508 2012 1249 13969.285 1749.508 
503 2024 1257 13990.314 1751.438 
475 2065 1285 14010.663 1758.39 
470 2084 1267 14012.187 1757.781 
493 2028 1258 13976.698 1753.21 
488 2059 1269 14012.407 1757.651 
488 2057 1279 14013.034 1757.649 
477 2076 1283 14019.542 1756.648 
521 1967 1240 13940.874 1746.619 
519 1984 1248 13952.536 1750.112 
518 1986 1248 13953.492 1750.217 
514 1982 1249 13947.897 1748.882 
512 2005 1244 13960.771 1749.392 
517 2002 1226 13969.396 1753.065 
474 2074 1276 14008.822 1756.949 
514 2018 1224 13975.251 1751.549 
510 2039 1240 14013.811 1755.703 
