212 697 501 14345.291 1797.952 
227 664 495 14246.791 1789.877 
214 691 502 14323.519 1792.385 
191 727 484 14363.3 1797.342 
190 724 485 14365.009 1796.756 
212 695 506 14346.872 1795.983 
210 701 503 14343.783 1796.439 
225 666 494 14244.258 1790.53 
201 716 479 14361.485 1802.531 
188 728 483 14358.243 1796.971 
191 725 480 14375.149 1799.546 
208 710 491 14356.385 1801.937 
192 724 479 14372.349 1799.013 
211 703 479 14351.006 1801.154 
195 723 483 14361.831 1801.082 
220 686 498 14327.172 1795.556 
200 717 486 14350.704 1794.625 
171 742 455 14313.898 1791.819 
210 701 501 14350.7 1797.664 
201 710 500 14367.178 1798.342 
185 734 479 14354.356 1796.136 
208 703 503 14362.061 1798.036 
190 724 484 14344.963 1799.275 
219 687 499 14327.865 1795.672 
224 669 498 14263.242 1790.806 
186 731 477 14343.78 1795.934 
197 722 472 14354.487 1802.548 
204 708 501 14365.698 1796.797 
174 740 467 14342.075 1795.636 
210 695 510 14344.979 1795.324 
202 711 498 14361.592 1800.119 
211 703 500 14346.723 1795.466 
201 713 489 14364.348 1802.443 
183 732 474 14344.185 1797.846 
222 684 503 14335.356 1795.77 
204 712 498 14361.239 1798.51 
199 720 478 14372.666 1801.284 
208 709 500 14387.393 1803.627 
217 689 509 14335.032 1794.303 
184 725 487 14324.95 1795.26 
191 725 485 14355.464 1795.777 
209 706 499 14368.316 1800.974 
214 690 501 14329.84 1794.588 
213 691 508 14337.062 1793.777 
193 722 487 14366.161 1799.195 
206 710 495 14360.473 1798.903 
173 741 466 14340.017 1795.252 
218 693 497 14338.509 1795.984 
205 706 502 14360.951 1798.824 
205 715 487 14362.984 1802.558 
211 699 501 14341.929 1798.22 
211 696 505 14347.639 1796.425 
203 711 487 14367.739 1801.023 
216 693 495 14342.527 1795.345 
216 690 504 14318.883 1794.411 
203 711 497 14352.153 1800.628 
200 715 502 14381.382 1801.775 
189 728 483 14357.745 1796.254 
198 721 489 14381.346 1800.895 
200 720 479 14374.46 1800.888 
205 706 501 14362.577 1797.793 
209 701 502 14357.285 1797.232 
205 710 494 14370.227 1799.005 
197 720 497 14390.656 1801.061 
211 698 491 14352.414 1797.74 
200 716 485 14376.004 1800.102 
190 723 489 14360.846 1797.953 
203 713 498 14361.903 1798.665 
205 712 495 14361.451 1796.621 
213 699 504 14341.11 1797.306 
223 670 496 14261.726 1790.753 
214 694 498 14345.244 1798.424 
211 699 497 14346.364 1798.943 
213 694 495 14342.77 1799.823 
209 706 495 14382.215 1802.425 
