564 2683 1523 13815.316 1731.455 
596 2664 1571 13848.484 1736.087 
602 2662 1570 13846.862 1734.676 
665 2618 1629 13873.485 1738.047 
603 2662 1570 13846.268 1734.826 
592 2671 1560 13855.377 1735.995 
646 2641 1614 13876.571 1739.093 
650 2636 1624 13878.954 1739.862 
654 2629 1627 13876.273 1738.528 
564 2687 1514 13817.543 1731.299 
566 2684 1515 13816.53 1731.043 
653 2630 1626 13876.267 1738.527 
594 2673 1562 13853.496 1735.584 
678 2551 1587 13815.854 1730.393 
660 2625 1629 13880.687 1738.246 
658 2626 1634 13878.063 1738.445 
652 2635 1623 13886.593 1738.548 
602 2664 1569 13848.288 1734.861 
603 2660 1574 13849.466 1735.263 
664 2620 1635 13877.069 1738.761 
565 2694 1500 13816.591 1730.528 
587 2678 1549 13839.257 1735.004 
583 2682 1548 13838.992 1734.896 
584 2679 1547 13841.974 1735.297 
667 2615 1641 13878.833 1738.692 
605 2660 1571 13846.759 1734.825 
565 2686 1513 13816.364 1731.156 
562 2690 1512 13818.521 1730.974 
571 2683 1511 13823.532 1730.434 
644 2644 1613 13880.539 1740.136 
607 2659 1574 13848.491 1735.148 
564 2693 1511 13822.435 1731.734 
661 2624 1621 13871.141 1736.964 
570 2686 1504 13812.446 1730.797 
606 2658 1571 13849.2 1735.352 
565 2694 1500 13816.543 1730.612 
608 2658 1574 13848.384 1735.148 
596 2671 1565 13855.112 1735.738 
588 2677 1559 13846.436 1735.068 
653 2639 1618 13880.887 1739.713 
611 2655 1575 13849.524 1735.566 
598 2666 1570 13850.109 1735.526 
673 2608 1643 13877.803 1738.808 
676 2584 1620 13850.457 1734.73 
595 2672 1563 13853.626 1735.59 
563 2689 1513 13817.798 1730.509 
604 2668 1565 13853.262 1735.282 
571 2683 1512 13823.518 1730.436 
640 2646 1609 13882.059 1738.308 
574 2685 1503 13813.276 1730.836 
568 2690 1505 13816.285 1731.213 
600 2662 1571 13847.714 1735.128 
600 2664 1573 13848.777 1734.716 
671 2609 1639 13875.167 1738.039 
571 2684 1504 13812.172 1730.842 
607 2657 1576 13848.52 1735.26 
610 2656 1574 13849.791 1735.755 
658 2627 1631 13886.447 1740.142 
645 2644 1613 13883.796 1740.128 
669 2614 1639 13879.665 1739.142 
564 2685 1515 13822.396 1731.45 
659 2627 1632 13885.926 1740.91 
668 2617 1639 13880.753 1739.315 
563 2690 1512 13815.511 1730.468 
663 2621 1634 13876.522 1738.636 
