207 698 467 14332.239 1796.5 
205 703 477 14344.123 1800.592 
205 703 475 14345.952 1800.762 
207 696 468 14321.86 1794.761 
196 708 476 14336.927 1801.538 
151 736 412 14203.363 1778.033 
209 694 464 14321.909 1797.032 
190 721 467 14350.918 1802.203 
156 733 408 14178.408 1776.181 
200 719 470 14376.185 1805.105 
189 722 466 14350.581 1802.179 
162 729 419 14190.942 1778.6 
153 736 407 14185.386 1779.196 
190 722 467 14350.297 1802.16 
208 685 483 14279.137 1790.739 
216 680 476 14267.516 1790.924 
185 728 463 14347.449 1804.014 
202 697 479 14312.022 1796.649 
204 699 478 14310.742 1795.313 
202 697 480 14311.74 1796.614 
152 735 420 14184.567 1775.544 
143 746 413 14166.946 1778.093 
150 744 421 14182.226 1776.382 
158 732 408 14181.647 1777.921 
207 693 470 14325.834 1798.468 
212 696 480 14321.054 1796.847 
204 714 475 14371.075 1805.678 
188 727 466 14337.678 1804.324 
201 717 471 14372.69 1804.719 
142 747 412 14166.218 1777.996 
206 697 476 14319.376 1795.607 
152 735 419 14184.893 1775.607 
150 744 418 14210.398 1784.331 
204 700 479 14319.903 1792.715 
153 734 414 14205.049 1777.974 
143 750 409 14205.425 1781.321 
218 677 477 14264.291 1788.011 
161 730 419 14190.415 1778.49 
214 690 466 14321.089 1799.878 
210 694 482 14306.443 1795.215 
206 703 473 14347.271 1801.035 
212 691 464 14315.568 1798.395 
203 701 478 14317.705 1792.275 
205 715 474 14373.462 1806.109 
211 693 463 14319.8 1799.216 
161 731 418 14201.536 1779.817 
210 694 481 14305.1 1795.295 
189 721 473 14354.611 1804.961 
152 740 411 14196.554 1781.925 
143 748 411 14185.039 1778.125 
201 697 482 14297.12 1792.055 
202 719 475 14372.993 1802.883 
207 702 471 14319.103 1797.616 
200 691 485 14268.873 1787.694 
