913 4519 2461 13657.084 1709.585 
1059 4382 2568 13671.26 1707.055 
915 4518 2457 13652.835 1708.087 
1053 4410 2557 13693.613 1709.495 
911 4527 2446 13654.125 1709.305 
908 4516 2480 13655.168 1710.187 
937 4517 2488 13671.831 1709.003 
1027 4435 2539 13690.806 1710.163 
953 4492 2503 13668.456 1708.752 
1052 4411 2556 13693.384 1709.473 
1055 4384 2536 13677.452 1708.352 
911 4524 2463 13662.299 1709.908 
1035 4407 2579 13682.623 1709.267 
985 4483 2503 13686.326 1708.917 
938 4516 2489 13671.886 1709.007 
1034 4423 2559 13687.502 1709.244 
1028 4434 2539 13690.889 1710.174 
1022 4445 2533 13688.767 1709.453 
909 4529 2461 13659.992 1709.945 
957 4488 2495 13660.412 1707.877 
1023 4446 2520 13681.858 1707.964 
910 4524 2465 13662.481 1709.941 
987 4480 2500 13679.96 1707.401 
1028 4432 2549 13683.592 1709.24 
1007 4456 2559 13689.516 1709.918 
1029 4420 2569 13678.139 1708.633 
907 4537 2459 13662.759 1710.16 
1021 4442 2550 13682.289 1709.647 
1040 4403 2567 13682.5 1708.536 
1036 4423 2538 13685.214 1710.274 
1024 4431 2575 13685.11 1709.283 
1045 4384 2563 13665.412 1706.6 
1054 4398 2548 13684.176 1708.372 
985 4483 2502 13686.355 1708.922 
1023 4443 2533 13683.758 1709.015 
946 4497 2499 13668.046 1709.05 
1032 4421 2543 13689.545 1709.164 
1031 4422 2542 13689.544 1709.12 
1020 4447 2539 13690.871 1710.827 
992 4472 2531 13691.938 1710.375 
982 4484 2504 13682.531 1707.427 
945 4508 2488 13671.305 1709.522 
1013 4453 2535 13689.662 1709.553 
1027 4428 2543 13688.632 1710.292 
1047 4414 2556 13691.746 1710.599 
1039 4416 2571 13691.519 1710.335 
1038 4417 2571 13691.716 1710.376 
914 4518 2462 13657.643 1709.675 
1020 4449 2571 13685.365 1708.266 
1033 4429 2549 13685.022 1709.449 
1037 4426 2545 13688.165 1709.572 
1028 4422 2572 13679.212 1708.938 
1034 4408 2577 13682.5 1709.271 
1029 4429 2535 13689.391 1708.836 
1027 4428 2575 13685.335 1709.166 
1029 4439 2536 13686.591 1710.661 
966 4499 2489 13675.554 1706.438 
955 4511 2492 13673.155 1709.179 
1050 4407 2560 13687.006 1710.05 
995 4471 2534 13689.97 1709.161 
986 4478 2502 13680.723 1708.46 
971 4487 2494 13673.807 1706.506 
1012 4441 2556 13677.402 1709.218 
1033 4431 2549 13688.242 1709.44 
975 4483 2510 13674.367 1706.63 
1043 4397 2567 13681.481 1709.098 
966 4499 2490 13675.365 1706.434 
962 4501 2493 13671.893 1709.569 
1018 4444 2544 13691.016 1710.788 
989 4474 2506 13686.479 1709.122 
995 4472 2508 13683.593 1708.795 
1011 4470 2544 13696.657 1710.827 
1009 4450 2550 13679.302 1707.754 
991 4477 2540 13685.517 1708.246 
955 4504 2478 13670.694 1709.515 
1010 4447 2560 13687.854 1709.933 
