703 3191 1887 13711.427 1715.761 
703 3191 1887 13711.449 1715.691 
720 3157 1872 13694.794 1712.885 
703 3192 1886 13711.482 1715.713 
697 3205 1856 13716.088 1715.931 
637 3271 1777 13696.321 1715.195 
702 3194 1881 13711.779 1715.526 
667 3244 1751 13694.658 1714.812 
627 3318 1751 13729.245 1719.193 
699 3199 1861 13713.179 1714.953 
663 3265 1762 13710.235 1717.987 
649 3296 1754 13721.265 1719.405 
668 3268 1749 13709.569 1718.859 
608 3332 1731 13718.894 1718.029 
690 3210 1871 13715.616 1714.444 
689 3214 1860 13709.435 1715.036 
597 3340 1704 13699.771 1716.245 
656 3288 1759 13722.949 1718.949 
691 3207 1861 13716.978 1715.627 
643 3304 1741 13718.224 1717.725 
608 3324 1740 13711.436 1717.072 
622 3288 1765 13698.404 1716.065 
637 3312 1747 13722.839 1719.49 
648 3299 1755 13725.645 1719.664 
637 3273 1777 13694.772 1714.831 
691 3202 1868 13714.898 1714.265 
650 3278 1765 13713.028 1718.824 
661 3271 1757 13710.406 1717.553 
623 3280 1767 13691.31 1714.715 
643 3306 1740 13719.919 1717.962 
594 3342 1705 13702.375 1717.302 
664 3261 1758 13703.37 1717.358 
653 3259 1770 13701.557 1715.83 
655 3286 1762 13719.794 1718.481 
719 3177 1894 13713.464 1716.061 
662 3266 1761 13709.758 1717.959 
628 3294 1763 13714.11 1717.913 
653 3286 1763 13721.813 1719.327 
654 3276 1768 13710.451 1717.623 
671 3265 1746 13708.915 1718.843 
658 3277 1760 13710.457 1719.243 
706 3185 1882 13706.021 1715.178 
659 3282 1746 13716.599 1719.732 
656 3261 1765 13702.384 1716.584 
704 3197 1877 13718.195 1716.458 
664 3280 1750 13715.124 1718.767 
632 3308 1752 13710.613 1718.161 
616 3320 1749 13702.237 1716.656 
718 3178 1893 13713.526 1716.069 
606 3334 1730 13718.748 1717.989 
630 3316 1738 13725.885 1719.485 
631 3315 1739 13725.841 1719.485 
697 3201 1879 13718.319 1716.74 
701 3195 1879 13716.452 1715.12 
594 3326 1739 13690.284 1715.278 
631 3311 1748 13723.766 1719.124 
649 3302 1749 13725.586 1718.775 
614 3326 1738 13714.231 1717.892 
697 3200 1884 13716.446 1716.001 
612 3320 1744 13713.801 1718.923 
702 3192 1880 13715.156 1714.844 
657 3287 1760 13723.083 1719.022 
594 3343 1728 13704.226 1717.28 
598 3335 1716 13703.516 1716.796 
629 3319 1745 13728.133 1718.579 
652 3288 1759 13720.073 1719.793 
712 3184 1887 13713.168 1715.0 
723 3150 1871 13690.477 1712.499 
649 3292 1761 13721.473 1719.116 
652 3288 1762 13720.848 1718.127 
627 3318 1758 13714.04 1717.026 
587 3356 1715 13708.954 1717.658 
657 3284 1764 13721.107 1718.848 
650 3292 1763 13721.072 1718.307 
696 3205 1857 13716.46 1715.985 
646 3297 1760 13721.024 1719.323 
660 3275 1758 13714.733 1719.142 
596 3341 1703 13699.636 1716.224 
