360 1250 771 13799.872 1725.504 
359 1369 854 14036.078 1758.865 
358 1370 853 14035.662 1758.779 
333 1392 865 14052.387 1760.409 
341 1380 869 14042.311 1758.92 
336 1403 846 14043.791 1760.079 
341 1377 874 14041.021 1758.151 
332 1394 864 14056.76 1760.795 
350 1386 857 14059.957 1763.296 
342 1395 851 14049.826 1759.593 
336 1395 840 14062.006 1761.414 
333 1397 856 14057.604 1761.038 
341 1395 838 14056.461 1764.125 
341 1396 850 14050.004 1759.617 
342 1394 843 14047.92 1761.888 
339 1397 845 14059.001 1764.343 
324 1419 832 14062.673 1761.511 
330 1395 859 14034.602 1760.273 
325 1400 860 14049.351 1761.485 
320 1401 866 14038.043 1760.611 
354 1378 857 14039.555 1759.058 
327 1398 862 14034.701 1759.839 
334 1410 853 14069.401 1764.694 
309 1422 848 14035.647 1760.592 
343 1374 867 14031.926 1756.517 
345 1388 860 14057.135 1762.688 
355 1375 857 14047.154 1759.833 
334 1381 867 14025.875 1757.515 
328 1399 860 14028.565 1755.339 
346 1389 854 14054.991 1761.214 
319 1420 853 14053.041 1760.094 
309 1415 860 14039.584 1760.749 
352 1387 860 14055.259 1761.306 
339 1395 851 14051.969 1761.561 
330 1416 848 14067.194 1762.894 
337 1400 845 14051.912 1761.888 
352 1385 860 14069.468 1762.8 
332 1396 856 14055.246 1761.617 
323 1418 859 14070.866 1763.808 
341 1381 862 14041.309 1760.164 
338 1388 863 14052.65 1761.492 
343 1392 857 14053.714 1761.749 
325 1399 863 14032.656 1760.038 
304 1424 847 14048.443 1760.757 
354 1370 860 14034.106 1759.177 
342 1389 840 14056.868 1763.136 
329 1410 854 14063.977 1760.829 
337 1394 841 14063.512 1761.422 
342 1393 852 14041.629 1761.251 
338 1395 852 14051.987 1761.563 
314 1422 834 14031.431 1757.588 
346 1377 866 14038.117 1761.265 
333 1411 853 14069.299 1764.692 
316 1421 859 14063.84 1762.879 
354 1366 861 14024.474 1757.441 
337 1394 848 14046.88 1763.111 
309 1430 844 14062.517 1762.854 
348 1376 861 14032.089 1758.208 
335 1408 855 14068.125 1764.366 
314 1425 833 14048.868 1758.714 
342 1397 846 14059.594 1759.813 
337 1389 864 14054.228 1761.547 
311 1422 837 14055.351 1763.88 
342 1380 865 14032.677 1760.468 
314 1426 832 14049.9 1759.153 
353 1383 857 14041.223 1759.194 
340 1403 844 14059.864 1763.405 
347 1386 861 14048.449 1760.993 
362 1249 773 13802.642 1725.831 
