793 4001 2196 13757.605 1721.996 
909 3967 2338 13839.554 1731.7 
917 3928 2328 13814.868 1728.988 
847 3999 2282 13809.838 1727.784 
817 4006 2178 13779.929 1724.595 
793 4003 2195 13758.489 1722.116 
795 4001 2196 13759.385 1721.85 
788 4015 2184 13767.953 1722.28 
923 3913 2329 13821.361 1731.177 
913 3946 2324 13824.563 1730.318 
922 3928 2322 13824.922 1730.626 
789 4003 2183 13764.334 1722.396 
923 3926 2325 13823.99 1730.564 
905 3976 2321 13839.485 1732.203 
893 3987 2331 13836.652 1731.146 
812 4009 2175 13778.387 1725.12 
906 3983 2345 13842.886 1732.046 
901 3985 2326 13840.824 1732.06 
815 4001 2185 13775.873 1724.52 
819 4009 2173 13780.402 1724.972 
920 3923 2334 13815.533 1729.36 
923 3917 2329 13816.806 1729.07 
817 4005 2178 13779.596 1724.661 
920 3916 2332 13814.722 1729.421 
916 3930 2332 13819.209 1729.574 
921 3916 2334 13815.569 1729.261 
788 4015 2183 13768.019 1722.285 
918 3934 2325 13823.564 1729.977 
926 3922 2321 13820.574 1730.118 
923 3912 2336 13815.693 1727.24 
910 3975 2336 13838.143 1731.706 
812 4012 2172 13780.18 1724.955 
813 4011 2168 13776.171 1724.867 
911 3938 2328 13817.905 1729.117 
913 3942 2326 13820.402 1730.444 
822 4005 2177 13780.875 1725.151 
928 3908 2338 13819.525 1731.208 
915 3942 2322 13823.566 1730.391 
921 3927 2328 13819.101 1729.847 
814 4007 2177 13777.308 1724.803 
818 4007 2174 13778.035 1724.559 
904 3982 2326 13840.925 1732.298 
918 3925 2339 13814.418 1728.529 
902 3980 2330 13844.448 1732.353 
816 4002 2184 13777.105 1724.565 
921 3933 2327 13826.219 1730.942 
924 3924 2321 13820.589 1730.086 
917 3924 2333 13817.927 1729.008 
795 4001 2191 13766.709 1722.285 
