1007 4378 2555 13665.533 1709.14 
1008 4377 2555 13667.065 1710.046 
1012 4408 2547 13678.253 1710.976 
976 4533 2559 13749.937 1718.413 
998 4451 2614 13716.629 1714.862 
947 4561 2562 13754.46 1719.846 
1014 4406 2543 13681.814 1710.71 
953 4565 2561 13757.894 1720.014 
998 4449 2615 13716.944 1714.963 
964 4556 2585 13770.874 1721.473 
982 4528 2567 13749.089 1718.181 
1009 4376 2556 13667.507 1710.093 
978 4514 2615 13751.199 1718.315 
985 4486 2607 13731.522 1717.155 
978 4501 2617 13750.478 1718.002 
975 4529 2590 13747.992 1719.017 
969 4515 2641 13755.008 1718.498 
984 4517 2609 13753.718 1719.068 
1009 4397 2549 13675.801 1710.48 
970 4532 2608 13756.466 1719.88 
995 4455 2623 13723.459 1714.843 
1024 4401 2552 13682.794 1710.319 
970 4533 2608 13758.035 1719.549 
965 4549 2592 13760.353 1719.853 
1011 4394 2551 13673.577 1710.608 
987 4520 2566 13752.05 1718.823 
982 4519 2569 13746.63 1718.384 
974 4535 2582 13754.943 1719.283 
1006 4390 2585 13691.697 1711.669 
1003 4439 2615 13725.163 1715.383 
1005 4425 2599 13715.102 1714.179 
975 4544 2576 13756.24 1719.602 
970 4534 2597 13753.799 1719.159 
987 4496 2604 13743.062 1717.007 
970 4497 2620 13743.35 1717.925 
998 4486 2599 13738.828 1717.221 
998 4450 2618 13721.021 1714.024 
962 4540 2600 13766.613 1721.49 
990 4505 2598 13749.227 1718.829 
975 4530 2613 13759.19 1718.843 
960 4558 2608 13763.578 1719.725 
969 4536 2600 13758.278 1719.1 
986 4522 2567 13752.653 1718.796 
982 4527 2557 13752.619 1718.624 
957 4560 2571 13755.145 1718.747 
988 4507 2596 13749.032 1718.788 
994 4485 2632 13741.906 1717.468 
974 4546 2577 13757.341 1719.853 
978 4528 2614 13758.011 1719.532 
965 4551 2579 13759.759 1719.657 
988 4519 2567 13752.081 1718.81 
967 4545 2581 13764.509 1720.96 
980 4528 2582 13752.788 1718.608 
995 4476 2602 13728.422 1716.131 
980 4519 2597 13746.214 1717.688 
968 4539 2582 13752.014 1719.678 
972 4544 2581 13752.354 1719.159 
973 4532 2619 13763.814 1719.062 
963 4537 2594 13753.118 1719.493 
991 4493 2607 13743.57 1716.752 
