1055 4586 2690 13806.33 1729.132 
1065 4580 2678 13809.153 1728.835 
1074 4561 2687 13805.871 1730.438 
985 4646 2606 13794.64 1727.006 
1078 4565 2682 13810.42 1729.166 
1015 4605 2653 13796.689 1727.832 
1094 4520 2697 13797.012 1728.018 
1088 4540 2696 13801.886 1729.378 
1097 4503 2676 13792.909 1728.638 
986 4647 2600 13795.152 1727.15 
1062 4582 2699 13814.405 1730.485 
986 4643 2604 13797.235 1727.362 
985 4648 2600 13792.927 1726.761 
988 4644 2599 13794.625 1727.137 
1070 4579 2681 13814.045 1730.183 
1062 4590 2667 13813.215 1729.698 
985 4645 2610 13795.525 1727.033 
1075 4567 2673 13807.538 1729.249 
1074 4563 2683 13813.201 1731.44 
1082 4556 2674 13805.152 1729.717 
1051 4587 2674 13808.864 1729.447 
1073 4567 2682 13815.062 1731.432 
1064 4586 2669 13811.174 1729.509 
1094 4519 2698 13796.833 1727.978 
1077 4561 2685 13803.488 1728.214 
1065 4573 2682 13808.705 1728.949 
1062 4584 2673 13804.42 1729.376 
1074 4559 2697 13806.908 1728.555 
1077 4558 2684 13810.127 1731.111 
1036 4595 2631 13796.731 1727.795 
1097 4509 2688 13790.565 1727.408 
1077 4560 2688 13810.187 1729.917 
1067 4583 2674 13813.397 1729.972 
993 4642 2614 13796.428 1727.264 
1088 4541 2650 13789.811 1726.605 
1087 4545 2696 13809.042 1729.282 
1011 4599 2654 13793.527 1727.255 
1060 4591 2666 13813.744 1729.705 
1086 4545 2699 13811.663 1731.101 
1091 4530 2690 13797.126 1728.403 
1090 4524 2695 13795.109 1729.471 
1056 4584 2689 13805.679 1729.115 
1055 4586 2689 13806.362 1729.14 
1038 4592 2632 13796.096 1727.662 
1061 4583 2698 13814.333 1730.477 
1097 4510 2687 13790.93 1727.431 
1089 4531 2694 13802.051 1730.445 
1037 4599 2640 13798.775 1726.014 
987 4643 2612 13795.876 1727.114 
1051 4587 2673 13808.865 1729.448 
995 4639 2622 13800.139 1727.783 
1080 4556 2681 13811.206 1728.411 
1082 4559 2685 13804.795 1728.144 
1063 4589 2669 13811.881 1729.716 
1008 4633 2653 13808.086 1728.96 
991 4635 2624 13792.65 1727.043 
1065 4588 2668 13811.085 1729.623 
1035 4622 2651 13808.691 1728.395 
1070 4567 2685 13807.647 1729.305 
1085 4554 2691 13804.229 1728.378 
1078 4549 2686 13802.111 1730.2 
1076 4572 2692 13810.679 1728.996 
