209 707 519 14395.981 1815.935 
200 725 508 14407.163 1814.217 
201 724 509 14410.264 1814.855 
225 695 524 14427.861 1815.637 
198 723 508 14395.03 1816.776 
207 717 514 14424.024 1817.991 
202 722 510 14415.201 1817.289 
202 723 509 14409.497 1814.721 
191 732 510 14396.709 1810.588 
193 730 509 14414.575 1815.723 
195 730 508 14412.204 1814.271 
218 707 512 14421.305 1814.58 
216 708 511 14427.073 1814.488 
225 699 520 14430.432 1814.946 
228 690 527 14421.1 1816.553 
202 722 515 14399.613 1813.023 
216 707 512 14423.836 1814.072 
193 733 502 14392.727 1811.329 
200 723 515 14414.501 1813.472 
180 739 489 14355.053 1809.405 
196 725 513 14410.43 1812.577 
230 689 522 14408.186 1811.042 
194 730 509 14414.139 1814.055 
195 726 513 14410.29 1812.557 
238 680 519 14394.587 1807.983 
219 705 513 14421.885 1815.822 
227 694 528 14424.859 1815.292 
208 712 522 14405.731 1813.806 
187 737 507 14395.599 1811.175 
198 724 514 14407.775 1813.458 
227 693 529 14417.609 1814.223 
207 718 521 14420.044 1814.997 
180 740 484 14334.901 1807.085 
193 731 508 14413.968 1814.007 
208 717 521 14420.351 1815.288 
219 701 518 14421.69 1813.701 
213 708 519 14391.346 1813.509 
194 729 510 14417.065 1816.017 
211 712 515 14407.845 1811.531 
226 694 529 14420.471 1814.743 
222 698 526 14421.657 1815.065 
220 701 516 14422.547 1814.776 
219 706 512 14424.097 1815.354 
228 691 524 14427.862 1815.966 
231 686 528 14423.615 1814.414 
234 686 527 14433.093 1814.93 
230 687 527 14415.554 1813.08 
229 688 525 14423.273 1814.714 
211 713 514 14398.461 1813.513 
179 741 490 14353.2 1809.741 
192 735 509 14409.521 1812.687 
221 700 521 14419.88 1815.862 
195 729 509 14414.626 1814.089 
212 712 513 14398.88 1812.63 
211 712 515 14392.901 1813.238 
238 680 520 14390.871 1807.046 
223 699 523 14429.627 1815.619 
236 680 522 14396.851 1811.853 
224 697 528 14435.509 1816.833 
212 711 518 14413.775 1813.699 
201 724 513 14392.292 1811.272 
220 706 512 14418.611 1814.581 
207 721 518 14429.773 1817.421 
205 720 521 14417.604 1815.126 
231 688 524 14405.483 1811.277 
188 736 504 14392.195 1811.663 
226 697 525 14418.503 1813.602 
225 696 528 14425.603 1816.482 
186 738 504 14392.619 1810.509 
178 744 486 14367.192 1813.23 
236 680 521 14397.368 1812.495 
213 710 516 14395.645 1813.885 
187 738 495 14391.185 1814.735 
236 683 520 14389.585 1807.265 
190 732 508 14383.217 1813.447 
197 728 514 14397.491 1810.455 
