495 2035 1235 13952.684 1750.962 
494 2036 1234 13953.754 1751.14 
480 2043 1224 13938.485 1749.414 
500 2018 1239 13948.199 1752.296 
494 2024 1250 13944.177 1750.845 
482 2042 1230 13949.982 1751.821 
452 2077 1193 13940.069 1751.427 
496 2022 1250 13946.272 1750.947 
495 2023 1250 13944.841 1750.883 
503 1995 1255 13922.221 1746.047 
512 2008 1241 13946.23 1751.452 
460 2055 1214 13939.431 1750.618 
463 2063 1212 13941.879 1750.971 
467 2053 1207 13924.974 1747.562 
485 2041 1227 13946.295 1749.924 
439 2081 1202 13945.216 1752.069 
498 2027 1224 13945.927 1751.604 
459 2065 1221 13952.136 1751.735 
441 2086 1198 13948.208 1751.635 
497 2032 1236 13960.71 1753.051 
472 2048 1204 13920.066 1747.672 
447 2079 1195 13948.208 1752.131 
497 2033 1228 13955.174 1753.645 
471 2049 1207 13920.742 1748.811 
489 2040 1230 13953.986 1753.035 
496 2032 1237 13950.556 1750.279 
489 2026 1238 13945.274 1751.185 
513 1990 1243 13922.539 1748.379 
487 2028 1241 13936.288 1749.167 
493 2029 1240 13943.805 1748.039 
458 2067 1221 13953.303 1751.945 
469 2048 1213 13932.795 1749.166 
466 2055 1203 13940.419 1750.097 
486 2031 1247 13940.445 1747.881 
499 2024 1238 13938.218 1749.428 
461 2074 1212 13959.18 1752.663 
503 2004 1253 13944.565 1748.179 
449 2077 1205 13960.401 1753.113 
508 2020 1245 13952.172 1750.266 
485 2039 1238 13951.888 1750.063 
483 2040 1236 13950.019 1749.898 
492 2047 1223 13959.158 1752.276 
469 2051 1208 13925.695 1747.592 
499 2019 1239 13948.214 1752.297 
450 2073 1215 13946.946 1752.306 
495 2032 1239 13952.021 1750.178 
504 2019 1246 13947.929 1749.838 
486 2031 1246 13940.257 1747.885 
444 2081 1191 13943.646 1751.835 
452 2072 1217 13952.326 1751.435 
454 2068 1217 13947.248 1751.45 
482 2032 1245 13937.961 1748.748 
495 2024 1249 13946.192 1750.97 
501 2020 1252 13953.412 1751.678 
487 2039 1231 13946.998 1751.527 
479 2039 1229 13956.192 1753.204 
507 2010 1242 13940.985 1751.44 
452 2075 1199 13948.028 1752.544 
447 2080 1201 13947.876 1751.227 
507 2021 1245 13952.372 1750.282 
488 2028 1248 13938.426 1747.723 
498 2022 1248 13948.763 1751.313 
483 2032 1244 13938.02 1748.761 
506 2021 1227 13946.221 1751.419 
