1009 4422 2523 13668.316 1711.065 
1013 4421 2530 13671.608 1710.021 
895 4517 2459 13654.296 1709.627 
1014 4420 2531 13671.808 1710.041 
1014 4401 2547 13662.051 1709.291 
1002 4458 2531 13675.225 1710.221 
1015 4419 2532 13671.803 1710.04 
986 4466 2590 13693.335 1713.519 
992 4474 2565 13687.967 1713.661 
987 4465 2591 13693.298 1713.517 
976 4504 2575 13697.688 1715.206 
960 4508 2547 13694.072 1714.41 
999 4439 2591 13680.79 1712.328 
983 4471 2584 13690.703 1714.378 
974 4501 2572 13694.991 1715.302 
979 4491 2581 13697.518 1715.15 
982 4475 2578 13687.486 1714.026 
985 4470 2588 13690.432 1713.473 
993 4473 2565 13688.392 1713.667 
996 4442 2586 13680.51 1713.329 
1020 4417 2544 13676.253 1710.882 
1008 4424 2521 13668.458 1711.129 
992 4465 2594 13691.733 1714.499 
1005 4448 2554 13681.844 1711.098 
983 4471 2589 13688.492 1714.409 
986 4468 2588 13694.047 1713.732 
987 4476 2563 13687.546 1712.841 
1003 4457 2532 13675.433 1710.224 
995 4464 2594 13694.074 1714.99 
986 4474 2585 13692.996 1714.178 
950 4513 2542 13686.727 1713.568 
883 4518 2441 13645.336 1708.648 
1005 4447 2546 13681.048 1711.855 
996 4453 2584 13686.791 1714.233 
989 4467 2590 13688.987 1714.495 
1007 4434 2578 13677.019 1711.8 
998 4457 2581 13685.379 1713.336 
1023 4409 2546 13678.609 1710.85 
1004 4434 2592 13682.713 1712.474 
1014 4420 2524 13670.237 1710.902 
1011 4431 2534 13675.954 1711.036 
993 4466 2588 13691.869 1713.973 
979 4481 2585 13693.442 1714.482 
1007 4434 2579 13676.848 1711.787 
1013 4409 2554 13667.777 1709.899 
997 4454 2572 13683.635 1713.488 
981 4480 2594 13696.765 1714.607 
979 4499 2578 13698.776 1715.679 
1000 4438 2571 13678.16 1712.364 
