219 697 496 14312.058 1802.256 
133 747 394 14129.786 1777.87 
173 742 467 14318.635 1805.687 
201 727 487 14369.912 1804.855 
135 748 392 14091.08 1768.841 
203 724 487 14363.26 1804.162 
195 729 496 14365.195 1811.051 
197 724 506 14373.653 1805.781 
189 738 490 14357.75 1809.126 
194 732 494 14366.423 1810.925 
195 731 494 14365.669 1810.903 
202 712 517 14352.732 1809.92 
134 746 394 14129.483 1777.846 
177 742 476 14314.99 1802.61 
202 720 500 14389.113 1806.694 
198 729 502 14392.375 1809.606 
197 727 496 14361.821 1810.252 
178 739 481 14321.389 1804.704 
201 721 505 14379.83 1806.239 
215 702 510 14363.52 1804.552 
199 728 486 14364.268 1804.433 
197 725 498 14358.25 1810.561 
216 700 509 14359.718 1804.249 
205 723 499 14382.268 1811.591 
200 727 504 14390.552 1807.327 
213 715 508 14398.091 1810.715 
202 724 490 14371.229 1804.042 
178 741 479 14322.989 1804.502 
209 702 518 14364.765 1805.413 
199 721 500 14381.698 1808.98 
200 725 496 14368.521 1810.215 
211 700 519 14340.397 1804.731 
197 725 504 14383.84 1807.708 
207 707 518 14377.475 1808.229 
207 718 515 14402.563 1811.694 
218 699 508 14355.953 1800.812 
194 732 496 14368.406 1810.56 
215 700 513 14356.053 1803.197 
208 717 516 14405.607 1811.72 
204 714 518 14394.33 1808.895 
198 724 505 14384.357 1807.383 
188 737 491 14343.624 1806.527 
217 708 508 14377.49 1806.45 
227 696 512 14382.432 1806.06 
214 712 516 14403.908 1813.759 
209 706 518 14360.433 1807.398 
