1033 5226 2817 13679.881 1713.894 
1021 5220 2842 13678.004 1714.689 
1150 5068 2878 13658.913 1712.27 
1033 5222 2841 13682.102 1714.589 
1133 5103 2862 13683.6 1716.53 
1116 5136 2886 13679.466 1714.88 
1064 5209 2878 13699.206 1718.388 
1081 5186 2896 13697.313 1718.028 
1145 5078 2910 13677.047 1714.08 
1130 5104 2878 13686.902 1716.334 
1149 5069 2878 13658.933 1712.27 
1108 5147 2879 13687.841 1715.607 
1076 5191 2833 13689.359 1716.292 
1094 5154 2895 13692.564 1716.57 
1141 5093 2885 13687.702 1717.349 
1136 5098 2868 13684.34 1716.858 
1113 5140 2887 13694.205 1715.108 
1140 5084 2896 13685.872 1715.608 
1155 5058 2881 13658.591 1711.253 
1091 5160 2861 13697.576 1717.58 
1114 5155 2862 13691.01 1715.902 
1092 5166 2883 13698.428 1716.969 
1104 5155 2891 13696.837 1716.437 
1153 5059 2864 13675.19 1715.345 
1107 5161 2895 13694.838 1715.596 
1114 5139 2908 13694.824 1715.68 
1085 5171 2878 13698.29 1718.495 
1066 5203 2870 13697.038 1718.049 
1058 5219 2867 13702.07 1718.247 
1080 5190 2830 13689.421 1716.236 
1147 5103 2886 13683.256 1714.676 
1111 5142 2890 13688.075 1715.903 
1092 5148 2900 13694.254 1716.745 
1126 5120 2868 13690.0 1716.668 
1075 5189 2862 13685.328 1714.702 
1116 5115 2878 13688.344 1717.913 
1066 5210 2870 13692.456 1717.647 
1126 5085 2900 13680.383 1717.293 
1122 5124 2883 13695.243 1717.008 
1074 5196 2827 13691.401 1716.774 
1140 5095 2885 13687.949 1717.379 
1097 5160 2877 13690.703 1717.563 
1097 5138 2895 13689.683 1716.825 
1069 5200 2859 13690.641 1716.725 
1130 5129 2898 13691.469 1715.431 
1123 5130 2885 13686.643 1717.067 
1129 5118 2894 13687.556 1716.516 
1084 5182 2877 13695.107 1715.648 
1137 5114 2887 13685.63 1715.412 
1124 5125 2914 13689.478 1715.759 
1099 5167 2886 13696.157 1716.325 
1118 5140 2861 13685.462 1716.333 
1142 5094 2886 13688.089 1717.319 
1077 5191 2815 13688.496 1716.594 
1125 5130 2881 13695.688 1717.233 
1108 5139 2883 13689.399 1716.557 
1154 5059 2881 13658.666 1711.26 
1090 5174 2898 13691.815 1718.152 
1123 5133 2907 13692.703 1715.91 
1094 5172 2869 13692.925 1717.561 
1140 5091 2931 13683.95 1715.45 
1141 5128 2909 13696.403 1715.176 
1075 5193 2833 13689.614 1716.229 
1095 5164 2874 13688.828 1717.047 
1093 5163 2892 13700.13 1716.251 
1114 5136 2884 13684.856 1716.016 
1101 5155 2881 13690.139 1716.779 
1099 5172 2854 13694.53 1715.674 
1088 5186 2874 13697.43 1717.537 
1084 5188 2880 13694.699 1717.552 
1068 5201 2858 13690.63 1716.723 
1108 5143 2864 13690.443 1716.377 
1102 5153 2880 13685.735 1717.072 
1121 5128 2908 13693.7 1716.092 
1134 5134 2910 13696.185 1715.323 
