489 2736 1431 13803.471 1730.313 
591 2729 1561 13919.163 1744.737 
647 2671 1633 13939.77 1747.148 
615 2716 1619 13943.101 1748.115 
640 2695 1623 13945.446 1748.181 
639 2684 1628 13945.433 1748.355 
641 2693 1624 13944.68 1748.01 
590 2730 1560 13918.853 1744.708 
604 2724 1578 13930.126 1747.4 
646 2677 1629 13935.392 1746.711 
643 2681 1629 13931.086 1746.61 
651 2672 1626 13941.413 1747.34 
641 2676 1633 13934.657 1747.138 
595 2726 1556 13923.905 1745.445 
640 2682 1629 13944.805 1748.22 
639 2696 1622 13942.409 1748.696 
640 2693 1622 13940.906 1748.608 
635 2706 1616 13941.024 1748.079 
642 2686 1632 13944.693 1747.975 
641 2695 1619 13939.903 1747.431 
645 2688 1620 13939.073 1747.913 
593 2734 1558 13926.423 1745.736 
646 2672 1632 13939.454 1747.117 
647 2691 1619 13950.327 1749.072 
649 2668 1629 13933.948 1745.701 
622 2723 1617 13954.997 1749.328 
646 2692 1618 13950.282 1749.061 
649 2687 1626 13952.237 1748.991 
643 2678 1631 13935.914 1746.815 
624 2708 1618 13946.498 1748.188 
596 2726 1573 13925.679 1745.01 
634 2689 1633 13941.75 1747.592 
640 2698 1620 13947.502 1748.091 
626 2707 1613 13948.309 1750.077 
637 2705 1631 13951.835 1749.033 
