172 719 436 14218.739 1787.253 
172 719 437 14199.651 1784.361 
171 715 439 14205.9 1785.6 
146 752 427 14218.871 1787.34 
191 710 428 14195.583 1784.641 
175 708 440 14204.757 1779.987 
172 721 435 14217.271 1786.685 
153 742 441 14223.4 1787.117 
191 710 435 14203.788 1783.516 
176 707 450 14184.789 1779.293 
169 709 446 14187.739 1781.768 
153 749 424 14223.333 1789.972 
150 747 436 14235.752 1789.123 
168 719 451 14208.902 1783.01 
169 711 449 14174.312 1777.746 
170 724 442 14225.241 1789.424 
147 751 428 14219.331 1787.448 
181 676 440 14080.924 1768.37 
171 711 448 14196.779 1780.431 
158 734 448 14245.111 1790.957 
154 741 439 14220.428 1786.936 
165 725 447 14223.297 1788.158 
173 711 438 14207.863 1780.22 
157 732 451 14242.912 1789.032 
189 713 435 14205.805 1785.335 
184 673 443 14078.232 1767.493 
192 711 431 14197.393 1782.984 
179 701 447 14160.764 1776.763 
164 724 446 14228.389 1791.109 
169 725 441 14225.068 1789.203 
185 672 446 14082.32 1768.322 
168 726 441 14238.45 1791.261 
187 714 435 14184.793 1782.76 
166 729 438 14239.076 1789.808 
180 723 430 14202.803 1784.51 
166 712 457 14206.429 1789.305 
165 721 455 14219.705 1786.651 
149 741 436 14233.054 1791.912 
151 750 429 14228.195 1785.901 
181 722 434 14214.746 1787.215 
184 720 430 14205.283 1783.689 
169 716 444 14185.32 1781.988 
156 738 439 14250.77 1791.222 
173 708 450 14187.701 1777.255 
163 732 450 14244.58 1790.918 
154 741 427 14244.077 1788.406 
180 677 441 14083.754 1766.795 
154 743 421 14226.275 1789.729 
186 715 434 14181.672 1782.047 
189 718 427 14191.706 1781.362 
164 729 442 14231.568 1791.536 
152 745 436 14238.046 1789.106 
184 714 435 14198.685 1784.657 
155 738 441 14220.328 1788.78 
155 739 439 14247.504 1790.406 
165 729 442 14212.623 1788.021 
150 747 437 14228.053 1789.028 
162 737 430 14247.934 1790.867 
172 709 450 14187.923 1777.277 
165 730 437 14238.831 1789.244 
172 714 440 14206.972 1785.839 
161 738 429 14245.343 1790.718 
186 723 427 14212.95 1785.02 
158 734 447 14248.471 1789.625 
183 724 425 14195.616 1782.625 
154 745 431 14224.996 1783.68 
174 705 443 14169.63 1782.148 
178 705 450 14183.004 1779.206 
161 738 429 14245.171 1791.113 
159 732 456 14237.407 1790.513 
187 718 433 14203.897 1784.402 
188 715 432 14201.643 1784.713 
166 720 455 14219.242 1786.366 
150 745 439 14245.629 1790.929 
176 725 422 14187.02 1783.273 
153 738 444 14243.644 1790.149 
167 718 444 14205.43 1786.855 
172 714 441 14202.572 1781.983 
193 710 432 14197.205 1782.944 
182 723 428 14205.462 1783.643 
