894 3987 2289 13823.116 1733.031 
870 4005 2296 13812.618 1731.552 
887 3993 2298 13815.728 1731.858 
890 3968 2308 13803.222 1730.226 
893 3993 2287 13825.156 1733.356 
893 3991 2288 13825.299 1733.514 
862 4017 2290 13817.93 1732.58 
885 3995 2299 13809.164 1731.279 
895 3989 2299 13821.347 1732.85 
887 3999 2292 13823.001 1733.131 
897 3977 2304 13811.823 1730.947 
898 3979 2302 13811.475 1731.236 
897 3986 2294 13819.317 1731.833 
862 4018 2299 13816.638 1733.211 
874 4003 2290 13811.947 1731.161 
905 3970 2279 13812.675 1732.214 
910 3959 2297 13812.277 1731.962 
901 3982 2291 13822.829 1733.227 
877 4001 2277 13813.925 1732.477 
872 4006 2290 13814.859 1733.054 
903 3976 2295 13819.364 1733.13 
903 3978 2300 13817.293 1731.247 
906 3967 2283 13814.482 1733.039 
866 4014 2297 13817.279 1733.126 
869 4009 2288 13817.015 1733.322 
903 3963 2302 13807.527 1731.814 
878 4003 2289 13814.844 1732.342 
898 3979 2300 13817.356 1733.002 
894 3990 2298 13821.465 1732.948 
901 3982 2295 13819.11 1732.878 
872 4008 2277 13811.132 1732.188 
868 4012 2283 13810.481 1732.205 
899 3966 2296 13808.431 1731.673 
896 3989 2284 13822.56 1733.087 
911 3961 2296 13814.912 1732.613 
889 4000 2294 13822.517 1734.039 
912 3962 2288 13814.385 1733.008 
873 4003 2289 13815.777 1733.392 
869 4010 2291 13817.528 1733.232 
908 3961 2298 13812.7 1731.944 
895 3981 2296 13822.578 1733.881 
903 3980 2287 13825.337 1733.908 
908 3969 2293 13812.992 1732.641 
864 4017 2277 13811.789 1731.868 
895 3988 2305 13823.55 1732.651 
894 3986 2298 13820.531 1733.283 
908 3960 2303 13808.208 1731.694 
896 3989 2300 13821.315 1732.849 
898 3969 2304 13813.133 1732.502 
887 3993 2296 13819.13 1732.426 
907 3968 2286 13814.048 1732.631 
873 4006 2272 13809.566 1732.068 
856 4022 2273 13813.086 1733.207 
