139 744 403 14079.775 1772.497 
170 724 458 14223.87 1792.017 
169 725 457 14223.873 1792.017 
175 708 472 14191.592 1790.244 
217 650 447 14100.6 1772.904 
161 732 471 14238.086 1797.231 
125 756 384 14062.705 1772.592 
164 724 471 14209.584 1795.568 
202 679 443 14168.394 1780.512 
160 737 468 14245.657 1795.183 
169 721 464 14212.386 1792.105 
214 662 448 14117.96 1774.053 
168 726 459 14213.657 1793.066 
221 640 449 14075.189 1765.678 
196 682 448 14144.454 1774.934 
220 641 449 14090.312 1767.227 
173 716 463 14197.017 1790.46 
198 678 449 14143.883 1777.096 
133 755 396 14111.498 1774.09 
132 755 395 14111.499 1773.778 
209 663 457 14125.254 1774.79 
213 668 427 14128.753 1774.175 
162 729 471 14225.262 1797.309 
159 738 468 14245.511 1795.162 
165 733 466 14228.704 1793.018 
139 749 401 14101.87 1773.817 
140 749 398 14118.083 1775.01 
158 739 468 14244.978 1795.091 
204 676 444 14153.751 1782.059 
169 722 467 14207.514 1793.818 
226 640 444 14101.992 1770.825 
216 654 446 14112.856 1773.553 
220 634 452 14057.144 1766.691 
202 676 455 14155.326 1781.31 
196 687 446 14162.917 1778.088 
139 744 403 14081.012 1771.087 
140 745 400 14088.09 1772.267 
180 705 472 14203.519 1790.317 
211 663 458 14116.212 1774.407 
209 669 449 14167.64 1780.587 
215 656 450 14105.614 1769.485 
160 743 465 14253.965 1796.202 
216 648 445 14092.435 1775.103 
199 675 447 14159.506 1780.309 
162 737 467 14238.071 1793.887 
196 687 445 14163.109 1778.121 
211 666 452 14150.483 1778.587 
175 712 468 14194.322 1789.428 
220 647 446 14103.737 1770.138 
213 666 445 14131.401 1773.772 
207 671 449 14168.478 1781.799 
214 645 452 14105.999 1773.986 
205 676 442 14126.581 1777.359 
207 666 453 14155.174 1779.931 
177 714 465 14202.45 1789.885 
218 647 450 14098.88 1769.058 
214 661 450 14132.129 1778.899 
209 671 449 14155.743 1782.745 
227 634 450 14106.878 1774.132 
212 666 442 14154.227 1777.992 
164 734 465 14225.647 1792.735 
211 667 456 14145.926 1776.709 
195 682 445 14144.651 1779.943 
217 643 453 14075.814 1768.108 
198 682 440 14129.462 1775.117 
170 717 469 14197.694 1792.722 
170 719 468 14201.335 1790.992 
200 676 447 14159.443 1779.337 
166 729 468 14227.395 1796.113 
200 678 445 14146.067 1777.773 
210 668 449 14168.206 1780.643 
160 733 471 14237.497 1796.77 
205 674 451 14138.761 1777.374 
176 714 464 14217.646 1792.115 
221 645 447 14085.264 1769.904 
220 647 444 14111.697 1773.19 
213 658 452 14116.365 1773.651 
135 751 398 14103.797 1773.562 
171 718 468 14201.034 1790.927 
194 686 437 14138.253 1780.83 
220 649 438 14094.294 1770.016 
217 646 451 14087.523 1766.706 
138 750 401 14099.587 1773.788 
161 732 469 14238.163 1797.858 
207 674 445 14167.586 1781.053 
212 665 451 14137.594 1771.681 
