161 753 441 14310.136 1797.458 
162 752 441 14308.97 1797.171 
198 731 496 14365.923 1807.16 
199 730 496 14365.229 1806.991 
197 728 504 14367.203 1806.847 
183 744 479 14346.507 1808.821 
162 752 440 14310.659 1797.497 
176 750 485 14331.971 1803.131 
182 744 476 14355.846 1805.137 
197 731 496 14366.305 1807.137 
209 706 506 14325.7 1801.383 
213 708 499 14325.597 1801.218 
179 747 484 14346.09 1805.197 
201 721 504 14347.885 1804.073 
193 728 507 14316.922 1798.425 
179 748 481 14332.515 1800.987 
191 733 504 14337.875 1802.219 
199 724 505 14326.079 1797.577 
179 743 480 14338.24 1809.858 
177 750 473 14327.396 1799.976 
184 743 480 14346.836 1808.877 
192 732 505 14336.59 1801.938 
200 722 506 14319.084 1800.96 
170 751 476 14307.558 1800.448 
200 722 502 14344.136 1803.931 
196 737 491 14367.316 1809.247 
195 733 497 14353.302 1804.75 
188 741 477 14337.56 1806.315 
213 704 502 14318.798 1799.041 
200 729 497 14367.661 1807.27 
188 743 489 14355.662 1805.922 
205 723 497 14365.655 1807.062 
215 703 499 14317.328 1800.395 
216 702 500 14317.031 1800.348 
209 711 502 14326.115 1802.015 
205 722 497 14364.174 1807.101 
212 708 502 14334.305 1802.083 
198 725 503 14355.717 1804.746 
202 717 508 14306.716 1801.204 
211 702 504 14317.927 1801.901 
209 712 499 14336.821 1804.291 
194 727 507 14317.685 1798.492 
212 708 503 14334.092 1802.031 
207 719 498 14358.899 1806.477 
199 726 499 14344.744 1806.219 
192 740 491 14360.329 1808.496 
197 725 506 14325.178 1797.538 
205 723 499 14367.907 1806.902 
203 725 486 14346.61 1802.596 
211 712 500 14346.243 1804.188 
199 727 500 14350.003 1802.463 
201 725 495 14359.287 1802.529 
203 717 509 14335.42 1799.776 
201 726 496 14358.75 1805.219 
213 706 500 14322.357 1799.641 
195 733 495 14358.29 1807.86 
178 748 484 14344.765 1805.141 
199 723 500 14344.753 1806.269 
217 691 498 14284.755 1797.774 
192 734 494 14343.554 1808.877 
191 737 495 14357.091 1807.287 
208 713 502 14341.332 1802.837 
209 709 504 14326.618 1801.934 
199 718 507 14302.627 1799.482 
207 719 505 14367.879 1805.632 
200 721 500 14353.642 1803.211 
