765 3244 1980 13832.877 1729.894 
721 3303 1954 13846.961 1731.996 
747 3260 1978 13836.385 1731.876 
727 3295 1960 13841.426 1731.72 
737 3291 1946 13839.082 1729.789 
764 3245 1980 13832.763 1729.87 
731 3302 1943 13841.375 1729.872 
706 3324 1908 13848.936 1732.771 
751 3261 1967 13839.499 1732.102 
754 3259 1985 13823.924 1729.283 
765 3249 1977 13834.448 1729.799 
734 3287 1960 13836.405 1731.637 
758 3244 1986 13827.035 1729.256 
756 3253 1975 13832.731 1731.083 
716 3310 1942 13848.569 1731.713 
750 3264 1973 13834.94 1729.448 
717 3312 1939 13848.868 1733.568 
749 3263 1977 13828.827 1730.946 
713 3318 1937 13834.104 1729.685 
752 3257 1970 13834.673 1733.298 
751 3268 1966 13836.243 1731.94 
754 3258 1984 13829.825 1730.09 
745 3271 1974 13837.634 1730.911 
751 3258 1975 13835.196 1731.255 
741 3280 1958 13844.318 1733.74 
731 3280 1969 13836.635 1730.087 
747 3279 1953 13843.106 1732.244 
730 3305 1958 13846.349 1731.938 
727 3288 1965 13833.228 1730.015 
743 3278 1973 13831.22 1730.12 
724 3310 1950 13846.92 1731.546 
725 3309 1948 13839.023 1731.23 
749 3262 1993 13826.944 1730.456 
734 3285 1976 13834.936 1729.941 
717 3314 1938 13845.736 1732.057 
738 3289 1946 13838.598 1729.96 
723 3311 1949 13846.931 1731.548 
750 3276 1964 13840.259 1731.05 
745 3273 1977 13834.789 1731.12 
738 3281 1968 13832.608 1731.589 
705 3323 1913 13844.273 1732.418 
766 3243 1980 13832.783 1729.776 
766 3248 1978 13832.237 1730.805 
746 3270 1986 13831.076 1730.63 
749 3266 1978 13828.173 1728.729 
734 3295 1962 13834.307 1731.646 
754 3257 1987 13831.129 1729.654 
759 3260 1965 13827.705 1730.018 
744 3276 1973 13837.434 1730.422 
720 3322 1929 13855.661 1732.959 
762 3250 1983 13828.099 1729.542 
718 3313 1938 13845.557 1732.039 
747 3275 1966 13838.311 1731.402 
724 3310 1949 13847.62 1731.628 
760 3259 1974 13838.212 1730.814 
759 3244 1988 13825.451 1729.434 
760 3251 1983 13837.978 1731.445 
757 3263 1970 13836.649 1731.01 
765 3240 1984 13827.757 1729.151 
731 3288 1962 13838.328 1730.912 
741 3285 1962 13843.875 1731.232 
735 3287 1967 13832.517 1731.172 
713 3288 1970 13832.619 1728.641 
719 3308 1937 13849.137 1732.793 
752 3266 1975 13828.405 1729.622 
756 3272 1954 13829.706 1729.918 
757 3247 1988 13830.509 1729.604 
759 3255 1984 13832.963 1729.536 
716 3321 1935 13853.071 1732.87 
740 3275 1992 13838.53 1731.08 
713 3318 1937 13834.133 1729.682 
701 3323 1921 13834.362 1730.409 
755 3270 1969 13838.059 1731.434 
725 3297 1966 13832.42 1731.845 
744 3271 1984 13826.337 1730.498 
747 3267 1975 13835.084 1730.347 
721 3321 1930 13855.751 1732.99 
724 3295 1967 13837.262 1731.675 
749 3264 1975 13834.247 1731.329 
700 3330 1933 13851.811 1732.517 
757 3249 1989 13825.016 1729.904 
740 3276 1981 13823.471 1727.87 
732 3295 1954 13846.052 1730.71 
736 3281 1978 13830.891 1732.111 
736 3291 1954 13843.133 1730.963 
739 3288 1956 13847.588 1731.753 
745 3275 1958 13844.774 1732.507 
742 3276 1979 13833.445 1731.924 
730 3285 1970 13836.607 1731.02 
742 3285 1952 13840.295 1730.758 
