395 1312 898 14035.501 1760.534 
283 1397 785 13969.142 1751.56 
291 1381 812 13959.715 1750.971 
344 1375 841 14043.01 1762.617 
307 1377 815 13982.339 1753.145 
385 1337 875 14054.308 1762.182 
376 1340 875 14055.321 1766.986 
405 1304 897 14015.152 1759.633 
388 1327 892 14060.775 1762.342 
382 1321 895 14037.452 1762.243 
379 1341 871 14043.034 1760.125 
406 1311 895 14039.511 1761.469 
393 1333 889 14048.34 1764.048 
379 1337 878 14059.35 1762.728 
393 1314 898 14035.828 1760.578 
362 1353 861 14063.612 1765.117 
371 1348 875 14048.809 1761.398 
406 1303 898 14015.007 1759.613 
295 1392 804 13986.686 1752.664 
299 1387 795 13984.392 1754.47 
394 1313 898 14035.558 1760.539 
378 1335 873 14052.053 1765.756 
380 1342 866 14047.324 1762.976 
357 1366 852 14062.676 1765.227 
373 1343 881 14056.955 1762.724 
384 1338 875 14053.945 1762.25 
301 1381 809 13975.532 1753.499 
384 1338 874 14054.124 1762.179 
366 1351 874 14056.571 1764.158 
293 1395 801 13991.665 1754.44 
362 1355 859 14066.381 1765.237 
298 1388 811 13987.322 1754.79 
369 1351 872 14054.152 1766.651 
347 1368 846 14027.085 1759.214 
377 1333 883 14049.662 1765.553 
367 1344 877 14041.999 1762.44 
388 1327 891 14060.959 1762.369 
385 1330 859 14050.018 1765.904 
407 1302 899 14016.446 1759.732 
358 1357 861 14050.098 1764.547 
385 1315 897 14019.686 1757.708 
372 1347 870 14042.895 1765.104 
401 1305 899 14031.26 1759.207 
380 1336 879 14060.989 1763.058 
389 1321 895 14042.634 1761.383 
374 1334 882 14045.0 1765.044 
387 1329 892 14062.547 1762.748 
282 1398 784 13967.688 1751.466 
364 1346 876 14035.163 1761.132 
408 1300 898 14014.04 1759.366 
378 1349 870 14071.779 1764.872 
381 1337 869 14057.426 1765.303 
356 1358 863 14039.939 1761.119 
355 1362 855 14047.122 1765.036 
377 1348 874 14066.45 1764.152 
378 1339 880 14057.701 1762.977 
281 1397 777 13960.681 1752.23 
373 1357 870 14065.643 1763.362 
397 1331 888 14051.91 1765.079 
294 1391 804 13982.636 1754.492 
376 1339 875 14054.144 1767.122 
371 1348 869 14042.512 1765.081 
410 1296 902 14017.726 1756.947 
392 1315 893 14022.258 1759.205 
306 1379 817 13988.559 1753.97 
301 1388 804 13979.525 1753.777 
380 1338 868 14057.436 1765.304 
400 1323 879 14050.048 1764.898 
357 1366 861 14063.705 1764.007 
