735 3377 1900 13867.394 1738.256 
730 3380 1891 13867.263 1737.23 
761 3352 1907 13881.485 1739.818 
773 3339 1951 13895.454 1742.094 
732 3378 1898 13865.681 1737.916 
767 3348 1928 13888.422 1740.943 
776 3335 1949 13894.389 1741.775 
742 3364 1920 13879.749 1740.156 
774 3342 1948 13891.102 1741.983 
771 3344 1944 13885.985 1741.059 
766 3351 1942 13891.064 1741.69 
786 3294 1945 13872.205 1739.683 
791 3291 1950 13868.082 1737.97 
774 3338 1949 13893.812 1741.909 
786 3314 1924 13871.33 1738.841 
788 3299 1944 13870.339 1739.053 
792 3292 1947 13871.932 1738.247 
765 3347 1940 13888.784 1742.124 
784 3317 1953 13882.951 1740.734 
772 3337 1952 13892.523 1740.282 
730 3382 1896 13864.119 1737.793 
786 3305 1942 13871.319 1739.168 
771 3347 1933 13892.567 1742.358 
782 3325 1949 13891.426 1741.248 
793 3291 1948 13872.292 1738.325 
755 3363 1919 13891.595 1741.826 
757 3363 1931 13892.816 1741.401 
787 3322 1931 13877.487 1738.573 
782 3330 1940 13894.601 1741.889 
774 3341 1944 13891.294 1741.525 
777 3334 1948 13889.084 1741.354 
787 3298 1954 13870.953 1738.17 
761 3348 1947 13889.319 1741.639 
785 3299 1954 13867.594 1737.6 
788 3313 1940 13884.805 1741.024 
787 3299 1941 13874.436 1738.911 
761 3349 1935 13890.752 1743.114 
787 3296 1951 13869.926 1738.722 
781 3331 1939 13894.648 1741.894 
758 3354 1937 13890.358 1740.851 
760 3353 1924 13879.882 1740.147 
768 3345 1951 13892.474 1741.949 
784 3321 1950 13885.907 1740.108 
749 3367 1914 13884.129 1739.92 
759 3354 1933 13888.034 1741.02 
746 3365 1917 13884.293 1740.259 
769 3345 1942 13884.209 1740.353 
778 3337 1940 13889.46 1740.881 
770 3341 1952 13894.084 1740.425 
778 3325 1951 13887.756 1739.651 
758 3355 1930 13886.236 1740.373 
794 3294 1930 13866.495 1738.493 
801 3267 1932 13854.623 1736.394 
764 3348 1937 13890.371 1742.92 
778 3336 1940 13893.745 1742.789 
774 3330 1951 13886.941 1740.256 
777 3340 1936 13894.161 1741.225 
740 3370 1907 13880.934 1740.785 
792 3301 1943 13872.633 1739.5 
785 3306 1945 13873.997 1739.593 
791 3290 1955 13869.589 1737.403 
750 3365 1915 13884.137 1739.886 
779 3334 1949 13895.293 1741.027 
779 3335 1941 13894.011 1742.79 
784 3325 1940 13888.781 1741.58 
741 3370 1897 13869.412 1738.247 
795 3290 1929 13868.152 1738.715 
775 3337 1944 13893.627 1740.632 
800 3277 1931 13860.21 1736.996 
799 3264 1933 13849.154 1735.398 
797 3285 1948 13869.04 1738.072 
783 3324 1949 13891.376 1741.24 
