576 2563 1471 13723.696 1721.12 
554 2642 1445 13731.817 1719.46 
615 2528 1453 13711.652 1717.097 
618 2517 1461 13704.825 1716.784 
562 2597 1495 13760.808 1725.17 
594 2552 1439 13708.838 1715.933 
553 2605 1497 13760.799 1725.048 
594 2549 1449 13708.519 1715.729 
626 2505 1464 13697.507 1715.934 
544 2644 1443 13730.574 1719.39 
602 2548 1448 13712.038 1717.192 
569 2619 1456 13732.34 1719.393 
619 2519 1453 13705.915 1716.841 
575 2572 1481 13740.673 1723.32 
558 2633 1450 13737.562 1720.554 
616 2527 1453 13712.247 1717.201 
623 2517 1461 13702.144 1716.626 
537 2660 1426 13735.559 1720.717 
536 2650 1436 13733.258 1720.049 
535 2625 1481 13755.636 1723.435 
546 2619 1485 13751.758 1724.1 
568 2620 1455 13732.474 1719.397 
545 2614 1493 13751.361 1723.95 
619 2518 1457 13700.287 1715.944 
568 2594 1505 13765.375 1726.475 
625 2515 1465 13713.357 1718.142 
564 2623 1453 13732.533 1719.243 
562 2606 1486 13759.617 1725.11 
618 2522 1450 13706.632 1717.677 
544 2652 1435 13735.233 1720.571 
534 2626 1467 13752.986 1723.753 
559 2603 1493 13759.958 1725.868 
561 2599 1499 13750.97 1722.618 
550 2644 1438 13731.963 1720.088 
624 2516 1464 13713.809 1718.172 
549 2646 1442 13734.348 1720.314 
547 2621 1469 13765.541 1725.59 
620 2518 1453 13705.366 1716.79 
551 2646 1433 13735.449 1721.596 
617 2524 1455 13704.298 1716.211 
559 2632 1451 13738.439 1720.672 
561 2634 1445 13726.034 1719.93 
562 2625 1457 13735.784 1720.055 
561 2607 1484 13758.593 1724.914 
594 2550 1450 13707.797 1715.597 
568 2593 1506 13764.688 1726.339 
554 2642 1445 13731.829 1719.451 
631 2509 1463 13711.677 1717.831 
614 2535 1467 13715.45 1718.09 
541 2656 1426 13735.427 1720.343 
545 2651 1433 13728.613 1719.017 
542 2625 1480 13760.527 1724.996 
546 2648 1431 13731.455 1719.655 
558 2605 1488 13760.444 1724.941 
552 2639 1444 13736.453 1719.996 
545 2617 1486 13755.406 1723.97 
614 2545 1460 13729.839 1718.803 
552 2641 1439 13733.13 1719.454 
565 2604 1498 13766.871 1725.12 
557 2639 1442 13739.845 1721.154 
544 2621 1500 13762.053 1725.259 
541 2656 1429 13734.919 1721.129 
574 2581 1483 13750.398 1724.648 
548 2639 1448 13733.117 1720.762 
544 2649 1436 13728.693 1720.627 
563 2631 1456 13740.384 1720.098 
544 2649 1441 13738.348 1720.268 
547 2617 1479 13749.64 1724.332 
557 2637 1448 13738.69 1719.709 
555 2612 1495 13762.498 1725.264 
551 2641 1450 13738.886 1720.36 
549 2613 1484 13753.718 1724.855 
570 2626 1449 13737.19 1720.545 
617 2520 1471 13709.896 1717.372 
543 2661 1431 13733.867 1720.072 
539 2656 1431 13735.129 1720.63 
