372 1337 857 14052.558 1760.867 
359 1358 848 14058.21 1762.109 
352 1380 863 14111.845 1767.016 
365 1335 871 14068.906 1763.951 
362 1345 875 14046.836 1760.078 
358 1362 864 14089.6 1764.74 
380 1322 874 14065.648 1765.012 
357 1364 865 14091.07 1765.148 
345 1389 859 14098.532 1768.172 
299 1397 784 13969.282 1749.283 
298 1399 783 13970.341 1749.319 
383 1322 871 14060.526 1763.207 
365 1335 870 14068.966 1763.963 
370 1336 865 14058.975 1763.361 
353 1379 864 14112.729 1767.038 
374 1330 874 14066.848 1763.875 
344 1363 874 14061.596 1759.908 
357 1367 863 14085.204 1764.582 
374 1332 866 14044.832 1759.569 
373 1335 867 14071.456 1764.317 
371 1332 868 14060.705 1763.452 
350 1355 870 14051.394 1759.938 
335 1392 848 14079.085 1765.283 
369 1352 867 14082.247 1763.751 
376 1327 874 14064.953 1763.542 
340 1394 855 14096.328 1764.828 
355 1349 869 14061.615 1762.682 
351 1354 870 14051.706 1759.951 
380 1321 876 14064.621 1763.176 
373 1331 870 14049.205 1762.409 
381 1329 872 14074.328 1766.165 
369 1332 872 14065.037 1763.369 
352 1353 871 14052.225 1760.038 
348 1382 861 14073.605 1762.783 
365 1341 874 14066.406 1764.142 
355 1367 865 14097.451 1765.421 
355 1373 858 14098.285 1764.883 
354 1370 859 14097.221 1767.166 
362 1345 876 14045.208 1759.675 
364 1348 852 14076.102 1764.51 
353 1352 871 14051.764 1760.128 
362 1357 860 14077.924 1764.652 
366 1340 869 14059.859 1762.544 
347 1383 860 14072.146 1762.505 
357 1371 860 14099.63 1765.709 
370 1337 859 14065.338 1763.689 
359 1347 875 14068.613 1762.234 
381 1319 877 14063.412 1763.1 
383 1319 875 14062.346 1764.604 
348 1382 862 14074.112 1762.731 
370 1336 875 14051.4 1761.432 
342 1391 855 14096.014 1765.846 
385 1321 872 14066.001 1763.404 
376 1330 872 14069.342 1764.703 
371 1331 872 14058.853 1762.066 
355 1367 866 14095.21 1765.283 
356 1365 865 14089.264 1764.505 
366 1334 870 14068.797 1763.93 
356 1348 868 14061.668 1762.791 
361 1346 874 14045.303 1759.973 
356 1366 861 14089.358 1765.223 
