839 3935 2242 13769.131 1726.482 
871 3909 2235 13775.515 1725.038 
852 3942 2219 13781.789 1726.143 
852 3942 2191 13780.884 1726.983 
838 3936 2240 13768.359 1726.432 
852 3942 2240 13785.447 1725.674 
849 3941 2224 13783.718 1725.863 
858 3932 2238 13782.171 1726.365 
852 3939 2236 13787.106 1726.731 
862 3930 2221 13778.358 1725.166 
856 3933 2232 13781.676 1725.857 
854 3935 2241 13786.899 1727.182 
852 3942 2218 13782.015 1726.067 
840 3956 2214 13788.221 1727.451 
857 3934 2228 13777.272 1725.239 
848 3963 2211 13796.606 1727.801 
871 3921 2220 13777.021 1725.082 
839 3954 2217 13783.422 1726.132 
853 3937 2226 13783.863 1726.569 
862 3929 2239 13785.806 1726.455 
869 3903 2238 13768.499 1725.431 
858 3930 2237 13783.658 1727.601 
885 3898 2243 13778.362 1725.787 
847 3962 2211 13796.083 1727.99 
851 3950 2213 13786.423 1727.152 
835 3966 2207 13792.742 1727.693 
866 3924 2234 13787.417 1727.315 
861 3932 2226 13781.823 1725.338 
848 3952 2234 13794.094 1727.914 
868 3926 2243 13783.945 1727.419 
837 3937 2239 13767.896 1726.411 
861 3932 2221 13785.587 1725.937 
880 3915 2233 13792.934 1727.799 
891 3812 2201 13726.914 1720.347 
857 3931 2234 13782.856 1726.092 
883 3904 2236 13789.704 1727.648 
891 3811 2202 13726.537 1720.45 
855 3940 2212 13787.634 1726.78 
848 3953 2212 13784.985 1726.554 
884 3899 2234 13786.634 1726.684 
851 3942 2219 13794.653 1728.365 
864 3924 2231 13786.592 1727.606 
