1033 4524 2678 13761.895 1723.186 
1041 4524 2645 13769.628 1724.242 
1023 4518 2677 13756.394 1723.275 
1039 4531 2658 13764.163 1722.507 
991 4588 2640 13770.434 1724.224 
1022 4553 2669 13775.893 1724.15 
1033 4527 2675 13768.291 1722.822 
1029 4544 2665 13770.735 1724.151 
992 4587 2640 13770.317 1724.22 
1004 4568 2658 13766.797 1723.458 
1012 4574 2653 13774.447 1724.579 
1032 4531 2676 13769.982 1723.119 
1037 4528 2652 13769.921 1723.768 
1005 4555 2671 13758.749 1721.91 
1031 4541 2664 13768.616 1723.182 
1033 4539 2665 13768.481 1723.173 
1005 4567 2659 13766.901 1723.463 
1051 4519 2660 13767.046 1723.167 
1038 4526 2656 13769.057 1723.161 
1035 4533 2657 13765.359 1723.193 
1029 4551 2659 13774.17 1724.971 
1043 4509 2683 13758.442 1722.955 
1023 4559 2667 13780.692 1725.156 
1012 4563 2666 13769.623 1724.625 
1030 4550 2660 13774.647 1725.025 
1034 4538 2666 13768.505 1723.176 
1042 4511 2682 13760.164 1723.237 
999 4582 2653 13774.347 1724.474 
1039 4513 2676 13757.72 1723.038 
1042 4522 2653 13769.802 1723.59 
1043 4521 2661 13767.247 1723.346 
1037 4526 2669 13766.527 1723.119 
1038 4520 2676 13761.274 1723.633 
1006 4567 2661 13765.372 1722.839 
1037 4522 2667 13763.508 1723.133 
1038 4533 2644 13772.563 1724.197 
1011 4564 2665 13769.804 1724.657 
1013 4562 2667 13770.041 1724.664 
1033 4536 2667 13766.525 1724.213 
1023 4542 2670 13764.768 1725.367 
1004 4569 2659 13768.214 1723.426 
1041 4525 2656 13767.189 1723.144 
1023 4565 2663 13782.723 1725.469 
1006 4567 2660 13765.43 1722.851 
1009 4565 2668 13769.293 1724.681 
1028 4536 2672 13766.607 1723.433 
1053 4518 2673 13773.933 1724.265 
1034 4514 2680 13759.443 1723.219 
1032 4547 2663 13781.757 1725.451 
1031 4551 2643 13768.47 1724.981 
1030 4540 2668 13769.553 1723.508 
1034 4533 2664 13770.35 1723.822 
1041 4526 2666 13768.827 1722.983 
1035 4540 2644 13764.746 1724.316 
