172 749 460 14351.071 1802.632 
206 719 490 14395.949 1807.01 
173 748 460 14330.759 1797.13 
191 732 493 14411.055 1809.123 
189 745 481 14426.885 1808.142 
191 739 485 14421.748 1810.963 
177 746 458 14335.404 1799.455 
172 752 447 14325.711 1799.221 
196 730 485 14403.633 1808.033 
200 728 481 14395.72 1811.277 
190 745 480 14427.272 1808.214 
202 715 500 14393.594 1807.234 
199 728 486 14386.217 1809.095 
177 747 459 14327.871 1799.006 
196 732 491 14399.548 1809.79 
217 700 490 14350.197 1801.975 
206 721 491 14393.638 1804.19 
209 711 480 14351.877 1804.296 
168 757 441 14315.908 1797.398 
186 745 482 14425.421 1808.364 
208 716 491 14387.057 1806.684 
205 713 501 14396.048 1806.431 
205 712 502 14388.266 1804.461 
195 729 495 14397.733 1808.135 
213 705 486 14348.678 1799.212 
163 760 437 14310.103 1797.146 
205 720 489 14393.191 1806.773 
192 732 496 14385.889 1806.213 
213 703 482 14346.47 1802.111 
207 708 495 14355.219 1799.632 
192 741 474 14418.889 1812.945 
193 730 496 14409.575 1810.244 
210 699 493 14333.584 1804.229 
214 703 479 14349.054 1804.252 
169 754 447 14314.763 1797.491 
205 719 488 14396.38 1806.777 
192 731 495 14411.017 1810.366 
204 726 496 14422.684 1812.623 
213 705 483 14343.326 1800.538 
198 730 476 14388.288 1807.978 
196 731 497 14397.237 1805.811 
167 757 450 14349.692 1804.131 
206 711 503 14391.012 1804.817 
208 719 484 14383.795 1805.156 
217 701 477 14348.274 1800.436 
197 730 490 14388.315 1808.593 
213 714 478 14370.463 1801.792 
188 740 488 14408.151 1810.445 
211 702 492 14349.552 1804.041 
189 742 483 14424.64 1807.751 
172 750 459 14348.746 1802.348 
189 745 482 14426.579 1808.13 
190 738 486 14394.838 1807.492 
173 749 459 14327.193 1798.628 
170 751 459 14348.041 1802.278 
212 713 489 14382.432 1804.015 
204 714 499 14394.721 1805.534 
195 736 490 14420.94 1813.048 
