486 1997 1220 13913.427 1743.611 
517 1872 1152 13798.919 1729.93 
484 2001 1222 13911.509 1741.657 
442 2061 1193 13941.458 1748.001 
457 2051 1194 13954.288 1748.901 
440 2066 1184 13937.759 1747.136 
494 1984 1219 13904.977 1742.799 
445 2062 1187 13937.158 1747.205 
488 2001 1212 13918.944 1743.298 
479 2014 1216 13915.691 1742.504 
516 1879 1155 13809.545 1731.227 
522 1877 1149 13804.096 1729.121 
453 2055 1197 13956.409 1749.771 
506 1895 1152 13813.104 1729.734 
461 2041 1202 13947.337 1748.095 
463 2030 1203 13916.586 1743.195 
475 2018 1212 13914.372 1742.468 
444 2061 1189 13937.733 1747.094 
451 2059 1198 13945.297 1748.229 
516 1886 1144 13811.513 1729.933 
497 1904 1142 13810.76 1730.891 
515 1883 1146 13810.325 1730.315 
517 1877 1152 13798.643 1727.977 
510 1893 1152 13828.84 1732.7 
435 2070 1196 13943.984 1748.126 
473 2023 1207 13918.284 1743.952 
449 2056 1214 13950.038 1748.202 
450 2055 1215 13950.129 1748.219 
493 1992 1224 13917.411 1743.204 
458 2049 1195 13954.117 1749.005 
513 1891 1154 13825.035 1732.903 
487 2004 1219 13924.745 1744.559 
474 2020 1208 13919.63 1743.116 
483 2014 1212 13926.283 1745.295 
526 1871 1161 13808.176 1730.113 
515 1886 1148 13808.99 1729.951 
452 2059 1197 13945.412 1747.04 
516 1885 1147 13805.766 1730.003 
455 2050 1202 13953.339 1750.143 
460 2046 1210 13960.659 1750.15 
452 2052 1204 13941.076 1747.121 
510 1902 1145 13828.754 1733.339 
514 1891 1150 13808.092 1730.116 
483 1999 1223 13907.025 1741.284 
483 2012 1222 13926.611 1743.86 
486 2012 1216 13923.179 1743.146 
435 2068 1204 13947.283 1748.472 
517 1880 1143 13810.952 1731.013 
482 2000 1226 13907.465 1742.071 
491 1999 1220 13919.291 1743.042 
479 2017 1205 13918.818 1743.687 
515 1880 1155 13812.174 1731.205 
477 2017 1217 13916.369 1743.166 
434 2069 1203 13947.531 1748.285 
451 2060 1198 13946.895 1747.37 
523 1878 1144 13806.818 1729.979 
477 2019 1210 13920.389 1743.332 
473 2023 1205 13922.285 1744.624 
471 2028 1203 13922.919 1743.654 
449 2058 1213 13952.876 1748.509 
458 2049 1211 13946.781 1747.202 
475 2022 1207 13921.046 1743.941 
513 1889 1158 13821.579 1731.642 
514 1887 1156 13819.594 1731.515 
517 1881 1143 13808.788 1729.036 
512 1893 1158 13826.885 1732.673 
491 1995 1225 13914.498 1743.099 
441 2065 1200 13946.359 1748.825 
472 2031 1202 13927.467 1744.578 
472 2025 1208 13921.095 1744.513 
494 1992 1221 13916.466 1742.529 
516 1882 1154 13803.958 1729.243 
510 1898 1150 13830.968 1732.993 
506 1897 1151 13826.069 1732.064 
487 2004 1218 13924.784 1744.567 
