641 3326 1857 13764.809 1722.863 
661 3309 1865 13768.156 1724.728 
683 3264 1893 13745.397 1720.132 
655 3318 1869 13769.256 1723.508 
668 3295 1877 13759.129 1723.127 
670 3281 1880 13751.28 1720.556 
638 3316 1884 13758.662 1721.499 
733 3234 1842 13755.386 1723.968 
685 3266 1879 13750.576 1720.833 
684 3260 1893 13753.207 1721.912 
670 3282 1869 13755.107 1723.472 
733 3235 1841 13756.004 1724.009 
659 3300 1897 13763.833 1722.504 
675 3267 1897 13754.976 1721.454 
765 3210 1860 13746.273 1721.649 
734 3237 1838 13751.769 1722.22 
664 3306 1867 13767.708 1724.201 
674 3278 1907 13762.878 1723.24 
785 3179 1845 13730.587 1719.648 
657 3314 1872 13764.571 1723.389 
728 3245 1839 13758.811 1723.355 
725 3241 1845 13744.412 1721.017 
658 3309 1895 13774.109 1722.85 
662 3284 1895 13752.383 1721.725 
655 3302 1905 13764.687 1722.002 
665 3291 1888 13760.97 1721.615 
686 3248 1887 13744.336 1722.043 
730 3241 1825 13749.38 1722.9 
738 3237 1840 13744.756 1720.877 
669 3296 1875 13766.109 1724.339 
674 3279 1883 13753.158 1720.569 
656 3302 1905 13764.664 1721.998 
657 3311 1894 13774.691 1722.768 
771 3189 1868 13737.606 1721.813 
642 3325 1857 13764.774 1722.859 
660 3299 1897 13763.687 1722.49 
789 3164 1863 13725.167 1719.555 
764 3214 1868 13753.831 1722.897 
678 3271 1886 13755.345 1721.591 
742 3234 1848 13750.203 1722.546 
665 3294 1887 13759.134 1722.684 
665 3305 1868 13768.095 1724.298 
775 3191 1853 13744.644 1722.125 
655 3322 1878 13768.57 1724.263 
749 3230 1859 13750.564 1722.295 
681 3261 1897 13747.96 1721.338 
685 3253 1890 13744.333 1719.462 
735 3236 1838 13751.892 1722.232 
732 3239 1834 13753.517 1722.85 
784 3167 1852 13721.109 1718.969 
770 3203 1863 13741.851 1721.29 
677 3273 1894 13760.482 1722.864 
670 3280 1897 13762.728 1724.103 
668 3283 1878 13752.966 1720.691 
660 3294 1899 13760.169 1721.564 
730 3236 1843 13733.537 1720.564 
766 3210 1854 13745.703 1721.964 
652 3323 1878 13774.128 1723.814 
658 3303 1902 13768.48 1722.407 
791 3161 1859 13726.219 1720.011 
657 3314 1871 13765.161 1723.497 
771 3187 1868 13742.032 1721.631 
736 3240 1837 13745.685 1721.051 
783 3179 1867 13736.117 1720.703 
772 3193 1871 13742.79 1721.053 
764 3204 1870 13750.618 1724.229 
776 3188 1873 13740.223 1722.9 
664 3295 1893 13767.466 1723.123 
773 3209 1862 13749.789 1722.979 
769 3206 1884 13752.453 1723.666 
763 3228 1883 13765.667 1724.511 
782 3192 1857 13742.208 1721.83 
780 3182 1859 13737.065 1720.229 
668 3284 1885 13756.876 1720.545 
658 3308 1891 13776.572 1723.859 
