1008 4466 2576 13715.517 1718.024 
1007 4468 2575 13716.226 1718.355 
1025 4447 2570 13696.699 1713.664 
847 4527 2377 13631.29 1703.099 
1001 4448 2582 13689.815 1713.736 
1024 4448 2569 13696.51 1713.639 
1020 4430 2587 13683.73 1712.423 
1021 4444 2561 13699.45 1713.99 
1025 4411 2586 13680.935 1711.973 
1020 4430 2586 13684.055 1712.505 
1003 4447 2583 13689.32 1713.651 
842 4542 2381 13642.683 1705.099 
1001 4437 2585 13688.609 1713.029 
1007 4442 2595 13684.748 1712.821 
1010 4424 2589 13689.863 1712.816 
841 4548 2380 13640.26 1704.763 
1027 4445 2563 13691.945 1714.63 
844 4545 2379 13640.544 1704.699 
1010 4462 2581 13702.252 1714.141 
1003 4433 2587 13686.657 1712.513 
832 4558 2373 13640.135 1704.918 
980 4523 2563 13713.67 1715.216 
831 4560 2371 13639.942 1704.886 
1004 4427 2591 13685.576 1712.366 
1018 4465 2578 13703.386 1714.139 
999 4487 2575 13711.62 1715.68 
1015 4434 2581 13688.286 1713.327 
846 4528 2381 13632.789 1703.537 
1004 4484 2542 13708.494 1715.758 
1009 4441 2579 13698.168 1714.601 
998 4512 2576 13720.896 1716.46 
1009 4465 2576 13715.376 1718.03 
997 4475 2577 13712.577 1716.62 
1001 4451 2597 13687.044 1713.237 
1031 4426 2566 13683.658 1714.176 
844 4533 2380 13634.089 1703.903 
835 4549 2376 13640.83 1704.571 
1003 4478 2576 13708.8 1714.77 
843 4546 2387 13641.97 1705.139 
1004 4446 2584 13689.573 1713.752 
1023 4450 2569 13697.199 1713.744 
1020 4442 2574 13699.282 1714.776 
1031 4437 2565 13690.795 1714.814 
1038 4425 2572 13687.196 1714.509 
845 4538 2376 13636.525 1704.244 
834 4551 2364 13636.004 1704.404 
982 4525 2559 13711.344 1715.117 
996 4512 2589 13723.496 1716.861 
1010 4440 2580 13698.159 1714.595 
1017 4472 2576 13711.233 1715.346 
984 4522 2574 13719.546 1715.747 
1004 4448 2582 13690.494 1713.215 
990 4506 2594 13712.582 1714.723 
1002 4477 2543 13698.823 1715.541 
997 4506 2575 13717.583 1716.711 
1020 4445 2562 13699.9 1714.015 
1014 4433 2589 13683.732 1712.425 
1022 4450 2560 13703.412 1714.863 
1001 4494 2572 13715.069 1716.361 
