886 3861 2248 13764.644 1722.638 
880 3876 2246 13771.435 1724.661 
858 3908 2248 13773.93 1724.038 
761 4019 2094 13760.813 1721.301 
884 3856 2257 13762.933 1723.48 
799 3979 2157 13773.337 1723.774 
832 3920 2256 13773.407 1723.099 
808 3972 2152 13776.472 1724.5 
855 3905 2222 13781.774 1725.872 
868 3895 2235 13778.034 1722.896 
783 4005 2132 13770.685 1724.234 
779 3998 2155 13773.057 1723.195 
833 3919 2257 13773.544 1723.123 
883 3857 2256 13762.8 1723.476 
839 3912 2254 13771.436 1723.303 
835 3934 2235 13777.556 1724.771 
835 3909 2260 13769.118 1722.683 
898 3858 2233 13766.31 1722.529 
882 3863 2247 13763.227 1724.226 
885 3864 2240 13765.173 1723.507 
876 3891 2257 13777.006 1724.81 
831 3951 2216 13789.653 1726.209 
860 3901 2249 13769.799 1725.141 
838 3947 2222 13792.645 1726.483 
857 3925 2253 13784.825 1724.938 
859 3903 2257 13771.802 1723.593 
813 3970 2154 13776.243 1724.42 
834 3952 2214 13792.147 1726.662 
778 3996 2154 13771.103 1723.767 
785 3990 2141 13767.447 1723.189 
876 3891 2258 13777.014 1724.809 
783 3984 2152 13762.597 1722.565 
835 3951 2215 13792.086 1726.654 
827 3962 2179 13779.028 1724.627 
867 3896 2235 13778.209 1722.914 
831 3930 2247 13787.091 1725.766 
892 3871 2237 13771.218 1722.605 
887 3876 2239 13764.844 1723.141 
862 3901 2250 13773.515 1724.394 
866 3900 2242 13777.662 1724.353 
867 3900 2228 13785.115 1723.462 
843 3919 2241 13781.491 1725.545 
882 3881 2231 13762.863 1722.876 
888 3899 2229 13782.536 1724.696 
867 3904 2220 13769.875 1721.619 
878 3890 2254 13777.96 1724.905 
870 3875 2263 13766.096 1723.101 
850 3904 2254 13768.442 1724.104 
848 3932 2219 13792.999 1726.702 
833 3919 2259 13773.485 1723.114 
864 3910 2243 13785.859 1724.585 
870 3900 2224 13767.696 1722.634 
882 3884 2244 13772.793 1721.898 
772 4014 2129 13771.259 1724.365 
774 4007 2150 13768.924 1723.349 
826 3962 2178 13779.262 1724.77 
782 3994 2145 13767.045 1723.438 
788 3984 2142 13766.845 1723.187 
906 3810 2253 13748.069 1720.929 
877 3897 2246 13777.076 1724.005 
853 3928 2236 13791.989 1726.941 
853 3903 2260 13766.025 1722.393 
868 3902 2247 13775.152 1723.979 
848 3930 2234 13784.449 1724.879 
845 3938 2231 13785.453 1725.252 
837 3949 2222 13793.53 1726.58 
893 3844 2234 13755.701 1720.114 
868 3903 2246 13775.583 1724.011 
843 3915 2237 13780.996 1726.637 
785 3993 2139 13766.47 1722.951 
881 3888 2237 13782.515 1723.429 
