626 2739 1597 13960.319 1749.562 
694 2656 1641 13965.775 1751.853 
664 2713 1625 13992.381 1755.078 
696 2655 1639 13967.664 1752.553 
627 2738 1598 13961.004 1749.564 
659 2723 1633 13987.687 1753.713 
628 2734 1597 13963.474 1749.892 
625 2732 1599 13958.905 1750.0 
659 2719 1637 13994.969 1755.046 
666 2709 1636 13985.906 1753.915 
687 2678 1652 13984.179 1753.487 
659 2723 1632 13988.17 1753.725 
675 2699 1643 13989.073 1754.344 
662 2714 1639 13992.751 1754.465 
665 2721 1633 13994.097 1754.888 
675 2698 1649 13988.999 1754.355 
687 2681 1648 13981.683 1753.813 
623 2739 1593 13957.948 1749.682 
612 2759 1593 13962.182 1749.995 
661 2704 1648 13979.741 1752.161 
692 2674 1649 13981.472 1754.386 
663 2705 1643 13982.861 1753.19 
679 2698 1646 13995.827 1754.54 
680 2685 1658 13985.649 1753.259 
696 2656 1635 13961.285 1751.321 
621 2749 1594 13963.136 1750.763 
682 2695 1635 13984.514 1754.997 
615 2752 1595 13958.574 1749.527 
617 2752 1592 13962.695 1750.916 
616 2749 1596 13958.451 1749.717 
693 2678 1651 13985.01 1753.89 
668 2709 1636 13985.642 1753.234 
692 2678 1649 13982.85 1754.278 
662 2708 1649 13978.734 1752.21 
666 2705 1639 13978.517 1753.498 
696 2654 1640 13966.597 1752.373 
619 2751 1595 13963.625 1750.059 
682 2690 1650 13990.298 1753.715 
681 2691 1646 13987.601 1754.307 
672 2700 1639 13987.444 1754.193 
673 2693 1657 13985.661 1753.5 
672 2698 1656 13989.044 1754.066 
631 2727 1603 13958.199 1748.617 
678 2695 1654 13991.707 1754.421 
681 2689 1639 13990.413 1754.039 
679 2692 1657 13991.419 1754.266 
664 2718 1639 13988.912 1754.103 
684 2691 1654 13989.447 1753.945 
685 2679 1655 13983.278 1752.492 
679 2697 1654 13992.103 1754.328 
663 2720 1638 13990.724 1754.229 
667 2702 1650 13988.595 1753.571 
670 2704 1647 13990.591 1754.46 
618 2752 1594 13963.636 1750.05 
667 2700 1654 13986.312 1754.022 
664 2706 1644 13982.065 1753.857 
673 2708 1637 13995.176 1754.637 
681 2692 1649 13991.411 1753.853 
627 2728 1602 13954.917 1748.348 
693 2678 1651 13980.96 1754.776 
