1128 5119 2834 13684.754 1714.084 
1125 5122 2844 13684.331 1713.92 
1084 5180 2886 13703.39 1713.855 
1133 5030 2903 13650.505 1708.993 
1061 5201 2849 13700.598 1714.491 
1123 5113 2853 13685.05 1714.445 
1128 5110 2851 13683.715 1714.105 
1112 5158 2892 13702.32 1714.507 
1116 5125 2911 13693.74 1713.383 
1076 5185 2889 13701.434 1714.26 
1090 5174 2881 13698.696 1713.021 
1149 5053 2872 13673.618 1712.393 
1148 5064 2876 13675.679 1712.296 
1061 5202 2848 13700.721 1714.42 
1086 5168 2883 13704.083 1712.899 
1119 5121 2882 13690.42 1712.776 
1125 5084 2905 13676.075 1711.96 
1119 5085 2895 13676.293 1711.885 
1122 5092 2877 13682.839 1713.096 
1103 5143 2902 13701.484 1714.894 
1150 5066 2870 13675.618 1712.396 
1143 5069 2880 13677.794 1712.736 
1133 5104 2862 13689.142 1713.515 
1127 5115 2857 13686.973 1713.514 
1115 5139 2908 13709.379 1715.642 
1121 5122 2858 13692.059 1715.129 
1151 5052 2854 13663.403 1710.881 
1079 5200 2877 13711.69 1715.42 
1131 5062 2907 13667.333 1710.951 
1142 5070 2883 13678.226 1712.764 
1131 5044 2911 13658.865 1709.703 
1078 5174 2900 13698.871 1713.227 
1093 5167 2882 13698.513 1713.495 
1142 5072 2876 13677.852 1712.846 
1132 5104 2870 13685.672 1714.849 
1133 5104 2861 13689.167 1713.515 
1127 5076 2892 13670.758 1711.255 
1127 5074 2904 13667.18 1710.848 
1131 5110 2849 13683.688 1713.885 
1079 5173 2900 13698.986 1713.229 
1087 5169 2886 13699.839 1713.694 
1131 5107 2856 13689.836 1714.656 
1135 5091 2839 13676.139 1712.17 
1140 5078 2860 13679.715 1713.329 
1089 5169 2885 13700.171 1713.364 
1092 5172 2880 13707.699 1713.334 
1125 5122 2842 13685.202 1713.909 
1122 5135 2847 13685.853 1714.061 
1121 5110 2873 13684.159 1714.869 
1130 5114 2870 13694.644 1713.759 
1120 5129 2847 13695.682 1713.919 
1127 5119 2842 13684.333 1713.863 
1110 5137 2925 13696.838 1713.175 
1134 5054 2888 13664.539 1710.527 
1135 5051 2887 13663.271 1710.344 
1104 5145 2908 13703.907 1714.232 
1139 5079 2874 13678.047 1713.328 
1134 5094 2839 13680.012 1712.048 
1145 5077 2860 13682.261 1713.359 
1122 5136 2847 13685.877 1714.011 
1116 5135 2893 13696.488 1714.315 
1143 5069 2881 13677.712 1712.733 
1124 5146 2845 13694.527 1714.955 
1103 5161 2905 13704.16 1713.772 
1078 5168 2891 13697.64 1713.353 
1114 5141 2906 13709.693 1715.747 
1114 5140 2907 13708.635 1715.573 
