747 3328 1894 13828.575 1733.645 
714 3384 1883 13839.055 1735.833 
757 3311 1920 13835.583 1732.528 
735 3341 1903 13835.066 1734.493 
701 3413 1853 13840.482 1735.232 
744 3328 1907 13831.268 1732.455 
748 3332 1895 13832.978 1732.245 
731 3338 1906 13830.217 1733.519 
731 3341 1905 13831.699 1733.606 
781 3256 1893 13800.885 1730.158 
777 3279 1919 13819.163 1732.078 
731 3324 1909 13815.785 1732.318 
713 3408 1863 13852.008 1737.722 
766 3303 1913 13827.28 1733.091 
749 3322 1913 13837.865 1734.795 
729 3377 1892 13847.861 1735.691 
728 3378 1873 13847.664 1737.536 
716 3390 1877 13843.086 1736.067 
706 3414 1851 13847.607 1736.199 
756 3326 1894 13833.586 1732.462 
758 3320 1893 13825.076 1732.473 
749 3327 1894 13830.007 1733.745 
757 3312 1919 13836.085 1732.547 
768 3310 1913 13828.803 1732.114 
768 3314 1896 13828.637 1733.307 
778 3293 1905 13818.901 1731.149 
716 3405 1855 13848.005 1734.776 
729 3371 1893 13853.928 1738.358 
735 3375 1871 13842.647 1736.971 
753 3332 1871 13818.111 1733.152 
718 3383 1886 13842.899 1736.456 
748 3355 1887 13840.862 1735.861 
724 3384 1867 13846.699 1737.127 
722 3391 1864 13848.127 1736.707 
787 3279 1900 13810.172 1730.094 
719 3387 1864 13843.551 1736.864 
772 3282 1919 13816.76 1731.804 
765 3299 1902 13828.763 1733.307 
716 3405 1854 13848.343 1734.833 
717 3407 1852 13854.564 1737.278 
731 3373 1886 13846.783 1736.522 
755 3330 1889 13836.517 1734.9 
731 3381 1870 13855.59 1736.639 
764 3307 1903 13827.527 1732.913 
715 3397 1873 13850.296 1737.255 
768 3317 1891 13829.126 1732.939 
708 3414 1846 13860.817 1739.045 
761 3319 1914 13834.468 1733.416 
769 3295 1909 13822.215 1731.733 
773 3298 1914 13821.498 1731.35 
731 3368 1896 13850.926 1736.347 
756 3325 1894 13833.775 1732.524 
756 3316 1919 13839.173 1733.162 
749 3343 1886 13836.821 1734.805 
753 3320 1897 13823.504 1731.042 
709 3410 1860 13848.714 1736.337 
709 3412 1849 13850.469 1735.402 
749 3348 1881 13832.203 1734.191 
747 3357 1887 13850.83 1736.976 
711 3392 1885 13847.454 1736.175 
720 3377 1882 13837.42 1736.757 
769 3306 1904 13820.99 1731.063 
731 3377 1889 13836.919 1733.197 
718 3400 1869 13854.808 1737.81 
723 3390 1868 13843.449 1735.311 
724 3382 1882 13846.743 1736.247 
742 3367 1886 13851.766 1737.258 
749 3330 1890 13832.185 1734.988 
734 3374 1886 13842.901 1735.521 
752 3322 1902 13822.86 1733.004 
741 3356 1894 13844.718 1736.073 
738 3369 1873 13831.477 1732.303 
718 3404 1857 13848.095 1734.757 
749 3367 1879 13855.955 1736.783 
