1090 5199 2859 13696.906 1716.868 
1058 5204 2828 13685.577 1714.59 
1068 5202 2807 13679.201 1713.501 
1124 5108 2884 13682.103 1713.185 
1123 5132 2848 13692.01 1713.837 
1159 5108 2846 13695.074 1713.748 
1138 5071 2897 13680.473 1712.739 
1108 5166 2875 13692.935 1715.708 
1160 5026 2866 13673.285 1709.641 
1173 5094 2861 13696.909 1713.289 
1144 5115 2864 13707.737 1715.903 
1134 5086 2908 13679.883 1712.25 
1147 5054 2886 13673.033 1712.047 
1156 5077 2866 13690.393 1713.409 
1103 5179 2852 13697.098 1716.81 
1154 5100 2866 13700.27 1714.04 
1122 5153 2838 13703.476 1713.949 
1130 5087 2893 13681.871 1713.682 
1129 5128 2842 13695.673 1712.907 
1141 5073 2900 13679.053 1713.06 
1132 5129 2836 13696.185 1713.859 
1125 5102 2910 13684.8 1713.304 
1155 5105 2851 13693.66 1714.259 
1133 5087 2907 13679.59 1712.225 
1099 5195 2870 13700.589 1716.79 
1129 5089 2894 13682.851 1713.817 
1174 5092 2862 13696.444 1713.191 
1129 5129 2841 13695.866 1712.987 
1106 5171 2877 13699.382 1715.854 
1101 5179 2881 13696.016 1715.885 
1134 5085 2892 13684.544 1713.33 
1130 5106 2890 13689.534 1714.677 
1138 5078 2887 13679.235 1713.096 
1135 5090 2886 13682.478 1712.121 
1091 5199 2860 13697.253 1716.833 
1140 5065 2905 13680.759 1713.577 
1065 5210 2809 13682.266 1714.312 
1121 5128 2869 13693.855 1714.483 
1157 5095 2859 13690.923 1713.99 
1119 5121 2883 13687.895 1713.547 
1146 5061 2881 13673.53 1712.002 
1154 5057 2879 13679.384 1711.929 
1154 5098 2862 13696.452 1714.842 
1126 5142 2841 13701.479 1713.254 
1112 5176 2872 13698.982 1717.067 
1120 5144 2861 13695.829 1712.99 
1148 5053 2887 13673.22 1712.058 
1130 5132 2857 13694.044 1713.106 
1106 5170 2878 13699.284 1715.811 
1120 5145 2860 13695.793 1712.983 
1148 5060 2883 13674.104 1712.028 
1111 5144 2875 13693.867 1713.832 
1120 5151 2882 13690.099 1715.052 
1140 5083 2888 13681.092 1713.033 
1157 5096 2847 13689.127 1713.559 
1118 5138 2875 13698.981 1714.316 
1152 5127 2875 13705.061 1715.655 
1122 5130 2883 13686.07 1713.675 
1153 5102 2866 13700.426 1714.065 
1129 5133 2830 13698.816 1713.603 
1133 5128 2837 13696.437 1713.898 
1112 5176 2871 13698.989 1717.067 
