158 733 482 14223.278 1790.237 
188 699 508 14256.0 1790.799 
206 682 495 14201.178 1784.442 
175 724 506 14303.245 1794.484 
191 711 495 14311.277 1797.415 
175 728 502 14319.506 1794.808 
214 672 490 14172.031 1781.397 
206 683 487 14184.868 1784.329 
166 731 480 14247.334 1793.362 
182 707 510 14262.061 1791.114 
178 713 508 14275.058 1794.532 
198 704 503 14294.686 1796.193 
206 678 503 14181.866 1784.421 
211 675 496 14192.326 1784.102 
159 741 473 14250.984 1793.607 
210 676 497 14195.878 1784.761 
184 718 499 14287.88 1794.76 
176 726 504 14320.232 1795.575 
180 723 495 14293.977 1794.686 
179 721 499 14289.867 1796.22 
196 707 502 14293.444 1794.834 
207 674 502 14178.478 1783.548 
164 736 480 14268.593 1794.164 
215 672 491 14168.658 1780.484 
188 714 501 14310.834 1796.977 
212 680 493 14198.228 1783.171 
164 731 486 14262.456 1795.912 
161 736 477 14269.633 1794.287 
187 721 493 14322.224 1800.337 
194 709 500 14300.267 1796.083 
191 715 502 14308.601 1797.147 
195 708 498 14290.763 1796.41 
184 721 495 14321.08 1800.226 
189 713 499 14314.531 1799.695 
165 735 478 14253.462 1795.201 
160 743 480 14268.769 1793.336 
190 709 502 14310.552 1797.179 
201 698 503 14281.433 1795.394 
207 676 500 14175.891 1782.852 
206 680 502 14201.595 1785.42 
192 708 500 14311.968 1798.655 
182 720 497 14309.785 1797.988 
192 708 503 14312.201 1797.599 
178 722 507 14315.574 1796.221 
197 706 503 14299.925 1797.292 
213 664 501 14168.274 1782.571 
173 729 504 14314.342 1797.022 
187 718 496 14314.296 1799.772 
158 732 482 14240.731 1793.132 
212 672 501 14170.998 1782.662 
178 722 506 14314.354 1796.887 
181 725 488 14293.026 1796.662 
215 662 497 14142.29 1779.573 
192 713 502 14299.398 1795.881 
190 714 504 14308.361 1797.079 
211 669 503 14177.713 1781.8 
206 680 497 14191.424 1785.858 
187 700 508 14258.281 1791.075 
199 703 507 14294.063 1797.799 
163 731 488 14277.333 1791.151 
180 718 502 14314.581 1799.84 
170 730 494 14276.449 1796.042 
191 705 505 14281.701 1790.179 
184 720 507 14290.117 1794.163 
178 726 495 14299.485 1798.18 
212 671 499 14200.547 1783.074 
176 723 500 14292.258 1797.682 
211 681 491 14197.503 1783.103 
175 730 490 14319.459 1800.715 
183 718 507 14298.483 1792.22 
181 720 504 14294.798 1794.181 
200 702 506 14294.583 1797.077 
188 711 505 14292.924 1796.123 
213 669 494 14188.575 1784.02 
208 676 498 14193.008 1783.024 
200 702 505 14300.199 1797.503 
184 719 497 14300.853 1797.724 
204 697 509 14298.01 1795.031 
