523 2033 1296 13991.444 1752.993 
482 2072 1263 14002.74 1752.474 
540 1992 1302 13968.42 1748.514 
499 2055 1283 14003.87 1751.357 
541 1992 1300 13968.959 1748.544 
498 2054 1291 14011.29 1753.498 
488 2066 1275 13996.277 1751.487 
487 2064 1264 13996.435 1751.187 
536 1995 1305 13974.336 1749.309 
525 2027 1290 13989.994 1752.327 
523 2033 1296 13991.667 1752.988 
534 2007 1295 13977.112 1750.299 
509 2024 1307 13990.076 1753.059 
534 1997 1306 13975.694 1750.241 
536 1999 1303 13974.539 1749.601 
497 2059 1287 14012.55 1752.419 
513 2032 1301 13995.256 1752.002 
528 2029 1292 13990.869 1752.128 
501 2052 1298 14010.097 1753.983 
520 2018 1308 13991.259 1753.157 
538 1995 1292 13962.706 1747.354 
488 2066 1274 13996.342 1751.665 
538 1995 1297 13963.2 1747.22 
507 2049 1305 14007.921 1753.73 
541 1979 1309 13960.915 1748.279 
508 2041 1308 14002.03 1752.447 
514 2018 1315 13982.37 1751.671 
529 1995 1313 13973.471 1749.675 
526 2005 1308 13973.099 1750.552 
529 2021 1295 13981.499 1750.967 
537 1992 1307 13966.293 1748.805 
521 2032 1298 13989.48 1752.526 
530 2019 1306 13992.107 1753.757 
486 2067 1291 14002.559 1752.772 
500 2051 1308 14016.754 1755.529 
512 2039 1297 13999.556 1752.581 
512 2033 1302 13996.176 1752.093 
509 2041 1291 13987.063 1752.204 
489 2065 1275 13996.186 1751.657 
518 2020 1311 13994.772 1753.391 
526 2026 1291 13989.981 1752.327 
497 2055 1295 14002.159 1753.52 
535 1991 1287 13967.934 1750.877 
498 2055 1282 14003.04 1751.422 
538 2009 1290 13977.328 1749.685 
526 2027 1296 13985.439 1752.259 
532 2012 1297 13978.434 1749.79 
