714 3240 1913 13753.989 1727.032 
648 3289 1776 13718.768 1718.573 
778 3163 1928 13725.927 1723.962 
729 3234 1857 13736.945 1727.058 
756 3218 1906 13754.5 1726.513 
713 3246 1911 13748.289 1725.958 
724 3239 1910 13755.448 1727.353 
653 3288 1781 13721.13 1719.71 
726 3247 1903 13762.475 1728.738 
762 3188 1922 13741.239 1725.611 
714 3254 1910 13748.834 1726.445 
655 3276 1782 13716.304 1718.836 
765 3172 1922 13723.989 1723.503 
768 3184 1914 13743.91 1724.73 
757 3216 1907 13753.793 1726.494 
713 3254 1907 13757.94 1727.749 
773 3179 1897 13730.135 1723.642 
752 3223 1894 13751.28 1726.365 
746 3208 1918 13749.045 1725.865 
747 3207 1920 13749.423 1725.894 
747 3229 1887 13741.329 1724.368 
655 3278 1775 13712.072 1718.585 
770 3168 1914 13730.248 1723.643 
750 3227 1880 13747.199 1725.256 
723 3240 1909 13755.604 1727.38 
766 3191 1890 13734.682 1722.74 
722 3249 1908 13745.739 1726.089 
725 3224 1916 13744.525 1727.458 
724 3225 1916 13744.447 1727.443 
736 3218 1927 13754.44 1725.818 
773 3166 1907 13723.508 1721.565 
774 3165 1908 13723.4 1721.564 
763 3213 1907 13753.738 1725.337 
725 3249 1902 13760.349 1728.837 
660 3277 1773 13718.796 1718.558 
728 3231 1911 13749.616 1726.507 
770 3174 1925 13721.068 1723.663 
658 3276 1780 13713.929 1718.657 
758 3194 1937 13749.246 1724.87 
715 3238 1915 13747.047 1725.656 
779 3162 1929 13726.595 1723.935 
718 3238 1911 13749.505 1727.619 
769 3183 1915 13744.287 1724.79 
751 3204 1917 13746.696 1725.116 
651 3285 1788 13721.702 1718.639 
773 3182 1894 13719.467 1721.915 
725 3234 1914 13751.101 1726.577 
741 3220 1898 13748.878 1726.788 
646 3289 1778 13718.054 1718.662 
739 3212 1928 13750.526 1725.035 
749 3223 1905 13748.925 1725.96 
766 3169 1922 13722.289 1723.422 
725 3248 1904 13762.843 1728.792 
749 3229 1879 13747.417 1725.159 
782 3156 1909 13721.686 1722.435 
651 3284 1789 13721.286 1718.507 
652 3282 1783 13718.627 1718.963 
665 3275 1785 13718.25 1718.166 
656 3275 1778 13719.661 1718.432 
715 3262 1891 13760.899 1728.525 
762 3201 1894 13745.322 1725.598 
756 3221 1878 13745.387 1724.709 
743 3227 1889 13743.109 1724.633 
646 3293 1776 13721.793 1719.244 
740 3227 1891 13747.848 1724.447 
730 3228 1889 13746.511 1726.56 
761 3215 1914 13753.875 1724.409 
641 3297 1776 13719.02 1718.202 
643 3295 1773 13720.767 1719.125 
644 3294 1774 13720.703 1719.026 
766 3196 1899 13727.94 1721.991 
735 3223 1926 13757.586 1726.995 
739 3236 1875 13738.871 1723.967 
645 3291 1779 13718.781 1718.698 
764 3182 1930 13742.731 1725.239 
647 3291 1773 13716.977 1718.286 
708 3259 1898 13753.312 1726.555 
711 3249 1912 13758.573 1726.765 
765 3212 1914 13753.332 1724.108 
738 3241 1868 13747.011 1723.674 
709 3258 1899 13753.79 1726.662 
736 3221 1920 13750.043 1726.56 
