525 2706 1448 13790.168 1728.453 
623 2591 1576 13812.583 1730.767 
585 2656 1512 13804.212 1730.22 
579 2678 1520 13831.905 1734.571 
616 2599 1586 13795.213 1728.047 
601 2635 1569 13817.518 1732.118 
584 2657 1520 13817.093 1732.896 
595 2650 1553 13823.944 1733.92 
601 2638 1567 13817.051 1733.073 
561 2696 1491 13831.913 1733.208 
557 2695 1500 13826.066 1732.226 
565 2683 1506 13822.473 1733.257 
576 2675 1523 13823.075 1733.794 
575 2680 1516 13828.514 1733.907 
600 2633 1575 13811.239 1732.083 
580 2677 1520 13831.925 1734.576 
570 2684 1496 13830.906 1732.873 
602 2640 1552 13821.813 1732.854 
519 2710 1428 13782.307 1728.91 
611 2628 1587 13830.328 1736.649 
617 2611 1585 13825.02 1734.505 
605 2633 1566 13820.549 1734.111 
565 2692 1492 13833.016 1733.123 
563 2695 1493 13833.127 1733.468 
612 2615 1579 13815.344 1732.178 
563 2699 1483 13823.316 1731.981 
636 2557 1563 13787.325 1727.656 
604 2632 1571 13817.72 1733.021 
583 2651 1557 13811.343 1733.446 
594 2652 1553 13824.855 1733.971 
571 2688 1494 13828.632 1733.018 
559 2695 1495 13834.76 1734.757 
518 2711 1428 13781.988 1728.893 
557 2697 1489 13826.473 1733.002 
582 2659 1521 13810.308 1731.321 
613 2616 1554 13814.783 1734.784 
603 2636 1562 13810.143 1731.816 
629 2590 1591 13819.862 1732.758 
591 2647 1540 13828.876 1733.66 
625 2592 1585 13809.503 1732.403 
584 2651 1557 13810.598 1734.608 
634 2579 1590 13809.553 1731.323 
568 2688 1492 13832.714 1733.377 
564 2689 1504 13830.536 1732.929 
566 2694 1503 13832.778 1733.342 
573 2682 1497 13823.537 1731.227 
585 2654 1531 13828.935 1733.258 
570 2689 1495 13827.318 1732.242 
623 2596 1589 13809.996 1732.057 
569 2687 1493 13833.763 1732.903 
600 2642 1563 13821.807 1732.584 
588 2646 1556 13806.307 1730.76 
569 2688 1493 13829.241 1733.08 
624 2593 1582 13805.836 1731.748 
560 2697 1491 13827.253 1731.797 
564 2698 1483 13822.994 1731.92 
577 2662 1549 13813.24 1732.859 
555 2701 1485 13821.029 1731.521 
619 2603 1581 13820.619 1733.803 
581 2662 1530 13829.657 1733.154 
549 2704 1491 13821.386 1732.423 
572 2683 1496 13823.151 1731.176 
586 2647 1556 13812.219 1733.69 
571 2685 1494 13833.026 1732.918 
585 2654 1532 13828.878 1733.257 
604 2633 1572 13815.652 1732.252 
630 2586 1588 13807.783 1731.681 
624 2592 1587 13811.003 1732.25 
588 2653 1545 13818.535 1735.11 
587 2655 1563 13822.313 1733.354 
596 2645 1581 13830.226 1735.861 
