161 729 457 14191.984 1779.841 
198 682 454 14211.285 1790.689 
131 743 425 14100.172 1768.586 
160 734 450 14201.739 1783.186 
191 685 472 14147.615 1782.825 
191 687 461 14191.468 1790.823 
167 726 458 14190.86 1780.695 
195 683 463 14185.202 1789.23 
203 673 468 14170.528 1785.664 
195 681 467 14190.527 1791.957 
191 686 466 14190.637 1791.021 
193 685 463 14183.841 1787.88 
192 683 471 14192.668 1791.98 
158 739 454 14217.221 1785.257 
159 735 447 14209.711 1785.32 
159 735 450 14201.551 1783.152 
192 683 476 14168.584 1788.355 
191 692 459 14199.255 1793.313 
197 682 482 14198.659 1790.936 
161 731 456 14205.086 1781.836 
156 741 453 14222.39 1784.248 
194 684 470 14172.791 1786.155 
194 686 466 14185.551 1786.324 
207 668 468 14186.81 1788.247 
163 730 454 14198.495 1784.316 
193 684 473 14179.225 1785.22 
192 683 477 14165.606 1787.473 
202 676 464 14185.233 1788.591 
167 724 458 14198.754 1783.152 
184 691 461 14162.707 1785.648 
191 687 465 14191.262 1791.093 
198 681 462 14195.844 1788.577 
207 669 469 14185.094 1788.734 
205 668 469 14186.36 1789.948 
169 721 461 14208.004 1782.754 
176 710 454 14164.209 1778.178 
192 685 466 14190.707 1791.024 
200 670 479 14155.016 1785.259 
206 672 469 14188.995 1789.18 
199 679 474 14197.222 1789.927 
198 675 477 14172.486 1786.454 
205 671 473 14189.735 1789.542 
209 669 468 14179.92 1788.206 
175 715 457 14180.637 1779.914 
190 684 476 14164.118 1785.519 
200 671 475 14157.625 1786.277 
201 680 471 14201.415 1791.254 
171 718 457 14197.653 1782.986 
193 687 465 14186.559 1786.439 
200 671 479 14157.506 1785.096 
199 672 479 14158.26 1785.912 
201 680 472 14205.751 1790.94 
165 727 456 14223.842 1785.399 
162 730 455 14199.595 1782.81 
210 668 470 14180.209 1788.294 
162 729 456 14200.342 1780.885 
172 718 456 14180.426 1781.872 
206 672 472 14176.99 1787.125 
193 691 459 14202.197 1793.346 
170 721 459 14201.177 1781.452 
186 690 469 14166.231 1785.941 
168 723 454 14177.031 1781.799 
163 729 453 14201.275 1779.762 
161 728 452 14203.565 1782.282 
192 687 470 14209.486 1790.133 
173 716 461 14197.216 1782.85 
