898 3921 2252 13815.887 1727.39 
899 3934 2257 13797.555 1724.43 
882 3940 2255 13810.559 1726.469 
863 3969 2247 13809.661 1726.236 
899 3941 2249 13802.73 1724.635 
877 3951 2250 13802.388 1725.355 
856 3982 2223 13808.841 1726.299 
905 3890 2290 13788.525 1722.62 
855 3983 2222 13808.198 1726.266 
904 3891 2290 13788.43 1722.61 
865 3961 2260 13805.597 1726.294 
878 3963 2248 13800.849 1724.284 
920 3921 2285 13815.066 1726.504 
921 3896 2284 13800.32 1724.423 
930 3907 2276 13808.964 1724.687 
876 3953 2254 13810.524 1727.054 
891 3947 2243 13803.637 1725.178 
899 3934 2258 13797.471 1724.417 
902 3935 2244 13804.13 1725.759 
922 3890 2281 13797.016 1724.272 
938 3899 2282 13802.773 1724.105 
928 3912 2266 13800.477 1724.324 
872 3961 2235 13813.794 1727.132 
920 3883 2290 13786.624 1722.485 
914 3871 2292 13780.586 1721.68 
870 3962 2261 13811.741 1726.174 
914 3933 2286 13817.945 1727.018 
903 3934 2244 13804.159 1725.761 
894 3943 2230 13806.946 1726.101 
875 3961 2233 13809.042 1725.777 
895 3927 2265 13816.232 1727.937 
875 3949 2263 13811.608 1726.61 
875 3956 2262 13809.302 1728.332 
857 3979 2228 13805.171 1726.888 
875 3960 2244 13810.601 1726.561 
864 3968 2246 13809.107 1726.154 
914 3933 2287 13817.925 1727.015 
875 3956 2263 13809.26 1728.326 
882 3940 2256 13810.551 1726.467 
886 3948 2266 13805.591 1726.595 
883 3973 2242 13809.405 1725.759 
876 3958 2244 13810.324 1726.453 
921 3867 2287 13777.373 1721.101 
897 3942 2277 13808.92 1726.587 
931 3906 2279 13803.613 1724.438 
873 3967 2256 13816.639 1726.742 
923 3912 2273 13805.28 1725.281 
885 3953 2230 13801.514 1725.048 
930 3907 2279 13803.471 1724.558 
929 3911 2266 13800.442 1724.316 
888 3950 2244 13802.792 1725.596 
863 3977 2245 13813.29 1726.374 
905 3890 2290 13788.699 1722.619 
855 3981 2238 13810.969 1726.505 
857 3977 2228 13806.828 1726.633 
870 3974 2232 13816.585 1727.586 
935 3901 2279 13803.08 1724.265 
931 3904 2271 13806.894 1724.77 
872 3962 2235 13813.964 1727.126 
859 3980 2216 13807.521 1726.828 
924 3910 2273 13802.087 1723.952 
898 3941 2278 13808.955 1726.59 
