986 4563 2560 13744.963 1720.211 
1017 4515 2586 13741.714 1720.715 
1020 4508 2593 13747.28 1719.538 
1027 4503 2573 13735.907 1719.985 
986 4567 2567 13746.481 1719.677 
1016 4523 2565 13740.929 1718.838 
1021 4507 2594 13747.583 1719.57 
991 4556 2560 13740.462 1719.927 
992 4553 2551 13744.263 1720.394 
989 4557 2565 13745.293 1720.563 
1018 4522 2583 13746.154 1719.44 
1031 4499 2584 13741.711 1719.927 
1016 4519 2575 13739.987 1720.667 
1024 4511 2595 13741.784 1719.623 
1013 4530 2579 13743.424 1720.071 
987 4560 2585 13753.265 1720.168 
1050 4486 2583 13735.895 1718.589 
1017 4515 2587 13741.638 1720.706 
953 4587 2544 13741.931 1719.513 
1026 4469 2606 13732.057 1718.089 
989 4570 2557 13744.91 1720.561 
1040 4483 2590 13738.051 1718.827 
1045 4481 2602 13740.997 1719.542 
1033 4495 2594 13740.493 1718.508 
1026 4490 2605 13740.213 1719.693 
1005 4519 2590 13746.405 1720.583 
1020 4514 2595 13740.263 1719.192 
974 4582 2559 13750.368 1721.067 
988 4557 2581 13750.442 1720.49 
1038 4488 2590 13736.236 1718.441 
1040 4490 2580 13742.965 1719.506 
949 4589 2560 13742.681 1720.189 
981 4567 2574 13746.622 1719.726 
1012 4531 2579 13743.386 1720.063 
1016 4507 2598 13745.927 1719.476 
990 4559 2583 13751.883 1720.362 
984 4563 2572 13745.815 1719.631 
1012 4539 2577 13751.669 1720.514 
1033 4492 2596 13741.269 1718.595 
1044 4482 2601 13740.385 1719.478 
1046 4488 2588 13741.898 1719.431 
1008 4534 2601 13751.035 1720.426 
993 4554 2581 13750.407 1719.493 
949 4589 2557 13744.863 1720.617 
984 4584 2569 13754.191 1721.003 
1029 4501 2603 13750.787 1720.501 
1032 4497 2585 13741.157 1719.467 
1021 4504 2596 13748.452 1720.146 
1025 4513 2567 13740.567 1719.359 
980 4566 2571 13746.809 1719.393 
1013 4538 2578 13751.668 1720.514 
1025 4510 2585 13744.844 1720.135 
1025 4509 2585 13744.736 1720.204 
1020 4519 2591 13749.349 1720.076 
1027 4506 2586 13740.629 1719.341 
964 4586 2559 13751.584 1720.675 
983 4566 2571 13744.934 1719.537 
998 4544 2590 13751.511 1720.669 
979 4578 2579 13753.096 1721.231 
969 4586 2575 13751.36 1720.813 
1013 4538 2577 13751.676 1720.515 
985 4573 2569 13753.98 1721.228 
