747 3244 1839 13776.739 1722.986 
736 3252 1826 13772.525 1722.396 
579 3319 1701 13662.534 1709.426 
593 3296 1699 13657.541 1709.559 
584 3315 1694 13662.613 1710.177 
768 3104 1839 13676.375 1713.027 
688 3282 1793 13754.681 1720.799 
766 3108 1850 13687.428 1714.905 
763 3109 1839 13682.945 1714.021 
746 3245 1838 13776.656 1722.977 
752 3235 1819 13768.82 1722.691 
760 3125 1834 13692.682 1716.654 
776 3109 1828 13692.57 1716.597 
685 3283 1766 13746.826 1719.229 
767 3192 1825 13742.162 1718.507 
761 3118 1833 13688.255 1715.715 
754 3234 1824 13774.293 1723.014 
751 3232 1830 13768.683 1722.091 
735 3253 1826 13772.393 1722.369 
750 3207 1843 13751.445 1719.54 
582 3313 1705 13660.241 1709.041 
753 3205 1838 13754.208 1719.227 
768 3104 1838 13676.824 1713.1 
749 3237 1837 13773.784 1722.416 
756 3206 1834 13747.62 1719.038 
575 3330 1688 13666.836 1711.058 
759 3195 1826 13743.379 1718.851 
725 3269 1815 13771.432 1721.823 
751 3206 1843 13751.652 1719.404 
762 3194 1829 13742.4 1719.635 
566 3331 1678 13658.518 1709.461 
594 3304 1692 13660.563 1709.621 
759 3126 1833 13692.401 1716.331 
724 3271 1831 13782.535 1723.026 
575 3328 1689 13665.438 1710.853 
595 3303 1688 13659.514 1708.897 
579 3316 1697 13661.514 1709.493 
763 3116 1833 13687.82 1716.185 
721 3279 1832 13783.673 1723.693 
695 3280 1783 13749.505 1719.617 
588 3316 1692 13661.132 1709.741 
586 3319 1680 13662.223 1709.585 
736 3251 1827 13772.203 1722.32 
733 3267 1820 13780.898 1723.499 
580 3319 1691 13664.489 1710.627 
587 3313 1700 13668.823 1710.888 
749 3228 1840 13774.376 1722.865 
753 3234 1825 13770.907 1722.276 
591 3315 1688 13660.366 1709.502 
583 3312 1706 13660.326 1709.051 
737 3250 1835 13773.163 1723.415 
755 3217 1827 13760.416 1721.087 
592 3311 1696 13663.276 1709.388 
689 3280 1793 13754.874 1720.856 
597 3298 1690 13654.357 1708.877 
760 3222 1819 13771.42 1723.058 
758 3228 1819 13768.328 1722.244 
748 3243 1831 13778.527 1722.819 
774 3115 1831 13693.841 1716.812 
580 3321 1694 13667.605 1710.366 
591 3313 1696 13663.894 1709.534 
741 3247 1834 13774.377 1721.301 
765 3111 1838 13685.417 1715.549 
598 3296 1696 13656.707 1709.168 
764 3201 1821 13754.302 1720.17 
748 3243 1840 13777.278 1723.101 
588 3316 1683 13662.356 1709.875 
723 3258 1832 13767.098 1721.751 
724 3276 1812 13771.204 1721.558 
592 3312 1693 13664.555 1709.763 
583 3317 1691 13663.318 1709.627 
738 3257 1825 13774.405 1722.614 
763 3182 1832 13737.687 1719.078 
577 3327 1685 13662.383 1710.073 
754 3233 1825 13774.192 1723.039 
754 3212 1829 13760.299 1721.185 
596 3300 1693 13659.444 1709.718 
586 3309 1705 13660.421 1709.107 
587 3319 1678 13665.693 1710.285 
749 3224 1846 13766.982 1721.906 
743 3250 1819 13774.835 1723.55 
563 3333 1677 13660.992 1709.691 
591 3315 1689 13660.307 1709.49 
