873 3917 2294 13790.537 1727.091 
874 3913 2290 13781.305 1726.166 
738 3994 2123 13719.75 1716.449 
847 3957 2271 13793.096 1727.832 
851 3957 2270 13800.954 1728.627 
850 3954 2289 13790.198 1726.506 
828 3957 2272 13790.637 1727.344 
857 3942 2286 13801.136 1728.766 
851 3954 2288 13793.244 1726.69 
846 3959 2262 13789.071 1727.505 
855 3946 2288 13799.74 1728.617 
737 3995 2123 13719.666 1716.44 
858 3941 2286 13801.557 1728.787 
848 3953 2284 13803.294 1727.943 
855 3951 2270 13794.329 1727.476 
898 3887 2323 13787.981 1726.613 
869 3926 2290 13791.618 1727.847 
856 3946 2268 13798.062 1727.859 
873 3917 2293 13791.008 1727.154 
870 3921 2295 13782.611 1727.966 
899 3889 2317 13785.043 1726.071 
815 3978 2255 13784.701 1727.932 
885 3906 2285 13780.511 1726.801 
824 3972 2248 13791.915 1728.658 
867 3943 2296 13802.515 1728.259 
870 3910 2290 13789.17 1728.233 
739 4000 2121 13718.455 1716.326 
883 3914 2303 13784.38 1726.14 
895 3900 2308 13792.333 1726.83 
900 3876 2306 13778.026 1726.158 
852 3953 2288 13793.185 1726.687 
808 3989 2240 13778.915 1727.07 
899 3895 2297 13786.575 1727.93 
815 3980 2253 13787.494 1728.366 
869 3923 2281 13793.097 1726.678 
899 3886 2324 13788.061 1726.59 
841 3960 2270 13789.274 1728.145 
877 3912 2288 13785.147 1727.755 
893 3895 2306 13787.108 1726.973 
896 3891 2303 13784.223 1727.019 
901 3875 2305 13779.48 1726.884 
890 3901 2310 13788.023 1727.245 
829 3970 2249 13790.999 1729.053 
898 3888 2315 13784.145 1727.483 
900 3897 2298 13788.058 1726.88 
888 3900 2291 13786.054 1727.605 
893 3898 2310 13786.343 1727.006 
849 3962 2256 13787.415 1726.852 
845 3965 2269 13791.705 1726.359 
903 3887 2303 13786.444 1728.168 
885 3908 2280 13781.389 1726.795 
825 3973 2259 13786.285 1728.495 
840 3972 2269 13794.546 1728.35 
825 3983 2256 13793.038 1727.889 
874 3915 2280 13780.166 1727.289 
828 3976 2244 13785.869 1726.329 
868 3937 2301 13793.91 1727.463 
862 3949 2309 13804.104 1727.528 
735 3996 2121 13718.973 1716.492 
900 3877 2305 13778.287 1726.269 
894 3891 2318 13788.017 1727.011 
897 3888 2313 13786.395 1726.34 
849 3956 2285 13794.458 1728.599 
850 3952 2275 13794.251 1728.376 
