218 646 478 14143.867 1779.559 
214 660 482 14201.982 1788.932 
176 713 471 14308.404 1804.205 
155 730 454 14249.368 1798.973 
216 654 483 14182.891 1784.552 
158 729 445 14256.192 1796.975 
162 723 465 14260.797 1801.575 
179 710 473 14316.123 1804.78 
187 699 461 14271.309 1798.858 
176 713 471 14310.623 1803.796 
194 691 492 14259.445 1792.561 
211 653 494 14176.106 1782.476 
163 722 465 14280.508 1803.101 
169 721 452 14291.794 1799.179 
154 731 453 14238.81 1795.512 
166 722 474 14270.654 1802.825 
167 721 475 14273.494 1803.067 
177 712 472 14309.406 1804.212 
215 655 483 14182.155 1784.76 
187 695 490 14256.027 1792.633 
216 656 476 14189.66 1786.651 
158 729 443 14256.341 1797.006 
179 710 474 14315.771 1804.703 
198 687 491 14264.65 1793.628 
166 722 473 14270.736 1802.844 
187 698 471 14287.037 1800.565 
165 723 462 14270.96 1796.898 
198 686 492 14260.442 1793.443 
198 692 490 14281.784 1795.849 
208 680 493 14245.496 1793.301 
193 693 494 14266.903 1793.257 
191 687 493 14250.803 1794.532 
179 709 475 14311.18 1804.72 
155 727 459 14264.226 1799.548 
172 720 465 14310.128 1803.092 
153 731 450 14241.255 1797.243 
210 673 492 14231.823 1793.514 
210 678 488 14253.995 1796.012 
211 682 489 14258.486 1795.889 
211 675 492 14246.003 1792.363 
185 701 482 14301.329 1804.53 
174 714 469 14298.406 1803.652 
174 715 466 14302.085 1800.808 
173 715 469 14298.998 1803.774 
152 731 462 14276.268 1800.349 
155 730 453 14246.942 1799.023 
182 705 476 14309.915 1804.246 
166 722 475 14270.557 1802.811 
215 649 495 14182.844 1782.807 
168 728 454 14317.038 1804.189 
207 681 492 14258.64 1793.783 
209 677 493 14257.797 1795.814 
212 668 492 14228.783 1789.46 
161 725 468 14258.657 1800.606 
209 686 490 14274.017 1796.889 
206 682 495 14278.728 1796.372 
188 698 461 14270.106 1798.306 
173 716 465 14298.635 1800.564 
175 717 463 14310.109 1803.677 
171 719 474 14306.535 1802.682 
181 706 475 14307.675 1803.946 
209 679 494 14258.662 1793.959 
185 708 469 14303.931 1802.0 
213 666 489 14220.116 1790.174 
190 697 472 14288.513 1799.271 
