772 3205 1911 13766.756 1722.18 
741 3261 1930 13808.366 1730.27 
753 3225 1947 13779.442 1725.13 
771 3208 1925 13764.611 1721.598 
737 3284 1923 13810.232 1729.171 
745 3220 1955 13765.226 1724.212 
766 3217 1933 13777.849 1723.145 
759 3183 1953 13749.116 1722.762 
779 3199 1921 13764.323 1721.766 
743 3274 1927 13806.008 1728.061 
742 3225 1958 13780.018 1727.73 
761 3234 1937 13798.977 1728.093 
748 3270 1906 13801.568 1728.194 
755 3256 1917 13790.432 1726.409 
727 3267 1931 13797.83 1727.42 
719 3297 1900 13809.0 1729.802 
776 3208 1922 13763.739 1721.958 
743 3284 1920 13812.11 1728.82 
744 3221 1954 13764.822 1724.162 
742 3254 1939 13807.564 1729.395 
765 3218 1932 13777.194 1723.083 
733 3277 1925 13809.353 1729.992 
768 3222 1917 13783.018 1724.993 
755 3231 1942 13789.465 1726.622 
753 3258 1938 13803.647 1727.858 
753 3242 1946 13792.25 1728.501 
784 3158 1898 13734.926 1719.304 
774 3198 1922 13766.775 1722.815 
755 3252 1938 13800.073 1727.591 
760 3251 1931 13804.381 1728.031 
761 3250 1932 13804.611 1728.07 
725 3292 1917 13809.239 1729.366 
724 3294 1918 13810.79 1729.399 
724 3293 1917 13809.244 1729.47 
771 3211 1921 13760.366 1721.857 
718 3304 1906 13812.372 1730.155 
754 3224 1946 13779.395 1725.119 
736 3250 1973 13794.519 1729.276 
760 3216 1947 13778.485 1726.178 
771 3219 1908 13768.546 1722.548 
731 3290 1911 13809.845 1729.413 
725 3291 1917 13809.348 1729.367 
767 3193 1952 13775.503 1726.689 
754 3257 1940 13803.548 1728.056 
769 3215 1914 13780.937 1724.599 
768 3227 1913 13779.695 1724.976 
764 3221 1909 13782.328 1725.45 
716 3309 1903 13813.14 1729.837 
739 3254 1939 13810.296 1729.719 
767 3208 1927 13768.301 1721.633 
730 3291 1906 13807.128 1728.379 
764 3227 1926 13776.543 1724.88 
739 3240 1964 13784.97 1726.682 
768 3195 1925 13768.683 1722.686 
750 3208 1960 13763.74 1725.048 
765 3195 1947 13768.186 1724.153 
756 3224 1944 13784.12 1725.71 
766 3226 1924 13774.21 1723.142 
762 3231 1941 13788.984 1727.47 
745 3261 1926 13803.859 1728.914 
770 3194 1949 13772.778 1725.186 
761 3201 1942 13773.216 1724.843 
773 3181 1945 13763.208 1723.491 
732 3286 1922 13807.748 1729.47 
772 3189 1933 13762.958 1722.122 
751 3266 1949 13811.238 1728.396 
725 3278 1927 13808.95 1729.973 
759 3215 1943 13792.849 1727.339 
775 3201 1927 13764.326 1722.189 
