607 2716 1529 13885.339 1737.972 
638 2621 1546 13833.853 1733.162 
618 2690 1552 13889.405 1738.198 
635 2634 1539 13840.804 1733.842 
604 2718 1527 13891.642 1738.986 
621 2689 1533 13877.279 1734.963 
634 2629 1569 13844.738 1732.378 
665 2580 1526 13816.413 1728.835 
601 2718 1534 13891.525 1739.848 
611 2715 1544 13898.264 1737.756 
635 2618 1572 13832.077 1731.0 
599 2713 1556 13877.528 1737.156 
622 2685 1531 13878.106 1734.423 
660 2589 1556 13820.42 1732.331 
633 2632 1571 13847.169 1732.579 
634 2620 1572 13833.623 1731.141 
585 2730 1548 13881.232 1736.837 
622 2688 1545 13868.603 1733.748 
619 2689 1553 13889.66 1738.341 
632 2659 1530 13845.852 1734.128 
601 2725 1549 13903.454 1739.022 
591 2717 1559 13874.161 1734.741 
656 2601 1527 13826.083 1730.305 
615 2684 1568 13872.861 1735.641 
599 2726 1548 13902.242 1738.828 
638 2638 1542 13845.522 1731.688 
598 2714 1556 13877.555 1737.159 
640 2605 1563 13831.668 1730.854 
608 2694 1562 13872.463 1735.192 
629 2673 1530 13868.795 1734.65 
622 2676 1551 13873.885 1737.553 
631 2655 1551 13863.868 1736.61 
617 2691 1551 13889.398 1738.196 
589 2719 1568 13882.373 1736.318 
640 2626 1536 13841.643 1731.85 
631 2656 1552 13861.632 1736.097 
615 2705 1535 13895.241 1736.876 
590 2729 1555 13890.645 1736.813 
654 2602 1561 13827.352 1729.519 
606 2712 1547 13895.76 1738.867 
583 2726 1559 13899.117 1737.382 
619 2698 1550 13891.3 1737.686 
664 2581 1531 13818.107 1729.214 
652 2616 1547 13845.273 1734.145 
633 2664 1525 13855.899 1734.254 
639 2613 1563 13830.224 1730.685 
655 2611 1559 13847.42 1733.583 
605 2716 1534 13894.525 1739.929 
641 2638 1515 13849.179 1732.805 
599 2704 1562 13877.119 1735.128 
634 2632 1560 13842.009 1731.545 
632 2636 1571 13851.108 1732.573 
616 2703 1538 13893.183 1738.229 
632 2663 1526 13854.716 1734.236 
655 2611 1558 13847.715 1733.714 
618 2683 1573 13877.495 1736.718 
632 2648 1539 13848.09 1734.134 
659 2590 1555 13820.276 1732.304 
604 2711 1554 13890.041 1738.176 
577 2739 1547 13884.617 1737.389 
614 2710 1559 13897.679 1740.078 
621 2680 1536 13873.375 1734.895 
652 2585 1568 13822.094 1729.336 
670 2562 1537 13809.716 1727.405 
616 2695 1548 13874.295 1738.517 
618 2701 1540 13894.916 1738.075 
641 2622 1554 13833.442 1730.078 
606 2721 1552 13898.592 1737.589 
616 2707 1534 13885.942 1738.816 
590 2711 1562 13872.816 1734.112 
594 2719 1556 13895.53 1738.647 
644 2630 1513 13836.664 1731.949 
629 2660 1550 13867.111 1735.707 
644 2629 1543 13839.07 1733.227 
581 2733 1533 13885.673 1736.34 
584 2720 1561 13881.288 1734.619 
581 2728 1536 13892.834 1736.345 
623 2689 1522 13873.804 1736.119 
650 2593 1563 13822.469 1729.85 
631 2642 1587 13854.842 1733.409 
643 2624 1544 13842.656 1731.181 
651 2620 1562 13846.611 1734.969 
661 2584 1544 13817.949 1730.387 
621 2677 1550 13873.761 1737.526 
610 2715 1524 13886.3 1738.465 
628 2675 1584 13881.592 1737.55 
