702 3300 1878 13813.376 1729.642 
714 3276 1883 13805.164 1729.291 
755 3117 1789 13674.152 1714.956 
772 3100 1791 13673.446 1714.721 
748 3234 1901 13797.913 1726.874 
752 3134 1797 13687.118 1716.797 
705 3292 1871 13809.043 1729.649 
739 3244 1906 13804.022 1728.618 
714 3277 1867 13811.653 1729.684 
754 3119 1789 13679.908 1715.734 
755 3123 1785 13682.031 1716.504 
735 3254 1886 13805.651 1727.847 
735 3251 1889 13797.347 1725.568 
700 3302 1866 13811.913 1729.318 
756 3122 1783 13684.703 1716.476 
706 3293 1878 13811.683 1729.617 
725 3263 1911 13807.484 1729.055 
741 3247 1865 13790.681 1725.388 
720 3270 1875 13805.041 1727.664 
740 3248 1865 13791.301 1725.647 
764 3115 1790 13679.807 1715.379 
730 3255 1893 13796.087 1727.926 
754 3130 1787 13678.666 1715.604 
724 3265 1888 13806.668 1728.779 
731 3248 1896 13801.549 1728.951 
703 3299 1879 13813.501 1729.663 
740 3248 1866 13791.299 1725.554 
713 3284 1878 13809.66 1727.453 
739 3250 1866 13791.678 1725.636 
723 3269 1887 13809.487 1728.753 
694 3304 1888 13817.24 1730.665 
720 3271 1873 13808.922 1729.416 
726 3266 1884 13806.776 1728.425 
733 3263 1891 13801.999 1728.47 
771 3112 1801 13689.145 1717.107 
717 3278 1883 13808.269 1727.057 
705 3286 1879 13806.3 1729.004 
755 3118 1788 13681.442 1715.958 
753 3120 1792 13677.903 1715.447 
729 3255 1913 13808.087 1729.674 
728 3256 1902 13805.271 1728.07 
761 3126 1784 13681.12 1716.271 
733 3244 1908 13799.812 1728.251 
720 3272 1877 13804.458 1726.798 
712 3283 1880 13812.156 1729.113 
718 3272 1886 13796.379 1726.645 
721 3268 1908 13817.29 1731.571 
718 3273 1873 13801.047 1727.174 
714 3279 1866 13810.691 1729.934 
714 3298 1852 13803.37 1727.605 
754 3124 1783 13681.461 1716.985 
693 3306 1887 13817.662 1730.722 
683 3317 1849 13809.633 1730.216 
719 3272 1872 13809.04 1729.433 
756 3129 1770 13681.929 1716.716 
711 3293 1872 13812.579 1727.926 
698 3302 1862 13810.689 1729.899 
736 3251 1886 13797.504 1725.509 
724 3278 1867 13809.266 1728.044 
709 3270 1903 13799.595 1728.18 
695 3301 1895 13818.041 1731.128 
733 3249 1906 13803.524 1728.43 
713 3276 1877 13808.815 1729.329 
727 3257 1890 13807.874 1728.751 
722 3271 1873 13800.883 1728.267 
717 3271 1885 13807.089 1729.026 
699 3311 1860 13807.587 1730.497 
716 3275 1886 13805.921 1729.359 
707 3288 1883 13805.988 1729.014 
727 3260 1895 13802.897 1727.895 
