1111 5013 2822 13624.658 1703.603 
1123 5011 2823 13632.794 1705.182 
1043 5183 2782 13675.165 1713.377 
1122 5012 2823 13632.892 1705.205 
1036 5204 2794 13688.686 1715.724 
1042 5182 2788 13684.943 1715.376 
1101 5029 2807 13631.567 1704.618 
1055 5160 2805 13674.022 1713.526 
990 5153 2825 13638.521 1706.975 
1105 5033 2774 13630.809 1704.358 
989 5245 2776 13682.968 1714.859 
1104 5026 2810 13628.965 1704.288 
1124 4992 2832 13621.41 1703.814 
1115 5016 2786 13633.129 1705.055 
1120 5017 2806 13627.978 1704.703 
1129 4997 2826 13628.2 1704.081 
1062 5146 2809 13671.489 1713.632 
1119 5017 2807 13630.739 1704.854 
995 5233 2778 13681.289 1714.586 
1035 5185 2808 13677.811 1713.701 
992 5238 2744 13673.682 1712.498 
1028 5184 2817 13677.011 1712.874 
1153 4991 2822 13633.295 1704.571 
1134 4999 2810 13630.274 1704.75 
1034 5115 2819 13636.443 1707.418 
991 5152 2826 13638.629 1706.982 
1131 4997 2821 13628.99 1704.281 
1028 5183 2817 13676.659 1712.897 
1116 5011 2828 13627.649 1704.128 
1117 5004 2828 13624.451 1704.045 
1028 5206 2781 13681.763 1714.858 
1124 4993 2831 13621.324 1703.785 
1105 5022 2805 13625.236 1704.34 
1123 4997 2836 13630.067 1705.134 
1031 5198 2799 13682.972 1715.582 
1023 5220 2787 13686.012 1715.632 
1002 5217 2806 13674.889 1713.089 
1009 5228 2776 13681.42 1715.242 
1014 5226 2777 13684.105 1716.207 
1111 5028 2792 13631.723 1705.138 
1042 5192 2804 13684.671 1715.332 
1144 4994 2811 13629.865 1704.665 
1008 5222 2786 13679.784 1713.335 
1024 5212 2797 13681.658 1713.547 
1007 5221 2789 13674.376 1714.398 
1160 4982 2820 13633.104 1704.574 
1153 4990 2823 13633.035 1704.558 
1018 5216 2792 13680.107 1714.527 
1002 5214 2811 13675.076 1712.394 
1049 5178 2815 13678.244 1714.345 
1002 5231 2778 13683.116 1714.876 
1128 5013 2814 13633.912 1705.159 
1120 5013 2818 13630.887 1704.731 
1155 4984 2806 13632.856 1704.156 
1110 5032 2786 13632.198 1704.612 
1024 5207 2817 13685.175 1715.326 
1143 5003 2801 13634.783 1704.892 
1006 5235 2797 13681.813 1713.456 
1007 5234 2768 13681.244 1714.231 
1003 5213 2812 13675.372 1712.411 
1102 5028 2809 13631.617 1704.599 
1145 4990 2830 13625.29 1703.996 
1130 5013 2778 13630.48 1704.952 
1127 5003 2828 13630.634 1704.36 
1114 5017 2818 13627.575 1704.013 
1150 4982 2839 13629.424 1704.17 
1145 4993 2825 13632.922 1704.804 
1041 5185 2790 13680.382 1715.473 
1133 5009 2815 13638.718 1705.395 
1089 5035 2759 13620.316 1703.036 
1136 5001 2806 13630.218 1704.964 
1052 5162 2789 13673.473 1713.966 
990 5244 2777 13682.901 1714.844 
1120 5026 2802 13632.248 1705.212 
1051 5163 2802 13671.655 1713.563 
1007 5230 2764 13680.99 1716.09 
1143 4997 2811 13632.372 1704.665 
1007 5230 2793 13680.455 1713.502 
1013 5214 2809 13681.141 1713.461 
1048 5175 2804 13681.351 1715.401 
996 5236 2741 13675.175 1713.479 
1015 5208 2799 13680.042 1713.476 
1156 4985 2811 13630.968 1704.169 
1008 5211 2815 13681.754 1714.587 
1141 5002 2803 13633.245 1705.425 
1038 5194 2788 13679.449 1714.403 
1140 5007 2805 13637.313 1705.501 
1045 5176 2800 13681.41 1715.416 
1001 5219 2804 13675.157 1713.148 
988 5241 2780 13677.696 1714.641 
1124 5002 2824 13631.469 1704.881 
