161 738 447 14250.964 1787.464 
216 670 482 14194.314 1787.744 
216 664 486 14187.088 1785.765 
213 677 478 14225.786 1790.96 
161 737 448 14211.759 1782.081 
165 731 459 14222.394 1784.824 
163 738 444 14215.487 1783.749 
173 724 450 14257.922 1788.845 
164 739 444 14213.62 1783.944 
169 733 450 14259.163 1787.869 
195 701 474 14269.993 1797.641 
207 687 472 14208.948 1790.489 
163 737 438 14226.193 1784.847 
202 696 483 14259.9 1792.25 
194 697 468 14257.976 1800.04 
183 715 465 14226.435 1791.628 
210 682 484 14226.063 1791.738 
172 723 458 14225.798 1788.581 
175 725 453 14264.432 1787.507 
191 709 465 14271.415 1796.269 
201 693 475 14259.575 1801.244 
178 723 464 14235.796 1786.235 
204 694 484 14258.841 1792.032 
214 681 483 14223.238 1788.642 
192 703 471 14262.384 1799.187 
172 729 453 14269.541 1785.773 
217 668 484 14193.662 1786.419 
199 701 466 14268.664 1797.123 
192 706 468 14283.208 1801.937 
190 710 464 14271.191 1796.263 
208 688 469 14227.723 1793.689 
200 697 479 14239.306 1793.225 
197 701 482 14250.477 1794.352 
208 686 473 14208.73 1790.439 
183 722 469 14266.201 1789.777 
201 689 480 14246.678 1798.303 
168 733 451 14264.348 1787.443 
206 679 492 14230.864 1789.825 
205 684 480 14231.237 1787.758 
190 708 469 14236.806 1792.802 
203 694 483 14260.524 1792.515 
212 670 488 14207.032 1786.698 
199 682 486 14215.237 1790.37 
212 679 479 14231.264 1792.025 
190 708 466 14254.953 1795.307 
174 726 452 14264.118 1787.475 
202 688 481 14247.146 1798.319 
171 730 452 14267.254 1785.658 
218 667 483 14202.615 1788.252 
168 728 458 14238.651 1784.118 
214 681 483 14223.256 1788.632 
199 695 473 14260.107 1801.471 
200 693 481 14254.581 1799.13 
169 733 452 14230.08 1786.683 
179 714 463 14215.493 1793.731 
171 727 460 14246.883 1784.907 
184 714 467 14227.965 1792.372 
215 672 479 14206.169 1788.172 
217 660 485 14187.943 1786.07 
209 680 476 14241.373 1793.446 
209 683 479 14220.935 1791.016 
190 709 464 14280.877 1799.284 
209 685 474 14211.356 1790.925 
198 702 465 14268.951 1797.171 
204 687 483 14250.811 1798.157 
215 666 482 14185.264 1791.128 
162 741 444 14261.44 1787.406 
166 730 462 14231.392 1785.276 
199 682 483 14212.672 1798.433 
203 684 480 14242.28 1798.878 
214 676 477 14224.36 1790.713 
174 726 454 14247.254 1785.705 
205 680 492 14231.381 1789.912 
212 670 489 14206.933 1786.692 
219 665 479 14195.806 1785.774 
218 668 476 14185.08 1787.678 
211 672 487 14209.059 1787.452 
171 728 454 14250.668 1788.362 
168 732 457 14264.877 1786.387 
186 711 458 14271.273 1797.776 
174 724 462 14224.806 1787.605 
212 677 484 14218.289 1791.231 
206 683 472 14227.632 1792.233 
195 693 483 14263.031 1796.83 
