213 636 461 14063.196 1763.008 
218 633 465 14073.334 1761.177 
159 727 449 14187.257 1777.935 
213 642 471 14105.287 1762.031 
164 720 452 14188.421 1777.249 
192 665 449 14113.958 1766.257 
192 664 459 14078.85 1765.906 
188 686 468 14138.007 1771.019 
182 699 466 14175.277 1776.689 
181 700 466 14177.642 1776.125 
179 703 466 14185.211 1777.829 
210 644 469 14080.673 1760.061 
170 711 464 14212.243 1783.824 
169 712 465 14212.641 1783.873 
210 650 460 14060.012 1761.562 
197 667 461 14125.433 1763.709 
208 649 472 14113.809 1766.107 
169 711 471 14225.768 1782.766 
154 720 464 14170.457 1776.215 
199 658 453 14116.727 1766.223 
177 709 478 14231.273 1786.451 
163 713 463 14212.737 1788.124 
168 712 465 14213.528 1784.756 
196 663 455 14106.117 1764.533 
211 638 469 14097.145 1763.831 
194 666 454 14110.972 1764.999 
168 710 465 14221.644 1784.522 
174 713 464 14210.538 1779.339 
209 639 472 14072.422 1760.041 
196 662 454 14104.958 1765.579 
192 666 458 14086.805 1766.818 
199 662 450 14082.885 1760.816 
165 717 463 14219.104 1782.157 
162 726 461 14248.837 1788.973 
210 643 469 14087.326 1760.247 
178 703 472 14206.219 1782.938 
200 661 458 14102.968 1768.139 
191 666 449 14112.474 1766.068 
166 714 464 14223.604 1787.187 
196 662 465 14094.432 1766.512 
181 699 477 14194.052 1782.999 
205 659 470 14113.047 1766.415 
167 714 474 14219.083 1784.408 
185 698 485 14211.731 1785.852 
197 666 465 14108.664 1764.176 
205 652 477 14101.463 1764.532 
181 699 477 14193.32 1783.272 
180 702 469 14192.898 1779.083 
215 633 469 14051.923 1755.244 
165 715 465 14225.185 1787.498 
207 650 470 14098.137 1763.357 
211 648 467 14106.778 1766.304 
187 691 484 14183.811 1779.253 
205 659 471 14114.02 1766.393 
164 714 468 14224.683 1784.602 
213 636 473 14069.075 1759.131 
189 671 453 14114.332 1768.146 
166 719 461 14243.519 1786.163 
166 714 466 14227.682 1784.411 
194 666 460 14092.205 1764.366 
188 676 473 14155.081 1775.359 
164 719 467 14218.072 1782.034 
192 666 449 14087.899 1766.651 
214 635 469 14054.194 1756.196 
207 656 468 14121.208 1766.082 
205 659 465 14106.01 1767.2 
