965 4655 2564 13769.886 1724.944 
936 4672 2532 13751.007 1722.698 
964 4652 2574 13777.425 1726.027 
1003 4631 2602 13779.959 1725.267 
1030 4561 2635 13762.077 1724.024 
943 4664 2544 13758.115 1723.581 
1002 4629 2612 13778.573 1725.326 
1026 4575 2631 13776.279 1724.563 
935 4670 2545 13759.934 1723.529 
997 4626 2615 13778.393 1725.796 
1026 4578 2631 13768.125 1724.222 
1025 4576 2627 13776.022 1724.739 
1023 4573 2637 13766.383 1724.447 
982 4648 2598 13778.57 1726.188 
997 4616 2637 13773.554 1725.675 
1010 4618 2609 13773.567 1724.563 
1025 4572 2639 13764.843 1724.174 
1003 4609 2626 13780.306 1725.475 
1016 4609 2616 13779.409 1727.095 
1019 4600 2641 13778.497 1725.113 
1034 4564 2629 13767.401 1724.674 
1026 4551 2637 13754.051 1723.506 
1015 4591 2647 13776.685 1726.541 
997 4618 2636 13778.089 1725.571 
1030 4576 2622 13768.983 1724.794 
1024 4581 2631 13769.613 1724.73 
999 4616 2625 13777.513 1726.095 
980 4636 2610 13774.985 1725.183 
984 4640 2601 13773.711 1725.509 
1006 4625 2616 13781.775 1726.008 
1031 4568 2627 13769.189 1724.416 
1030 4558 2632 13766.453 1723.901 
1016 4584 2643 13774.123 1725.897 
1011 4606 2645 13785.195 1727.648 
946 4664 2540 13755.596 1723.764 
942 4670 2533 13753.566 1723.13 
1031 4560 2636 13762.0 1724.009 
1007 4618 2614 13783.059 1727.654 
1030 4569 2625 13768.744 1724.393 
1006 4612 2626 13773.758 1724.559 
968 4650 2580 13773.112 1724.871 
1011 4614 2617 13778.834 1726.319 
1013 4596 2640 13774.736 1725.801 
1001 4625 2618 13778.991 1725.432 
993 4630 2613 13770.349 1724.919 
1017 4575 2642 13770.049 1723.538 
994 4622 2635 13777.264 1726.089 
1011 4601 2646 13783.073 1727.044 
965 4651 2575 13777.822 1726.087 
962 4655 2570 13774.005 1725.128 
1029 4580 2614 13765.151 1724.092 
997 4627 2614 13778.508 1725.841 
1008 4614 2625 13778.971 1725.994 
1021 4590 2641 13778.497 1726.687 
979 4638 2618 13778.009 1725.126 
999 4638 2604 13776.488 1725.535 
962 4663 2557 13768.949 1724.735 
994 4622 2635 13779.873 1725.695 
997 4619 2634 13777.001 1726.092 
1029 4567 2631 13764.939 1725.083 
1022 4579 2638 13767.943 1724.76 
1027 4589 2624 13772.701 1724.451 
991 4635 2625 13781.686 1726.749 
1029 4562 2633 13761.832 1723.985 
1021 4600 2634 13779.102 1726.909 
999 4620 2629 13775.014 1725.228 
1004 4613 2628 13778.39 1726.182 
1003 4629 2611 13785.094 1727.687 
961 4661 2567 13774.679 1725.464 
942 4666 2542 13758.347 1723.614 
