893 3825 2184 13718.006 1713.024 
775 3955 2174 13730.338 1719.719 
764 3964 2150 13718.779 1717.426 
884 3826 2174 13710.954 1711.62 
898 3819 2184 13722.77 1713.412 
915 3801 2200 13724.537 1713.598 
926 3785 2190 13715.575 1711.899 
817 3939 2227 13761.475 1724.846 
747 3982 2131 13710.891 1716.763 
739 3998 2109 13713.277 1715.81 
812 3953 2182 13734.636 1723.122 
830 3932 2189 13741.469 1723.843 
801 3948 2190 13742.364 1721.246 
902 3814 2185 13718.081 1712.67 
772 3965 2144 13713.255 1717.77 
767 3959 2158 13726.261 1719.771 
840 3924 2212 13739.504 1722.429 
755 3980 2134 13716.394 1717.089 
867 3888 2219 13736.393 1721.888 
873 3869 2228 13729.777 1721.166 
902 3811 2188 13717.699 1712.927 
770 3975 2141 13723.319 1718.635 
774 3961 2156 13724.87 1719.446 
844 3913 2217 13737.345 1722.559 
800 3953 2170 13740.07 1723.545 
832 3923 2200 13739.589 1723.305 
919 3797 2210 13728.108 1714.097 
928 3762 2179 13701.564 1710.304 
833 3901 2220 13735.124 1721.241 
844 3913 2215 13740.207 1722.209 
850 3906 2213 13741.755 1722.594 
867 3889 2217 13736.701 1722.433 
916 3799 2212 13727.037 1714.054 
838 3907 2223 13733.487 1719.207 
860 3895 2231 13738.911 1722.965 
820 3940 2215 13759.544 1724.77 
834 3916 2213 13736.002 1722.844 
745 3986 2128 13714.801 1716.867 
919 3803 2194 13724.768 1713.008 
901 3808 2191 13718.345 1712.215 
829 3919 2206 13742.852 1723.238 
863 3876 2237 13729.596 1721.114 
909 3809 2186 13721.816 1712.879 
769 3975 2142 13723.026 1718.618 
828 3936 2193 13745.191 1723.29 
873 3871 2220 13727.927 1721.142 
919 3795 2216 13726.327 1714.052 
921 3782 2193 13713.404 1711.86 
746 3983 2130 13710.742 1716.742 
766 3961 2157 13726.675 1719.85 
830 3936 2192 13748.341 1723.253 
914 3803 2207 13725.389 1713.813 
822 3927 2196 13745.186 1722.686 
771 3966 2143 13713.391 1717.787 
754 3981 2133 13716.41 1717.092 
737 3998 2110 13719.556 1717.441 
763 3973 2149 13717.438 1717.268 
819 3941 2204 13739.572 1722.595 
816 3942 2201 13732.67 1722.007 
821 3939 2214 13759.649 1724.778 
733 4011 2111 13717.448 1716.681 
925 3786 2191 13715.249 1712.046 
837 3908 2222 13733.532 1719.208 
806 3944 2209 13756.958 1724.178 
778 3961 2149 13723.617 1719.905 
767 3979 2145 13720.494 1717.826 
899 3814 2205 13722.237 1714.064 
823 3924 2208 13744.722 1723.739 
826 3943 2191 13747.827 1723.967 
839 3903 2217 13741.889 1724.083 
750 3994 2125 13716.205 1716.796 
853 3907 2206 13742.392 1722.132 
829 3920 2205 13743.462 1723.432 
750 3991 2126 13715.12 1715.865 
821 3902 2229 13733.731 1721.783 
821 3947 2191 13744.782 1723.745 
917 3799 2212 13725.242 1713.817 
733 4011 2112 13717.389 1716.67 
865 3886 2221 13741.245 1722.2 
868 3887 2218 13736.076 1721.857 
866 3889 2219 13736.387 1721.886 
811 3948 2180 13740.07 1723.285 
750 3994 2124 13716.237 1716.8 
840 3917 2201 13738.218 1723.154 
923 3780 2195 13713.257 1712.39 
768 3977 2141 13723.175 1718.589 
738 4000 2108 13713.906 1716.0 
739 3999 2108 13713.842 1715.987 
908 3812 2187 13722.255 1713.65 
