868 3928 2302 13769.301 1726.79 
936 3837 2285 13741.26 1723.379 
895 3922 2301 13776.307 1727.965 
872 3925 2304 13768.972 1726.289 
913 3907 2302 13780.132 1727.765 
865 3970 2280 13773.941 1728.223 
892 3936 2293 13785.578 1729.013 
892 3943 2284 13786.512 1729.165 
858 3934 2303 13763.667 1724.944 
857 3935 2302 13763.431 1724.907 
882 3952 2286 13774.295 1728.402 
871 3970 2278 13779.55 1729.039 
878 3939 2301 13778.092 1728.077 
907 3896 2325 13777.311 1728.224 
886 3921 2313 13779.095 1728.401 
902 3929 2293 13779.368 1728.174 
873 3972 2273 13782.987 1729.362 
935 3868 2301 13764.987 1725.865 
890 3939 2289 13780.808 1728.779 
881 3951 2294 13777.486 1727.9 
913 3892 2319 13777.473 1727.708 
882 3959 2278 13784.662 1729.463 
905 3938 2286 13785.744 1728.945 
886 3922 2309 13779.195 1727.838 
908 3928 2280 13774.366 1729.035 
892 3934 2300 13788.254 1728.495 
931 3877 2298 13763.12 1726.042 
903 3885 2328 13771.863 1726.479 
924 3890 2283 13758.919 1726.616 
888 3953 2279 13777.764 1728.606 
859 3937 2303 13760.718 1725.093 
874 3930 2311 13767.859 1726.172 
927 3889 2295 13767.706 1726.918 
921 3869 2312 13766.516 1726.091 
922 3871 2308 13771.17 1726.878 
880 3964 2278 13791.155 1730.305 
928 3861 2320 13767.905 1726.073 
902 3914 2329 13780.967 1729.373 
916 3889 2314 13776.062 1727.816 
928 3887 2295 13766.686 1726.877 
915 3872 2337 13772.654 1727.181 
893 3934 2295 13787.183 1728.336 
869 3955 2290 13775.22 1727.787 
919 3903 2287 13773.896 1728.559 
882 3950 2295 13777.986 1727.952 
889 3916 2329 13780.371 1728.282 
887 3951 2284 13796.049 1731.467 
878 3940 2297 13779.581 1728.937 
891 3935 2299 13788.182 1728.525 
919 3885 2321 13778.834 1727.709 
911 3925 2291 13776.958 1728.967 
871 3924 2306 13758.698 1727.646 
865 3959 2284 13775.546 1727.776 
933 3854 2326 13768.77 1726.543 
917 3920 2300 13781.506 1728.696 
887 3960 2282 13782.109 1728.913 
868 3956 2289 13775.07 1727.718 
905 3916 2322 13784.51 1729.851 
909 3936 2290 13786.843 1728.27 
878 3968 2279 13784.866 1729.723 
875 3954 2286 13786.279 1730.781 
929 3859 2315 13767.683 1726.154 
900 3919 2327 13785.709 1730.052 
912 3897 2327 13776.203 1727.277 
900 3920 2306 13779.287 1729.244 
886 3914 2334 13773.978 1726.961 
916 3906 2302 13774.465 1727.235 
887 3960 2281 13782.146 1728.914 
913 3918 2302 13778.448 1728.542 
883 3961 2275 13780.852 1729.284 
923 3869 2321 13762.855 1725.67 
885 3946 2288 13781.601 1728.666 
924 3868 2338 13773.028 1727.437 
933 3855 2323 13768.543 1726.706 
934 3856 2321 13769.571 1726.106 
925 3864 2325 13768.356 1725.84 
870 3955 2283 13780.995 1730.021 
922 3888 2288 13768.687 1726.843 
915 3892 2306 13775.061 1726.954 
912 3892 2323 13777.725 1727.07 
911 3898 2317 13774.85 1727.23 
916 3893 2304 13774.549 1726.863 
881 3943 2288 13782.777 1726.863 
