956 4579 2549 13736.074 1720.48 
972 4547 2565 13747.948 1721.608 
1014 4505 2591 13735.402 1720.445 
1066 4415 2635 13716.909 1717.318 
1045 4443 2612 13720.118 1717.867 
957 4578 2550 13736.012 1720.469 
995 4543 2559 13729.498 1720.895 
974 4563 2536 13733.518 1720.235 
1024 4473 2609 13722.193 1719.137 
1015 4503 2592 13735.126 1720.354 
965 4571 2531 13737.526 1720.131 
1018 4491 2605 13735.791 1721.03 
1020 4496 2603 13736.112 1720.925 
975 4555 2570 13744.056 1721.878 
971 4568 2567 13741.157 1721.615 
980 4558 2571 13744.447 1720.564 
976 4555 2568 13744.261 1721.915 
955 4580 2548 13735.662 1720.473 
1033 4466 2589 13714.712 1717.332 
987 4552 2539 13730.161 1721.429 
1040 4464 2600 13725.182 1718.041 
1055 4456 2605 13733.937 1719.917 
976 4554 2572 13744.533 1721.921 
978 4550 2579 13741.301 1720.167 
980 4542 2586 13745.081 1721.061 
978 4559 2557 13744.12 1721.358 
995 4539 2554 13730.262 1720.585 
964 4572 2530 13737.147 1720.066 
999 4520 2582 13740.453 1719.532 
1068 4435 2603 13732.113 1719.208 
1012 4497 2595 13733.604 1721.154 
989 4557 2564 13733.016 1721.275 
980 4558 2570 13744.171 1720.587 
1004 4515 2578 13738.122 1721.275 
949 4591 2549 13736.486 1719.683 
975 4562 2536 13733.658 1720.264 
996 4542 2559 13729.381 1720.885 
998 4530 2579 13746.733 1720.809 
987 4558 2568 13742.582 1720.674 
1065 4432 2628 13725.29 1718.138 
1025 4489 2608 13733.226 1720.678 
1004 4499 2603 13732.551 1720.729 
1000 4518 2603 13749.347 1720.933 
988 4546 2558 13734.928 1720.314 
999 4531 2577 13739.659 1721.341 
1005 4518 2598 13745.574 1720.964 
988 4547 2552 13740.861 1722.675 
979 4559 2566 13731.606 1720.942 
974 4562 2535 13735.985 1720.933 
987 4542 2583 13746.385 1720.61 
994 4538 2595 13752.069 1721.522 
1010 4517 2542 13736.761 1722.071 
1067 4417 2631 13721.066 1718.228 
1065 4420 2632 13717.747 1717.187 
995 4530 2592 13737.75 1719.277 
1006 4515 2557 13720.847 1719.254 
991 4539 2570 13735.472 1721.561 
1020 4485 2610 13731.559 1721.009 
990 4541 2549 13733.7 1720.737 
977 4553 2569 13744.059 1721.974 
994 4544 2539 13728.269 1720.504 
