962 4509 2474 13661.876 1713.574 
757 4529 2273 13561.664 1701.23 
748 4544 2275 13567.375 1701.552 
987 4481 2494 13663.27 1713.094 
1008 4446 2497 13661.968 1713.508 
1010 4452 2492 13667.296 1713.974 
1006 4459 2486 13659.099 1711.531 
965 4502 2488 13660.278 1713.037 
970 4500 2477 13668.028 1714.175 
1013 4440 2491 13660.481 1712.969 
987 4459 2508 13655.427 1711.639 
1010 4445 2495 13658.441 1712.266 
960 4510 2472 13660.781 1713.55 
985 4485 2492 13665.357 1713.678 
963 4505 2486 13660.821 1713.062 
1007 4453 2488 13663.821 1714.178 
1005 4474 2498 13668.85 1712.87 
992 4483 2474 13664.14 1712.345 
1012 4443 2496 13658.673 1712.251 
1008 4449 2505 13664.432 1713.421 
1004 4476 2498 13670.697 1713.893 
1012 4449 2494 13666.898 1713.978 
985 4485 2491 13665.421 1713.689 
968 4498 2495 13661.311 1713.066 
964 4504 2488 13660.809 1713.169 
760 4528 2288 13565.558 1701.069 
970 4502 2487 13667.575 1712.91 
969 4503 2469 13664.693 1713.595 
1012 4442 2497 13657.743 1712.17 
972 4496 2494 13659.187 1712.856 
992 4453 2503 13654.516 1712.28 
1004 4475 2501 13668.331 1712.894 
1007 4454 2486 13665.325 1713.044 
745 4538 2277 13562.559 1700.428 
972 4501 2469 13664.16 1713.148 
1003 4475 2502 13668.316 1712.894 
984 4493 2481 13669.754 1713.925 
978 4499 2489 13670.858 1713.841 
950 4511 2452 13654.925 1712.169 
970 4486 2510 13661.045 1712.197 
970 4486 2509 13661.072 1712.199 
986 4480 2488 13666.514 1713.577 
968 4502 2477 13660.057 1712.923 
963 4505 2488 13660.556 1713.153 
1011 4438 2502 13657.572 1712.238 
986 4492 2487 13672.635 1714.741 
1006 4454 2494 13668.034 1714.172 
991 4483 2481 13664.21 1712.635 
966 4505 2482 13667.973 1713.058 
745 4538 2277 13562.859 1700.35 
974 4492 2490 13660.651 1713.076 
965 4494 2497 13658.214 1712.245 
991 4447 2506 13650.42 1710.688 
1013 4441 2497 13657.632 1712.163 
1007 4451 2504 13664.852 1713.602 
1010 4444 2497 13657.705 1712.005 
988 4490 2475 13670.457 1712.976 
959 4507 2480 13661.804 1712.418 
989 4458 2508 13655.727 1711.61 
988 4483 2486 13661.375 1711.913 
984 4485 2488 13668.519 1713.906 
990 4487 2474 13671.791 1714.176 
1017 4433 2494 13660.338 1712.917 
753 4537 2284 13565.757 1700.954 
983 4483 2499 13664.911 1712.933 
948 4511 2447 13653.783 1712.277 
967 4490 2507 13659.713 1711.854 
759 4529 2287 13565.597 1701.075 
995 4475 2486 13672.394 1714.301 
1014 4430 2498 13658.828 1713.16 
755 4535 2281 13567.229 1701.276 
