501 1989 1257 13934.632 1743.647 
452 2077 1226 13985.225 1750.439 
481 2040 1270 13982.898 1749.949 
462 2071 1265 13997.977 1751.974 
474 2058 1262 13991.813 1751.871 
478 2040 1271 13987.083 1750.781 
453 2076 1227 13985.835 1750.517 
490 2017 1271 13975.274 1748.234 
492 2010 1270 13954.514 1748.121 
474 2061 1259 13995.438 1751.576 
487 2021 1271 13977.571 1748.343 
480 2049 1253 13982.237 1750.178 
494 2030 1261 13979.272 1749.723 
487 2021 1271 13977.36 1748.384 
486 2040 1260 13979.839 1750.371 
476 2057 1260 13987.342 1751.308 
473 2069 1272 14011.162 1754.665 
485 2047 1268 13993.236 1751.65 
478 2054 1256 13990.406 1750.847 
475 2058 1260 13997.06 1752.402 
476 2056 1263 13997.489 1752.413 
478 2050 1263 13993.383 1749.219 
500 2016 1260 13980.348 1750.401 
481 2036 1270 13983.399 1750.099 
476 2052 1270 14000.826 1753.087 
477 2055 1260 13994.856 1752.114 
478 2049 1262 13990.743 1750.839 
499 2008 1282 13965.908 1748.847 
483 2029 1273 13980.43 1748.943 
475 2053 1264 13987.807 1751.827 
477 2052 1268 13990.299 1751.188 
489 2020 1277 13967.832 1747.9 
463 2070 1265 13997.807 1751.951 
479 2039 1271 13986.965 1750.768 
474 2057 1270 13998.085 1751.802 
459 2074 1251 13989.747 1751.628 
493 2011 1262 13951.78 1747.037 
491 2038 1269 13983.919 1751.119 
