827 3985 2264 13813.302 1732.041 
822 3986 2290 13807.644 1731.174 
858 3951 2299 13817.0 1732.115 
828 3991 2276 13812.728 1731.791 
868 3930 2316 13811.267 1730.665 
838 3967 2283 13810.679 1731.865 
814 4003 2264 13809.404 1732.11 
868 3950 2279 13802.547 1729.759 
874 3941 2293 13811.144 1731.963 
871 3928 2311 13808.767 1730.303 
837 3963 2293 13798.799 1730.703 
885 3923 2317 13812.875 1731.44 
849 3963 2280 13801.151 1731.508 
872 3941 2301 13813.217 1731.454 
830 3980 2303 13807.002 1731.703 
894 3895 2318 13800.072 1731.352 
838 3965 2286 13801.252 1730.981 
868 3952 2266 13804.236 1730.436 
805 4004 2264 13804.593 1731.495 
859 3958 2299 13814.145 1731.64 
864 3943 2311 13811.615 1731.319 
859 3947 2301 13815.316 1732.011 
846 3966 2264 13799.22 1729.014 
841 3962 2276 13806.65 1731.57 
831 3975 2289 13807.94 1731.531 
883 3925 2298 13814.117 1732.789 
841 3971 2269 13806.904 1731.903 
882 3904 2320 13800.672 1730.862 
887 3897 2316 13802.722 1731.191 
826 3983 2255 13815.64 1732.0 
829 3981 2302 13806.64 1731.634 
806 4011 2255 13808.421 1732.182 
875 3948 2302 13812.195 1731.39 
867 3947 2306 13811.981 1731.72 
880 3927 2327 13807.967 1730.682 
856 3951 2301 13808.746 1731.394 
869 3929 2315 13811.118 1730.638 
883 3928 2301 13806.463 1730.4 
825 3999 2280 13814.367 1731.864 
867 3946 2307 13811.625 1731.47 
834 3973 2259 13812.844 1732.278 
887 3911 2311 13806.69 1730.954 
875 3937 2308 13816.378 1732.978 
889 3910 2314 13802.814 1731.53 
822 3988 2267 13807.582 1733.07 
836 3970 2277 13798.258 1729.604 
884 3884 2320 13797.505 1730.897 
831 3965 2286 13809.889 1731.054 
839 3967 2284 13810.383 1731.513 
889 3905 2306 13807.574 1731.075 
836 3970 2276 13798.75 1729.648 
846 3960 2287 13799.121 1730.377 
867 3951 2280 13801.176 1729.23 
882 3932 2287 13803.203 1731.437 
832 3980 2276 13810.615 1731.964 
835 3973 2293 13809.443 1731.227 
892 3900 2309 13804.179 1731.413 
893 3896 2317 13800.002 1731.342 
860 3957 2300 13814.529 1731.71 
815 4002 2264 13809.309 1732.152 
876 3935 2306 13812.248 1731.203 
877 3931 2303 13812.357 1731.501 
829 3982 2301 13806.402 1731.59 
881 3888 2331 13791.081 1729.177 
887 3916 2308 13814.973 1732.735 
877 3935 2272 13802.572 1729.65 
857 3950 2302 13809.095 1731.419 
818 4000 2272 13810.516 1732.161 
832 3972 2282 13812.013 1731.409 
841 3964 2288 13813.64 1731.133 
833 3975 2282 13806.395 1730.842 
879 3925 2310 13806.047 1730.891 
