531 2677 1470 13791.617 1727.37 
610 2631 1534 13812.284 1731.586 
608 2625 1552 13810.463 1732.166 
590 2654 1540 13817.568 1731.848 
534 2670 1468 13781.725 1726.014 
526 2679 1467 13787.662 1726.671 
618 2607 1561 13810.231 1730.35 
539 2658 1479 13789.082 1726.691 
622 2612 1549 13808.527 1731.113 
615 2629 1535 13817.853 1732.609 
609 2623 1554 13813.697 1731.773 
617 2611 1556 13811.62 1731.747 
612 2629 1536 13814.542 1731.621 
535 2667 1471 13789.974 1726.785 
587 2656 1539 13816.171 1730.839 
609 2628 1547 13816.478 1732.843 
601 2640 1539 13812.007 1730.254 
539 2659 1479 13786.626 1726.442 
539 2662 1476 13790.926 1726.453 
597 2637 1539 13813.42 1730.84 
599 2645 1531 13815.23 1731.695 
614 2620 1550 13808.718 1731.93 
596 2645 1544 13816.14 1730.737 
612 2622 1552 13815.675 1731.618 
616 2618 1549 13814.926 1731.693 
615 2619 1548 13810.62 1730.716 
595 2651 1535 13814.172 1731.839 
542 2659 1478 13790.184 1726.983 
619 2610 1553 13809.833 1731.341 
594 2646 1537 13812.498 1731.769 
538 2659 1480 13790.228 1726.97 
622 2613 1547 13809.718 1731.464 
609 2629 1546 13817.301 1732.98 
536 2666 1473 13789.276 1727.088 
527 2676 1463 13794.736 1727.67 
539 2663 1475 13792.365 1727.283 
612 2628 1538 13817.05 1732.322 
598 2649 1528 13811.22 1730.758 
533 2675 1483 13800.002 1728.637 
536 2666 1475 13788.719 1726.454 
525 2680 1468 13788.254 1726.799 
594 2645 1540 13815.236 1731.461 
591 2649 1538 13809.688 1730.427 
612 2625 1551 13817.794 1733.474 
612 2621 1556 13816.72 1731.452 
603 2641 1538 13811.655 1732.24 
535 2665 1482 13793.183 1726.911 
600 2633 1543 13813.736 1731.884 
539 2664 1472 13790.169 1727.681 
610 2634 1531 13813.023 1730.69 
611 2632 1530 13812.167 1730.702 
539 2666 1469 13791.827 1727.267 
619 2613 1541 13808.894 1731.609 
616 2613 1556 13812.599 1731.9 
614 2622 1545 13814.875 1732.776 
614 2623 1553 13817.068 1731.374 
621 2613 1548 13808.557 1731.116 
608 2636 1551 13811.824 1731.889 
602 2629 1554 13813.237 1732.049 
535 2666 1480 13793.474 1726.976 
606 2635 1547 13817.901 1731.446 
608 2627 1550 13818.099 1731.635 
607 2635 1542 13816.653 1733.416 
