167 701 409 14064.964 1762.939 
158 713 409 14103.574 1766.757 
221 655 496 14212.682 1785.456 
158 714 408 14108.957 1767.01 
215 673 487 14233.705 1786.607 
220 654 494 14215.165 1785.892 
230 639 480 14167.395 1780.133 
220 657 494 14211.786 1785.37 
155 711 410 14077.926 1761.153 
220 653 495 14213.938 1786.04 
200 694 473 14259.822 1788.244 
222 652 482 14200.243 1783.201 
157 715 407 14105.706 1766.581 
213 676 481 14236.782 1791.512 
195 693 482 14260.36 1793.638 
166 709 414 14094.848 1768.571 
220 656 495 14212.227 1785.373 
176 700 461 14207.168 1786.415 
202 685 491 14272.131 1794.201 
214 675 482 14237.446 1791.652 
192 695 484 14254.181 1790.714 
228 651 481 14193.531 1785.894 
215 674 485 14255.241 1794.223 
216 667 501 14253.452 1790.755 
200 694 475 14249.504 1786.629 
202 693 475 14253.573 1787.096 
227 648 483 14212.084 1785.163 
213 679 492 14259.692 1788.204 
190 696 481 14270.724 1792.462 
183 699 467 14211.668 1786.566 
218 671 495 14261.208 1792.316 
211 681 475 14236.611 1785.294 
222 650 485 14200.293 1780.172 
220 667 489 14260.788 1793.065 
195 697 474 14284.265 1796.486 
192 693 492 14264.959 1794.98 
197 693 481 14258.052 1793.401 
191 694 481 14269.557 1794.892 
217 667 502 14248.32 1789.537 
181 699 462 14215.793 1786.864 
195 696 476 14247.477 1791.626 
209 684 488 14247.448 1786.802 
210 682 487 14256.974 1792.576 
211 671 496 14255.137 1791.089 
202 688 493 14269.061 1792.377 
204 689 483 14294.059 1793.276 
211 679 491 14257.208 1789.264 
209 672 499 14247.951 1789.206 
158 715 409 14100.99 1765.209 
225 648 484 14188.906 1778.793 
164 706 419 14089.639 1767.107 
199 693 474 14276.72 1793.388 
225 648 485 14184.631 1785.253 
211 672 495 14252.052 1792.325 
205 688 483 14294.702 1793.396 
222 649 487 14199.187 1784.348 
190 696 482 14270.451 1792.419 
194 698 473 14283.711 1796.439 
219 670 495 14234.075 1783.763 
209 685 480 14294.94 1793.607 
206 683 494 14276.465 1793.889 
199 693 473 14276.987 1793.443 
194 693 489 14285.269 1794.797 
204 683 491 14270.405 1794.073 
204 692 490 14289.334 1794.884 
197 694 479 14243.635 1790.667 
163 709 417 14094.047 1768.3 
196 689 489 14277.372 1797.321 
212 673 494 14251.839 1789.461 
222 656 477 14169.295 1781.789 
193 691 491 14243.939 1793.329 
210 670 492 14262.305 1792.759 
216 668 501 14248.608 1789.564 
214 678 492 14260.236 1788.252 
207 682 497 14281.352 1797.682 
212 676 490 14259.04 1793.36 
211 677 495 14256.106 1792.115 
