1121 5171 2966 13735.289 1720.577 
1093 5221 2919 13739.547 1721.01 
1095 5220 2917 13737.511 1720.956 
1105 5188 2951 13731.523 1720.213 
1103 5190 2949 13731.13 1720.126 
1095 5216 2922 13734.145 1720.562 
1104 5189 2949 13731.429 1720.157 
1168 5034 2896 13681.039 1713.941 
1119 5174 2968 13734.413 1719.651 
1164 5065 2905 13695.268 1716.279 
1106 5197 2945 13732.279 1719.865 
1101 5215 2928 13740.425 1720.947 
1146 5126 2949 13718.598 1717.589 
1118 5175 2968 13734.178 1719.573 
1094 5220 2920 13739.704 1721.039 
1126 5151 2962 13725.23 1719.133 
1167 5035 2897 13685.842 1714.572 
1123 5171 2957 13731.927 1720.495 
1128 5153 2963 13724.028 1717.918 
1143 5155 2943 13730.687 1720.366 
1128 5163 2954 13729.969 1719.836 
1165 5042 2905 13685.246 1714.844 
1113 5187 2974 13741.027 1720.77 
1123 5145 2972 13721.141 1718.618 
1123 5159 2971 13733.49 1721.461 
1116 5168 2967 13737.364 1720.95 
1095 5227 2902 13737.497 1720.769 
1160 5075 2916 13699.059 1716.502 
1110 5211 2933 13741.055 1721.493 
1161 5076 2916 13699.618 1716.5 
1122 5170 2965 13740.383 1721.022 
1129 5141 2960 13723.28 1720.167 
1122 5167 2969 13731.632 1718.996 
1167 5046 2896 13689.377 1715.041 
1137 5160 2941 13734.847 1720.697 
1138 5161 2935 13734.832 1721.108 
1145 5139 2962 13732.163 1720.731 
1142 5163 2953 13733.554 1720.928 
1128 5173 2937 13738.147 1721.513 
1121 5185 2937 13734.848 1721.022 
1118 5158 2974 13727.949 1720.473 
1110 5211 2934 13741.048 1721.492 
1124 5144 2973 13721.386 1718.659 
1154 5117 2927 13716.639 1718.687 
1129 5180 2947 13734.297 1720.711 
1149 5136 2947 13724.548 1720.092 
1106 5168 2984 13724.068 1718.347 
1131 5177 2928 13737.848 1721.129 
1098 5195 2945 13735.062 1720.395 
1096 5219 2918 13737.502 1720.947 
1112 5208 2926 13743.472 1721.581 
1119 5202 2937 13744.749 1721.371 
1130 5189 2935 13746.618 1722.603 
1101 5219 2915 13742.515 1721.374 
1114 5181 2971 13735.154 1719.436 
1123 5207 2930 13745.777 1722.458 
1132 5154 2956 13730.355 1720.74 
1126 5142 2985 13727.405 1719.568 
1116 5203 2932 13744.188 1721.652 
1127 5184 2949 13735.968 1720.906 
1115 5209 2920 13736.038 1720.469 
1120 5175 2946 13736.973 1721.879 
1134 5175 2953 13738.476 1721.0 
1129 5190 2934 13746.523 1722.593 
1120 5201 2938 13744.677 1721.356 
1120 5174 2968 13732.362 1719.987 
1097 5172 2981 13721.424 1718.504 
1100 5170 2978 13720.63 1717.939 
1109 5212 2929 13742.793 1721.592 
1125 5197 2914 13735.159 1720.044 
1130 5147 2967 13722.901 1718.925 
1117 5177 2968 13734.536 1719.565 
1141 5140 2960 13727.883 1720.408 
1133 5183 2927 13740.486 1721.336 
1115 5205 2941 13742.779 1721.575 
1126 5141 2968 13725.814 1719.7 
1148 5119 2955 13715.111 1717.391 
