197 709 477 14288.3 1796.274 
209 691 472 14236.257 1786.345 
194 709 481 14270.394 1793.86 
170 749 459 14310.928 1800.248 
198 712 474 14295.403 1797.042 
181 733 470 14330.553 1801.504 
182 732 470 14331.453 1801.424 
168 751 454 14304.702 1799.043 
190 723 470 14295.187 1797.69 
162 757 448 14307.546 1798.75 
197 713 474 14294.897 1797.004 
198 708 478 14282.41 1795.591 
196 714 474 14301.693 1797.423 
172 747 460 14324.105 1801.437 
180 735 470 14338.06 1802.642 
203 702 484 14271.761 1794.727 
189 718 475 14290.813 1797.324 
201 704 483 14269.512 1794.666 
176 741 462 14319.536 1801.669 
180 732 465 14336.109 1802.968 
190 719 471 14292.168 1797.276 
189 719 476 14287.649 1799.462 
175 743 452 14331.751 1801.767 
183 731 469 14331.75 1801.43 
176 744 457 14321.827 1801.369 
196 721 469 14314.622 1800.528 
160 761 441 14305.88 1798.53 
170 756 456 14323.343 1798.991 
179 734 464 14338.122 1802.913 
187 729 469 14345.379 1804.109 
172 741 461 14328.826 1802.846 
190 718 478 14289.351 1799.653 
192 717 480 14295.969 1797.25 
194 717 470 14299.018 1796.833 
193 711 483 14286.152 1795.278 
165 755 452 14317.123 1799.942 
188 728 470 14345.088 1804.072 
174 748 454 14307.857 1798.547 
165 754 458 14331.094 1803.74 
195 715 475 14306.327 1798.227 
193 720 471 14290.971 1796.733 
168 743 465 14300.486 1798.682 
186 723 471 14323.962 1803.874 
166 753 457 14312.317 1800.085 
173 748 458 14317.12 1799.938 
174 746 452 14336.418 1802.139 
183 732 468 14329.932 1800.604 
174 745 456 14308.852 1799.998 
167 753 452 14326.561 1801.893 
172 741 460 14330.304 1802.915 
178 739 467 14345.446 1804.902 
166 755 450 14320.28 1800.609 
194 716 477 14305.598 1798.714 
193 716 482 14296.76 1796.918 
185 722 478 14322.951 1802.181 
194 716 476 14309.942 1798.541 
205 700 479 14270.5 1794.327 
208 699 483 14273.38 1794.977 
170 749 457 14320.984 1802.556 
172 744 461 14304.684 1798.949 
197 704 484 14281.645 1791.801 
