761 3300 1978 13852.261 1733.739 
763 3299 1986 13859.06 1734.271 
650 3307 1782 13741.959 1719.836 
793 3255 1976 13841.616 1733.262 
795 3248 1961 13826.096 1730.029 
825 3210 2011 13842.782 1729.793 
814 3228 2006 13851.558 1732.257 
798 3242 1963 13833.138 1731.709 
788 3282 1965 13858.08 1734.712 
794 3248 1962 13827.223 1729.999 
826 3210 2013 13842.6 1731.836 
777 3292 1973 13862.071 1735.063 
779 3294 1965 13861.44 1735.726 
778 3282 1986 13853.085 1734.947 
650 3310 1781 13744.591 1720.134 
768 3299 1987 13858.849 1735.107 
792 3243 1983 13843.686 1733.844 
832 3201 2019 13844.958 1730.885 
790 3245 1990 13835.313 1730.904 
775 3284 1987 13858.151 1734.82 
778 3295 1965 13861.435 1735.728 
780 3286 1982 13856.93 1733.755 
782 3283 1973 13860.026 1735.24 
757 3302 1985 13853.242 1734.523 
647 3312 1780 13744.525 1720.324 
812 3234 2014 13855.139 1733.147 
757 3302 1984 13853.355 1734.542 
823 3218 2023 13848.101 1732.995 
779 3289 1968 13861.843 1735.747 
771 3288 1982 13856.712 1735.307 
784 3280 1984 13857.041 1735.107 
766 3292 1992 13856.548 1733.578 
822 3222 2007 13852.983 1732.731 
828 3207 2017 13844.874 1731.862 
768 3296 1971 13859.281 1735.116 
791 3244 1981 13843.124 1733.709 
768 3291 1988 13851.01 1733.773 
774 3285 1978 13859.228 1734.79 
837 3202 2017 13850.03 1732.36 
809 3241 2009 13857.511 1732.529 
778 3289 1975 13861.782 1735.319 
782 3284 1984 13862.635 1734.946 
646 3313 1779 13744.104 1720.179 
813 3231 2018 13853.276 1732.551 
795 3243 1981 13841.135 1730.636 
822 3208 2021 13846.572 1733.109 
815 3226 2005 13845.134 1732.113 
764 3299 1988 13857.137 1734.703 
766 3297 1990 13860.583 1735.789 
763 3297 1993 13856.677 1734.745 
789 3263 1999 13853.529 1734.581 
770 3289 1990 13853.024 1734.377 
769 3294 1987 13852.782 1734.464 
756 3304 1984 13853.69 1734.597 
791 3244 1990 13835.426 1730.923 
784 3278 1992 13859.406 1735.105 
812 3221 2021 13846.349 1732.581 
824 3224 2012 13855.031 1732.644 
815 3229 2007 13847.078 1731.399 
821 3220 2027 13853.383 1732.585 
777 3292 1982 13861.283 1734.32 
766 3296 1993 13855.075 1734.679 
789 3279 1990 13866.686 1735.926 
824 3208 2021 13840.084 1731.43 
778 3291 1973 13862.535 1735.655 
