624 2649 1584 13860.39 1736.735 
655 2643 1580 13872.387 1738.237 
658 2642 1582 13874.178 1738.476 
684 2550 1583 13818.667 1733.26 
615 2670 1582 13865.903 1737.93 
648 2646 1579 13873.227 1739.004 
653 2641 1573 13875.999 1738.818 
645 2663 1572 13878.202 1739.77 
638 2672 1561 13880.855 1739.53 
659 2641 1583 13874.451 1738.488 
694 2548 1584 13828.799 1733.95 
638 2671 1579 13894.447 1741.375 
621 2655 1587 13864.154 1738.03 
615 2672 1580 13869.342 1738.112 
656 2626 1593 13866.835 1739.192 
624 2650 1582 13860.786 1736.831 
652 2647 1572 13872.937 1738.972 
650 2659 1577 13886.178 1740.492 
659 2625 1601 13869.716 1737.307 
657 2656 1570 13884.401 1738.934 
662 2634 1579 13869.089 1737.842 
667 2626 1595 13871.083 1737.779 
662 2620 1593 13870.236 1740.0 
626 2641 1585 13853.645 1736.277 
661 2620 1601 13864.068 1736.857 
644 2664 1572 13878.144 1739.763 
644 2660 1576 13877.312 1739.045 
665 2615 1601 13864.161 1737.837 
639 2667 1575 13889.394 1739.587 
640 2669 1561 13883.972 1740.392 
667 2618 1586 13868.074 1739.595 
646 2665 1561 13882.164 1739.298 
618 2663 1592 13864.699 1738.136 
643 2660 1572 13887.203 1741.463 
641 2665 1566 13883.216 1740.229 
642 2664 1566 13883.129 1740.22 
665 2627 1592 13870.083 1737.521 
660 2619 1604 13866.656 1737.351 
623 2653 1584 13860.463 1736.75 
649 2649 1574 13888.76 1741.593 
637 2674 1560 13881.458 1739.654 
617 2666 1593 13866.378 1738.494 
663 2618 1611 13870.742 1738.366 
664 2615 1603 13867.155 1737.378 
652 2655 1569 13883.052 1740.1 
657 2632 1605 13876.986 1737.944 
646 2656 1580 13875.447 1739.1 
634 2675 1571 13884.276 1741.215 
689 2575 1581 13835.9 1735.815 
695 2544 1587 13826.411 1733.089 
661 2629 1588 13869.176 1737.36 
664 2628 1599 13873.835 1738.155 
643 2665 1570 13877.565 1739.639 
657 2619 1607 13863.137 1737.422 
643 2635 1586 13864.593 1737.602 
682 2613 1612 13870.587 1740.055 
696 2543 1588 13826.881 1733.122 
607 2681 1578 13865.443 1739.099 
659 2638 1580 13872.369 1739.156 
661 2637 1582 13871.704 1737.373 
683 2589 1605 13855.304 1738.152 
668 2616 1583 13850.256 1736.71 
626 2689 1560 13887.14 1740.528 
686 2567 1582 13840.023 1734.779 
657 2657 1569 13885.641 1739.241 
652 2652 1571 13883.307 1740.005 
652 2646 1584 13874.193 1738.588 
640 2667 1562 13888.038 1740.679 
