1009 4580 2572 13782.39 1724.285 
1002 4594 2532 13774.85 1725.21 
1005 4589 2548 13774.529 1723.853 
1001 4599 2548 13783.315 1725.425 
1010 4578 2568 13780.983 1724.122 
977 4595 2560 13778.096 1724.717 
982 4599 2554 13776.107 1724.223 
1010 4577 2582 13782.227 1724.822 
996 4609 2546 13784.691 1725.385 
1021 4566 2576 13778.725 1724.649 
981 4604 2554 13768.239 1723.361 
1018 4562 2593 13782.53 1724.778 
1001 4596 2548 13782.981 1725.959 
1021 4558 2592 13778.061 1724.424 
972 4629 2525 13781.679 1725.652 
1032 4567 2569 13783.36 1724.378 
979 4624 2532 13782.528 1725.585 
994 4591 2560 13774.729 1725.207 
1033 4525 2599 13769.54 1723.199 
1013 4572 2583 13778.85 1724.605 
1045 4563 2590 13793.636 1724.965 
1015 4572 2575 13779.249 1724.156 
996 4604 2542 13781.816 1725.425 
979 4602 2571 13776.593 1724.103 
1009 4572 2599 13778.901 1724.613 
1002 4592 2535 13775.113 1725.187 
988 4611 2537 13782.972 1725.559 
1022 4557 2592 13777.977 1724.421 
1034 4537 2588 13776.003 1725.15 
988 4607 2547 13777.122 1724.621 
978 4601 2582 13778.76 1724.538 
1005 4592 2544 13775.477 1725.186 
1020 4566 2586 13777.047 1723.61 
1045 4563 2591 13793.592 1724.959 
1031 4550 2584 13783.565 1724.98 
1015 4576 2577 13778.088 1723.716 
975 4627 2533 13785.62 1725.72 
988 4590 2578 13769.619 1722.753 
1011 4574 2579 13779.069 1724.617 
1008 4572 2582 13782.492 1723.934 
1018 4571 2583 13784.167 1725.26 
989 4622 2544 13783.733 1725.367 
972 4630 2525 13781.847 1725.65 
989 4602 2549 13783.062 1725.992 
1012 4577 2590 13778.718 1724.03 
1007 4588 2590 13790.96 1725.836 
990 4589 2579 13774.361 1722.46 
1015 4563 2594 13777.273 1723.766 
