750 3255 1864 13782.364 1726.587 
754 3251 1865 13782.682 1726.616 
726 3322 1892 13823.179 1732.499 
751 3256 1860 13782.957 1726.78 
716 3340 1898 13832.049 1732.665 
743 3277 1898 13792.925 1728.881 
713 3350 1893 13830.859 1733.91 
740 3299 1901 13827.529 1733.469 
746 3264 1886 13790.168 1728.453 
739 3308 1903 13827.051 1732.992 
725 3306 1921 13825.893 1733.558 
754 3255 1864 13782.328 1726.521 
738 3308 1904 13831.885 1733.115 
733 3281 1918 13808.282 1732.041 
740 3306 1897 13819.625 1732.535 
726 3325 1883 13821.043 1731.86 
724 3328 1891 13829.624 1733.149 
724 3307 1921 13826.042 1733.582 
741 3295 1903 13812.724 1730.692 
728 3320 1899 13822.971 1732.431 
725 3327 1892 13831.186 1734.471 
723 3331 1911 13836.26 1734.338 
719 3340 1893 13838.372 1734.4 
726 3319 1908 13828.394 1733.042 
735 3318 1913 13839.048 1734.459 
745 3271 1880 13794.814 1728.706 
723 3334 1912 13837.349 1733.924 
754 3257 1858 13780.401 1726.14 
744 3299 1890 13827.322 1732.769 
750 3255 1864 13782.015 1726.737 
720 3336 1902 13835.984 1733.677 
750 3262 1856 13784.383 1726.312 
736 3320 1895 13828.486 1734.222 
715 3336 1898 13835.342 1734.385 
721 3332 1902 13835.534 1734.49 
725 3325 1905 13834.057 1733.688 
735 3315 1906 13834.089 1734.529 
