1020 5119 2835 13640.99 1709.598 
990 5179 2806 13653.174 1709.126 
1055 5106 2776 13644.374 1709.978 
1054 5108 2755 13641.45 1709.385 
1025 5086 2807 13627.113 1706.742 
989 5174 2817 13649.168 1708.894 
1024 5087 2816 13623.762 1706.264 
990 5166 2826 13647.078 1709.602 
978 5190 2797 13648.316 1709.993 
990 5186 2798 13653.502 1709.427 
1063 5092 2780 13638.629 1708.394 
977 5194 2795 13653.422 1709.936 
1052 5080 2815 13632.637 1707.169 
1063 5091 2803 13643.18 1709.016 
1031 5118 2762 13625.918 1707.378 
1065 5091 2789 13633.924 1708.1 
1010 5125 2822 13640.867 1709.465 
1061 5093 2755 13638.695 1708.806 
1040 5117 2763 13630.499 1706.653 
1025 5120 2756 13634.875 1707.947 
1042 5116 2771 13629.302 1706.605 
1071 5082 2809 13638.437 1709.139 
1049 5107 2783 13636.774 1708.958 
1007 5132 2827 13644.961 1709.861 
1027 5118 2768 13633.278 1706.86 
993 5175 2816 13656.776 1709.712 
1053 5078 2814 13632.124 1707.079 
1045 5110 2782 13638.37 1708.682 
1060 5092 2779 13640.088 1708.415 
979 5200 2790 13653.895 1709.317 
1045 5114 2791 13640.472 1708.097 
1056 5105 2783 13647.013 1710.343 
1006 5171 2822 13658.999 1710.236 
980 5199 2791 13654.162 1709.341 
976 5192 2792 13654.601 1710.179 
1079 5090 2805 13651.581 1711.584 
994 5165 2824 13650.803 1708.969 
1021 5118 2836 13641.044 1709.599 
1024 5086 2817 13623.027 1706.214 
989 5180 2805 13652.754 1709.09 
1056 5102 2794 13641.655 1709.621 
1011 5161 2829 13653.831 1708.89 
995 5173 2802 13652.905 1709.536 
1084 5072 2794 13645.654 1710.346 
1104 5068 2831 13653.01 1711.849 
975 5192 2796 13644.022 1709.526 
1058 5098 2752 13639.452 1708.59 
979 5189 2797 13648.406 1710.016 
1085 5072 2799 13640.265 1709.503 
1048 5110 2771 13641.949 1709.034 
1060 5092 2764 13643.159 1709.64 
974 5191 2797 13648.632 1709.907 
976 5204 2794 13653.024 1709.3 
1049 5112 2779 13629.31 1707.567 
988 5188 2791 13648.833 1709.48 
1055 5103 2794 13641.683 1709.611 
1022 5110 2824 13638.302 1709.16 
1005 5160 2830 13655.008 1709.698 
