563 2661 1537 13808.793 1729.458 
531 2692 1479 13791.433 1727.707 
562 2666 1504 13800.266 1728.327 
547 2680 1506 13811.275 1729.335 
556 2677 1493 13809.454 1729.41 
569 2662 1514 13816.339 1731.264 
554 2673 1501 13806.655 1728.752 
535 2685 1491 13800.588 1728.441 
528 2684 1508 13790.971 1727.709 
555 2672 1517 13810.286 1729.17 
604 2606 1500 13784.995 1729.148 
553 2675 1513 13804.372 1729.74 
589 2615 1494 13775.508 1727.508 
610 2593 1509 13777.014 1727.608 
562 2662 1535 13808.83 1729.457 
609 2595 1510 13778.383 1727.82 
534 2685 1488 13799.762 1728.461 
512 2698 1463 13784.428 1726.371 
578 2617 1507 13777.479 1723.538 
528 2690 1484 13809.705 1728.747 
535 2687 1487 13794.876 1728.025 
604 2612 1498 13786.498 1729.342 
529 2688 1488 13805.543 1728.793 
556 2666 1518 13806.482 1729.608 
558 2664 1498 13811.277 1729.15 
559 2665 1505 13807.879 1728.967 
528 2688 1507 13794.987 1728.261 
529 2687 1499 13795.392 1728.877 
529 2688 1483 13808.723 1728.825 
529 2688 1489 13805.304 1728.793 
595 2615 1493 13783.086 1728.872 
601 2600 1506 13776.69 1728.062 
530 2694 1494 13799.233 1728.327 
552 2677 1520 13814.101 1730.8 
604 2609 1501 13784.886 1728.514 
606 2596 1509 13776.412 1727.737 
550 2682 1493 13813.051 1730.206 
557 2665 1520 13803.457 1728.5 
539 2680 1507 13799.596 1728.568 
566 2658 1531 13804.631 1728.31 
572 2647 1526 13805.886 1728.324 
573 2646 1526 13806.051 1728.325 
604 2598 1514 13782.603 1728.546 
531 2688 1484 13810.079 1728.37 
604 2602 1502 13779.247 1728.021 
606 2597 1510 13777.647 1727.163 
557 2676 1494 13809.651 1729.451 
556 2669 1503 13807.694 1729.88 
572 2634 1527 13794.815 1726.967 
559 2667 1497 13801.952 1728.122 
551 2683 1504 13816.665 1730.084 
572 2652 1519 13804.489 1728.696 
577 2651 1525 13808.314 1729.458 
608 2598 1506 13781.109 1728.745 
526 2697 1484 13813.176 1729.335 
562 2666 1501 13807.329 1729.307 
590 2614 1496 13778.879 1727.674 
553 2675 1499 13806.258 1729.479 
532 2687 1481 13795.229 1726.24 
567 2642 1528 13793.983 1726.776 
528 2697 1504 13803.542 1729.708 
606 2605 1501 13784.84 1728.786 
601 2604 1508 13780.556 1727.661 
554 2669 1525 13806.862 1729.158 
556 2665 1525 13809.941 1729.8 
564 2649 1527 13806.963 1728.844 
613 2560 1486 13744.598 1724.26 
556 2682 1497 13802.124 1728.182 
