958 4856 2517 13435.257 1682.039 
982 4740 2556 13400.814 1679.381 
955 4889 2491 13465.616 1684.839 
973 4843 2513 13431.021 1681.451 
949 4871 2506 13448.22 1684.644 
922 4937 2456 13483.239 1686.258 
864 4985 2416 13435.478 1675.635 
936 4926 2508 13478.146 1684.707 
911 4903 2503 13475.465 1685.29 
944 4898 2512 13469.895 1686.085 
927 4930 2433 13473.277 1684.655 
881 4938 2489 13477.135 1686.741 
969 4852 2453 13434.075 1681.448 
967 4848 2540 13441.295 1683.053 
933 4910 2507 13467.581 1685.643 
867 4974 2477 13464.343 1687.118 
853 4988 2451 13453.255 1682.712 
867 4975 2476 13464.692 1687.173 
960 4865 2502 13450.994 1684.3 
904 4952 2497 13476.498 1683.437 
895 4979 2479 13474.463 1684.747 
948 4897 2467 13471.808 1684.662 
919 4942 2533 13464.264 1681.176 
931 4874 2566 13457.093 1685.271 
895 4958 2491 13468.867 1685.798 
957 4835 2519 13440.758 1684.221 
922 4914 2510 13462.601 1685.07 
907 4966 2481 13476.037 1686.714 
961 4869 2448 13446.878 1681.748 
918 4942 2533 13463.865 1681.185 
951 4874 2551 13452.622 1681.708 
954 4856 2507 13438.789 1682.349 
962 4853 2513 13436.686 1680.955 
953 4863 2503 13444.845 1683.89 
903 4964 2450 13479.298 1688.688 
872 4967 2360 13449.127 1688.249 
970 4832 2522 13438.137 1678.624 
931 4892 2508 13458.662 1686.247 
938 4918 2435 13459.104 1684.158 
919 4926 2529 13474.551 1687.962 
959 4800 2547 13433.248 1683.39 
924 4940 2524 13453.659 1685.191 
955 4829 2519 13434.228 1684.799 
907 4933 2558 13459.789 1684.117 
976 4784 2548 13400.456 1675.164 
923 4890 2538 13463.35 1685.889 
949 4868 2568 13449.54 1685.815 
968 4873 2498 13448.895 1680.987 
920 4899 2541 13468.261 1685.26 
922 4941 2476 13459.601 1685.432 
962 4904 2562 13451.9 1680.163 
819 4983 2435 13437.682 1683.679 
946 4905 2524 13446.09 1681.627 
961 4905 2560 13451.505 1680.062 
926 4944 2511 13446.657 1680.927 
942 4858 2581 13453.302 1683.132 
941 4908 2520 13450.035 1685.739 
925 4840 2592 13428.231 1681.689 
889 4929 2569 13449.747 1683.147 
928 4934 2538 13465.891 1682.237 
947 4909 2514 13461.93 1685.092 
939 4856 2522 13452.272 1684.395 
952 4894 2543 13456.173 1683.214 
870 4984 2416 13441.525 1683.391 
871 4964 2467 13453.904 1686.847 
863 4981 2554 13448.56 1681.859 
883 4924 2462 13446.783 1688.073 
909 4957 2499 13466.55 1685.125 
927 4923 2538 13460.968 1686.664 
879 4930 2485 13453.124 1687.119 
972 4873 2503 13455.375 1680.667 
951 4881 2519 13450.477 1683.488 
936 4860 2576 13451.679 1684.509 
820 5005 2430 13430.807 1679.702 
987 4885 2515 13451.839 1680.418 
799 5014 2430 13441.942 1678.262 
988 4884 2515 13451.855 1680.422 
980 4845 2521 13433.344 1677.956 
858 4994 2504 13445.738 1682.677 
933 4882 2544 13449.17 1682.855 
1000 4824 2532 13464.349 1685.635 
951 4900 2500 13469.421 1686.753 
897 4961 2500 13476.116 1684.234 
839 5010 2366 13442.113 1678.926 
903 4983 2509 13470.806 1683.649 
893 4955 2515 13465.335 1684.718 
885 4947 2485 13456.657 1686.924 
963 4846 2504 13443.244 1684.275 
836 4996 2430 13448.528 1684.194 
915 4894 2556 13465.398 1682.622 
932 4888 2518 13460.223 1683.436 
829 5005 2399 13425.18 1679.171 
880 4943 2496 13456.963 1685.553 
925 4945 2439 13473.69 1685.748 
938 4888 2494 13469.309 1687.197 
961 4860 2509 13439.636 1682.073 
966 4796 2558 13431.761 1684.764 
929 4887 2528 13457.332 1689.599 
925 4945 2440 13473.629 1685.641 
944 4916 2471 13459.024 1685.637 
