838 4477 2274 13580.856 1700.275 
840 4476 2265 13579.558 1698.725 
883 4426 2349 13577.152 1700.593 
837 4481 2279 13575.191 1700.142 
836 4471 2300 13582.919 1701.038 
817 4502 2258 13586.029 1701.591 
916 4341 2362 13549.044 1695.953 
892 4420 2333 13577.519 1697.618 
911 4362 2362 13561.718 1694.719 
859 4435 2374 13562.998 1699.903 
924 4318 2353 13538.524 1693.447 
914 4349 2359 13559.467 1695.101 
904 4406 2381 13588.697 1700.696 
901 4412 2355 13583.411 1699.5 
908 4397 2362 13579.2 1698.446 
909 4396 2362 13579.29 1698.467 
895 4421 2284 13578.489 1698.869 
881 4432 2285 13583.237 1699.858 
901 4404 2356 13590.046 1701.047 
861 4443 2350 13593.275 1701.452 
882 4417 2332 13578.658 1699.108 
839 4475 2305 13576.569 1698.162 
838 4475 2306 13576.478 1698.121 
867 4429 2350 13569.571 1697.061 
908 4374 2373 13573.746 1698.78 
879 4427 2314 13584.938 1699.33 
828 4474 2321 13587.059 1697.733 
888 4410 2335 13592.046 1700.595 
824 4508 2294 13586.104 1699.57 
852 4421 2370 13586.862 1701.593 
797 4512 2287 13576.194 1699.536 
930 4315 2337 13553.443 1695.001 
817 4472 2317 13576.275 1699.453 
943 4340 2351 13558.594 1694.2 
838 4477 2274 13585.552 1699.987 
885 4435 2329 13581.868 1698.928 
872 4416 2373 13589.155 1700.588 
824 4455 2385 13590.981 1699.468 
872 4425 2361 13571.43 1698.721 
826 4461 2359 13587.728 1699.012 
880 4437 2346 13578.602 1698.538 
828 4428 2353 13566.806 1698.127 
879 4417 2338 13586.708 1697.976 
872 4425 2362 13571.305 1698.777 
885 4370 2410 13561.323 1697.251 
885 4393 2341 13588.024 1702.683 
855 4496 2260 13583.104 1698.158 
834 4455 2358 13567.856 1697.868 
855 4483 2280 13565.867 1694.938 
910 4360 2366 13564.073 1699.325 
923 4389 2355 13599.641 1704.469 
825 4486 2310 13582.721 1701.682 
877 4470 2349 13602.94 1702.785 
888 4424 2312 13588.235 1701.721 
911 4329 2361 13558.853 1697.386 
841 4481 2322 13581.9 1698.015 
879 4413 2346 13577.255 1699.714 
