133 639 349 13614.715 1704.718 
120 651 354 13650.965 1716.597 
136 637 337 13599.76 1704.236 
131 640 343 13685.663 1712.683 
155 594 339 13507.243 1691.552 
153 587 350 13522.022 1692.044 
147 624 350 13626.701 1711.506 
148 609 343 13577.349 1707.28 
151 596 326 13491.436 1693.848 
123 649 345 13662.886 1711.797 
123 642 357 13671.207 1712.326 
159 588 330 13553.93 1706.194 
138 635 336 13656.388 1710.59 
149 604 343 13574.766 1699.337 
87 674 292 13566.876 1703.345 
132 633 360 13605.364 1703.935 
125 638 365 13660.308 1717.225 
137 636 334 13641.374 1704.124 
144 629 358 13669.152 1710.471 
118 658 356 13664.001 1716.196 
110 661 357 13710.688 1719.356 
151 605 341 13481.086 1702.097 
139 630 337 13555.385 1694.303 
133 608 372 13576.818 1706.197 
114 653 345 13701.544 1709.213 
138 630 344 13649.954 1704.796 
131 633 340 13663.248 1719.023 
139 625 344 13676.764 1716.57 
131 642 338 13704.282 1723.316 
129 634 361 13659.279 1717.198 
140 627 367 13670.896 1715.871 
148 597 348 13584.604 1708.708 
139 628 343 13685.275 1717.081 
147 623 368 13603.566 1709.493 
132 636 353 13599.042 1715.731 
119 643 355 13606.536 1705.202 
121 649 361 13619.757 1703.136 
138 631 320 13645.978 1715.864 
134 634 359 13621.601 1705.176 
148 613 362 13601.324 1699.731 
89 674 301 13553.59 1694.086 
136 630 352 13643.364 1707.173 
132 648 348 13672.223 1718.527 
135 635 346 13627.965 1715.04 
150 596 346 13525.279 1697.089 
116 650 357 13620.32 1718.667 
129 639 364 13640.851 1713.93 
131 649 339 13622.423 1704.008 
138 608 371 13576.166 1702.759 
139 606 372 13570.981 1702.561 
139 608 371 13574.876 1703.298 
139 632 330 13637.46 1705.546 
138 624 337 13652.467 1719.839 
152 580 348 13508.201 1697.079 
137 626 336 13654.235 1720.036 
136 636 341 13661.56 1710.161 
109 670 296 13608.657 1707.997 
139 636 325 13645.469 1715.811 
135 637 339 13662.188 1710.2 
133 630 354 13650.402 1713.587 
133 632 339 13603.648 1716.625 
134 638 338 13663.195 1710.32 
125 667 340 13696.364 1719.618 
123 668 340 13693.107 1718.754 
119 662 346 13693.387 1726.373 
125 666 341 13689.429 1718.408 
130 643 342 13629.618 1722.029 
152 581 331 13490.204 1692.759 
132 646 340 13675.806 1713.322 
125 666 341 13689.545 1718.407 
107 673 316 13673.31 1708.719 
134 629 347 13617.996 1710.539 
127 665 343 13692.883 1718.287 
126 666 341 13692.622 1718.154 
112 669 333 13634.237 1716.247 
125 646 349 13651.61 1713.324 
122 626 359 13636.499 1720.675 
134 640 339 13653.282 1708.61 
153 597 332 13503.43 1689.956 
133 642 331 13661.507 1714.644 
133 638 346 13680.16 1716.219 
130 650 338 13594.653 1708.33 
151 584 343 13512.158 1693.213 
135 639 340 13657.392 1709.36 
148 601 369 13590.927 1702.786 
131 636 351 13606.85 1707.469 
130 652 337 13599.795 1709.134 
