512 2587 1374 13636.714 1708.561 
535 2563 1360 13625.617 1708.191 
514 2573 1300 13621.938 1706.488 
549 2508 1417 13639.545 1709.565 
547 2515 1419 13640.355 1710.867 
476 2600 1298 13633.671 1709.511 
522 2549 1390 13635.216 1708.196 
515 2562 1401 13650.142 1710.212 
509 2569 1388 13644.674 1709.498 
511 2599 1384 13677.748 1711.023 
520 2561 1376 13634.452 1706.354 
527 2555 1376 13629.72 1706.851 
515 2562 1402 13649.97 1710.393 
515 2557 1402 13649.559 1712.166 
525 2525 1409 13632.141 1706.608 
540 2517 1432 13640.314 1711.077 
521 2555 1376 13659.566 1712.168 
566 2479 1407 13605.033 1700.72 
547 2545 1363 13655.685 1710.959 
533 2554 1374 13664.604 1712.544 
539 2533 1345 13642.104 1711.22 
522 2554 1376 13637.539 1710.024 
518 2535 1426 13619.987 1706.177 
524 2548 1376 13636.299 1706.698 
590 2371 1334 13517.948 1692.716 
586 2409 1360 13558.286 1699.289 
549 2517 1398 13648.541 1711.831 
550 2513 1405 13645.352 1711.193 
506 2570 1360 13660.196 1712.301 
491 2595 1356 13666.531 1713.814 
505 2571 1360 13660.036 1712.289 
521 2559 1369 13642.166 1714.134 
523 2556 1371 13641.668 1714.094 
548 2506 1418 13621.272 1703.92 
544 2535 1387 13642.531 1710.726 
552 2515 1407 13646.438 1707.843 
533 2543 1396 13654.72 1711.252 
542 2534 1390 13630.141 1707.429 
562 2479 1431 13621.87 1704.066 
543 2530 1404 13642.382 1709.914 
543 2533 1390 13630.159 1707.534 
583 2438 1411 13601.454 1700.961 
537 2539 1399 13646.774 1708.93 
536 2539 1399 13646.253 1708.969 
523 2547 1388 13630.368 1707.547 
554 2520 1395 13648.283 1708.926 
519 2546 1400 13623.254 1704.88 
529 2544 1406 13656.313 1707.297 
526 2545 1394 13620.899 1706.088 
537 2533 1403 13629.507 1705.458 
545 2530 1364 13626.951 1707.619 
559 2516 1392 13640.957 1711.29 
525 2567 1370 13639.274 1710.426 
578 2476 1414 13609.146 1701.739 
519 2559 1383 13637.317 1707.889 
563 2486 1413 13613.438 1705.174 
580 2500 1404 13651.993 1713.946 
579 2501 1404 13652.049 1713.95 
531 2546 1386 13642.112 1711.554 
558 2499 1416 13635.884 1708.865 
521 2546 1396 13650.025 1709.051 
544 2528 1394 13649.376 1712.129 
527 2545 1375 13651.261 1712.668 
561 2490 1426 13643.154 1710.966 
513 2551 1388 13634.242 1713.522 
520 2556 1377 13625.643 1706.537 
574 2463 1431 13633.697 1706.826 
534 2523 1392 13645.938 1712.202 
470 2604 1327 13623.481 1706.455 
539 2524 1407 13641.181 1711.137 
585 2436 1387 13598.281 1703.061 
516 2530 1413 13621.084 1707.31 
535 2508 1441 13648.948 1709.44 
525 2531 1417 13619.689 1705.897 
513 2564 1353 13649.673 1710.915 
516 2565 1343 13659.244 1709.174 
497 2564 1383 13658.685 1711.797 
496 2565 1382 13658.082 1711.657 
500 2539 1409 13618.13 1706.051 
530 2553 1391 13632.988 1707.183 
533 2538 1408 13665.407 1714.119 
520 2555 1381 13627.888 1708.781 
518 2562 1391 13646.994 1710.157 
