881 4429 2352 13583.381 1698.812 
844 4436 2391 13568.76 1696.422 
868 4469 2339 13599.473 1701.613 
876 4436 2357 13581.982 1697.469 
881 4408 2350 13580.925 1700.028 
880 4409 2349 13581.069 1700.062 
893 4417 2377 13584.792 1699.699 
873 4419 2362 13576.335 1700.005 
812 4523 2351 13598.76 1702.581 
842 4484 2369 13607.751 1702.283 
823 4501 2345 13595.231 1700.799 
839 4487 2358 13587.558 1697.978 
813 4530 2341 13596.168 1701.094 
877 4410 2391 13566.462 1695.626 
820 4511 2348 13596.722 1701.105 
829 4488 2363 13586.844 1699.132 
827 4483 2380 13581.301 1700.785 
841 4475 2377 13591.309 1699.121 
836 4489 2352 13599.275 1700.519 
860 4434 2398 13586.363 1700.584 
883 4444 2339 13599.558 1702.013 
827 4509 2350 13598.411 1700.714 
843 4482 2365 13586.045 1699.322 
845 4449 2385 13587.029 1701.789 
853 4449 2316 13600.238 1702.998 
842 4460 2357 13603.434 1704.477 
872 4450 2348 13596.527 1701.373 
847 4482 2364 13583.569 1700.051 
852 4472 2339 13595.058 1701.513 
829 4489 2349 13595.042 1701.619 
910 4384 2361 13582.93 1699.204 
888 4402 2324 13586.294 1697.474 
848 4491 2327 13589.296 1701.085 
826 4497 2359 13603.316 1701.393 
870 4451 2371 13596.083 1702.073 
867 4429 2379 13593.091 1702.979 
872 4435 2388 13589.066 1701.129 
878 4411 2348 13574.444 1700.309 
858 4461 2383 13600.053 1700.115 
859 4444 2368 13598.576 1701.299 
865 4462 2328 13602.273 1701.904 
830 4457 2388 13576.306 1696.332 
853 4472 2324 13591.537 1699.58 
838 4491 2349 13597.573 1700.984 
824 4451 2387 13579.977 1697.789 
822 4521 2295 13589.654 1700.105 
859 4465 2367 13598.247 1701.452 
841 4499 2347 13604.318 1702.916 
833 4495 2348 13583.249 1698.603 
872 4455 2353 13597.739 1700.848 
863 4459 2362 13599.117 1701.767 
850 4478 2361 13599.182 1701.835 
879 4405 2381 13569.217 1696.813 
835 4513 2322 13586.62 1697.62 
870 4457 2352 13597.842 1700.87 
837 4489 2338 13602.743 1703.284 
830 4517 2340 13613.315 1702.741 
831 4480 2378 13584.646 1698.833 
820 4519 2337 13609.056 1700.515 
878 4401 2372 13582.511 1699.83 
829 4484 2373 13595.048 1701.406 
859 4465 2365 13599.723 1702.786 
827 4487 2367 13600.637 1701.883 
801 4504 2358 13580.793 1698.242 
881 4419 2355 13578.784 1698.841 
897 4389 2383 13581.233 1702.069 
858 4447 2372 13589.612 1701.119 
858 4471 2345 13580.639 1699.455 
