466 2628 1303 13631.812 1706.155 
512 2607 1387 13681.892 1715.904 
530 2593 1381 13693.873 1718.244 
516 2602 1395 13666.013 1712.407 
526 2595 1389 13682.884 1717.368 
535 2586 1401 13700.333 1719.844 
564 2525 1426 13649.286 1709.768 
539 2602 1365 13692.045 1715.623 
541 2592 1397 13683.86 1712.372 
569 2563 1409 13677.946 1712.571 
574 2534 1414 13684.297 1714.504 
508 2622 1344 13680.832 1713.46 
523 2612 1368 13686.738 1716.172 
567 2576 1425 13703.624 1717.048 
533 2594 1376 13679.544 1714.585 
534 2594 1368 13677.02 1711.453 
503 2623 1364 13681.297 1713.865 
495 2627 1354 13679.452 1713.137 
532 2596 1405 13689.932 1716.639 
575 2508 1409 13654.017 1710.986 
553 2591 1434 13704.999 1718.591 
559 2586 1444 13706.86 1718.905 
553 2581 1445 13697.729 1717.192 
511 2612 1394 13668.063 1713.271 
530 2610 1373 13692.405 1717.362 
571 2536 1414 13667.673 1710.944 
570 2505 1426 13666.724 1714.67 
576 2485 1389 13627.789 1709.327 
