329 1906 959 13545.655 1690.974 
383 1804 1008 13483.877 1689.503 
386 1812 953 13495.454 1692.686 
385 1823 979 13503.23 1691.058 
365 1887 987 13513.078 1695.444 
366 1865 976 13538.23 1702.496 
375 1861 996 13537.525 1697.853 
388 1814 980 13485.467 1686.468 
368 1876 973 13551.439 1704.241 
318 1911 908 13485.161 1692.77 
371 1865 991 13542.788 1696.298 
367 1865 976 13539.121 1702.495 
400 1798 975 13491.353 1686.567 
335 1898 999 13538.034 1695.474 
408 1785 995 13485.453 1686.901 
352 1884 998 13525.08 1699.162 
382 1854 956 13527.702 1694.267 
361 1884 1015 13537.216 1698.852 
335 1889 977 13509.834 1696.357 
377 1826 1018 13514.942 1694.636 
378 1810 994 13485.282 1685.98 
389 1834 973 13497.351 1686.421 
348 1889 936 13538.141 1695.844 
335 1886 980 13511.29 1696.978 
348 1886 978 13541.847 1697.897 
377 1856 961 13484.918 1687.526 
324 1900 957 13520.588 1693.52 
400 1776 975 13462.168 1688.308 
400 1799 991 13472.955 1686.873 
351 1854 1020 13538.964 1696.831 
404 1786 941 13437.843 1677.177 
387 1827 956 13484.614 1689.702 
377 1839 978 13527.929 1691.43 
316 1930 966 13519.49 1688.164 
361 1863 989 13549.42 1692.989 
376 1853 987 13531.771 1694.497 
361 1865 1003 13546.878 1697.426 
362 1884 969 13523.835 1694.564 
393 1815 965 13499.869 1689.043 
367 1846 1006 13508.559 1695.189 
395 1807 1005 13504.832 1694.01 
394 1809 1004 13505.543 1694.052 
349 1906 949 13532.903 1694.13 
347 1881 951 13528.203 1699.2 
331 1910 942 13520.271 1694.463 
381 1838 1002 13481.959 1687.72 
385 1842 954 13491.553 1688.58 
400 1801 963 13469.087 1690.099 
336 1910 937 13514.536 1690.896 
386 1820 952 13495.207 1694.437 
318 1909 945 13512.607 1693.188 
323 1917 930 13518.976 1688.403 
358 1898 957 13535.252 1695.825 
380 1853 963 13509.989 1694.972 
377 1852 967 13504.78 1688.706 
392 1815 1017 13494.079 1684.755 
391 1816 1017 13494.106 1684.759 
317 1914 932 13518.43 1686.467 
339 1900 951 13532.46 1696.722 
361 1889 929 13514.727 1688.27 
342 1893 959 13513.115 1691.98 
341 1902 966 13512.106 1691.956 
328 1911 914 13508.885 1690.897 
401 1808 970 13493.35 1688.536 
324 1908 949 13536.988 1692.09 
383 1822 987 13503.816 1692.178 
383 1844 942 13491.986 1689.354 
377 1830 984 13499.14 1694.846 
378 1842 978 13474.87 1683.008 
381 1836 958 13480.573 1690.275 
330 1891 958 13498.931 1695.687 
382 1822 985 13506.685 1691.066 
354 1887 961 13515.494 1686.531 
306 1915 916 13495.307 1691.534 
379 1851 971 13506.892 1693.909 
386 1828 975 13478.279 1687.954 
335 1885 987 13512.767 1696.761 
383 1827 979 13491.575 1690.858 
374 1882 982 13552.34 1698.263 
389 1834 943 13483.475 1688.953 
