650 3824 1891 13517.237 1689.027 
651 3823 1891 13517.254 1689.031 
754 3721 1976 13528.505 1693.716 
737 3742 1965 13527.733 1690.762 
752 3701 1957 13532.584 1695.954 
726 3745 1966 13527.472 1693.241 
701 3793 1963 13548.06 1696.204 
706 3759 1955 13535.899 1696.879 
678 3818 1943 13521.034 1694.586 
735 3733 1942 13522.675 1694.918 
727 3687 1995 13498.623 1689.647 
678 3818 1944 13521.322 1694.583 
735 3747 1923 13524.855 1692.412 
731 3750 1935 13532.042 1693.062 
723 3738 1968 13536.575 1693.406 
736 3747 1923 13525.413 1692.4 
747 3732 1932 13512.881 1688.998 
735 3748 1922 13525.058 1692.434 
730 3743 1932 13544.241 1693.56 
732 3749 1936 13532.492 1693.095 
757 3692 1961 13513.659 1690.803 
747 3711 1967 13525.523 1694.433 
739 3698 1935 13511.96 1698.071 
741 3724 1938 13543.454 1691.333 
748 3710 1967 13525.535 1694.437 
734 3746 1931 13542.561 1698.249 
760 3681 1949 13516.88 1693.846 
703 3715 1982 13520.704 1693.169 
721 3774 1946 13536.548 1693.482 
715 3780 1929 13536.872 1692.624 
708 3815 1917 13552.826 1698.183 
699 3722 1980 13513.608 1693.819 
715 3776 1931 13521.689 1694.93 
759 3696 1939 13499.272 1686.6 
720 3720 1960 13531.514 1695.618 
702 3718 1983 13514.529 1691.574 
711 3759 1959 13522.753 1695.606 
723 3770 1919 13535.822 1694.53 
720 3746 1950 13525.288 1690.729 
704 3762 1933 13516.553 1694.528 
775 3689 1967 13510.518 1690.839 
654 3829 1899 13505.963 1686.824 
749 3701 1971 13521.33 1694.326 
760 3664 2003 13516.616 1690.861 
761 3663 2004 13516.566 1690.857 
736 3717 1975 13530.408 1691.886 
759 3677 1957 13512.947 1693.468 
759 3648 1987 13513.027 1691.396 
744 3695 1993 13521.624 1694.966 
741 3710 1981 13523.682 1691.456 
707 3730 1999 13519.857 1690.821 
719 3740 1981 13523.644 1691.024 
739 3696 1981 13540.413 1693.802 
736 3707 1918 13512.691 1694.563 
730 3715 1979 13535.532 1694.111 
753 3693 1974 13528.574 1692.875 
719 3740 1982 13523.636 1691.023 
740 3702 1993 13532.741 1694.016 
737 3701 1978 13536.946 1693.205 
675 3800 1932 13533.588 1694.9 
740 3675 2041 13502.932 1688.552 
739 3696 1980 13540.461 1693.81 
734 3728 1972 13545.364 1695.467 
739 3692 1991 13537.394 1693.99 
735 3725 1972 13544.58 1695.345 
764 3674 1978 13512.429 1691.793 
776 3652 2010 13509.992 1692.438 
716 3733 1969 13528.405 1693.304 
681 3768 1976 13525.54 1693.305 
746 3693 1960 13528.592 1693.307 
713 3738 1934 13526.063 1694.794 
765 3654 1970 13488.773 1682.891 
710 3725 1998 13515.349 1690.063 
721 3723 1973 13516.78 1691.663 
720 3724 1974 13517.101 1691.619 
714 3681 2012 13505.573 1691.091 
637 3823 1877 13513.25 1694.719 
