951 5026 2655 13559.426 1699.252 
891 5088 2598 13551.738 1696.152 
891 5087 2600 13551.666 1696.16 
903 5081 2597 13548.35 1696.206 
900 5081 2632 13552.104 1697.192 
940 5074 2645 13558.866 1696.229 
953 5065 2649 13560.194 1696.581 
931 5062 2629 13562.585 1697.321 
952 5061 2622 13554.469 1698.314 
938 5062 2641 13560.371 1695.582 
978 5055 2665 13579.973 1697.465 
929 5073 2630 13575.332 1700.145 
929 5058 2653 13564.136 1697.201 
984 5023 2644 13554.444 1699.341 
914 5092 2560 13558.937 1695.814 
985 5021 2645 13554.37 1699.327 
925 5079 2607 13570.586 1700.068 
973 5018 2718 13549.131 1694.053 
930 5079 2589 13554.06 1698.775 
914 5081 2612 13540.541 1693.181 
953 5046 2656 13564.319 1698.429 
865 5131 2538 13526.926 1693.15 
941 5070 2626 13557.833 1698.213 
988 5009 2595 13554.821 1698.472 
957 5024 2704 13545.041 1694.496 
967 5055 2617 13571.751 1697.992 
982 5040 2640 13572.381 1700.106 
952 5047 2655 13563.936 1698.361 
897 5082 2571 13518.317 1694.006 
945 5059 2635 13552.508 1696.63 
971 5058 2627 13551.388 1696.755 
907 5064 2658 13536.405 1693.732 
912 5084 2568 13541.62 1692.999 
839 5101 2574 13521.498 1693.136 
1011 4985 2673 13562.946 1698.862 
943 5048 2627 13548.672 1699.169 
1031 4925 2616 13532.484 1697.714 
920 5095 2558 13543.445 1695.186 
949 5058 2637 13560.681 1695.788 
1022 4997 2633 13555.62 1699.317 
986 5080 2620 13568.684 1698.23 
913 5078 2622 13557.909 1696.864 
894 5110 2541 13551.178 1695.97 
962 5062 2631 13561.035 1695.915 
1027 4962 2655 13548.853 1696.387 
1018 4998 2667 13561.945 1696.563 
951 5068 2632 13558.528 1695.724 
1063 4857 2629 13523.155 1691.603 
1026 4999 2667 13568.992 1696.374 
1023 5012 2661 13570.496 1697.548 
1052 4944 2664 13548.622 1696.774 
1045 4915 2691 13536.464 1692.355 
987 5004 2615 13558.074 1698.966 
960 5069 2621 13574.914 1699.267 
960 5069 2621 13574.81 1699.27 
1027 4971 2651 13557.777 1696.373 
1021 4978 2687 13556.017 1696.329 
999 5051 2695 13574.62 1698.123 
1033 4953 2685 13543.567 1695.397 
1015 5006 2690 13563.551 1696.509 
978 5054 2671 13561.326 1697.47 
1011 5025 2699 13570.476 1697.547 
1035 4973 2626 13556.584 1695.17 
1017 5003 2687 13566.337 1696.739 
1034 4963 2687 13555.568 1695.389 
1013 4979 2668 13539.406 1696.811 
1077 4825 2652 13496.961 1691.528 
1041 4928 2670 13558.746 1694.52 
1053 4885 2606 13523.451 1693.039 
1043 4968 2664 13558.13 1695.466 
1014 4953 2678 13551.496 1698.082 
1006 4973 2702 13538.605 1696.347 
1023 4947 2718 13545.548 1695.557 
1036 4885 2699 13517.763 1692.124 
1036 4884 2700 13517.898 1692.167 
1006 4991 2709 13548.173 1694.884 
1003 5052 2645 13571.067 1696.084 
1007 4959 2719 13545.051 1694.688 
1008 4958 2719 13545.017 1694.688 
987 5006 2630 13557.328 1698.966 
1025 4988 2672 13555.264 1694.848 
1015 5035 2652 13569.512 1694.797 
1003 5021 2656 13571.906 1698.221 
999 5056 2641 13561.098 1696.179 
1021 5049 2644 13577.884 1697.212 
1056 4906 2638 13532.188 1691.214 
1054 4912 2628 13536.737 1691.615 
