464 1887 1146 13750.578 1720.184 
459 1891 1125 13718.956 1720.512 
413 1991 1108 13805.295 1728.388 
462 1922 1117 13753.026 1724.35 
459 1926 1116 13763.631 1725.252 
448 1928 1152 13754.366 1722.941 
478 1869 1115 13710.042 1715.788 
456 1912 1151 13748.489 1724.707 
447 1919 1155 13762.384 1725.693 
444 1965 1107 13789.588 1729.411 
436 1980 1137 13822.688 1732.818 
445 1948 1135 13798.167 1727.063 
417 1982 1103 13775.713 1725.066 
440 1968 1134 13815.591 1730.508 
440 1952 1140 13793.674 1728.184 
452 1919 1138 13760.866 1724.741 
444 1951 1150 13811.029 1728.309 
427 1954 1148 13774.484 1726.077 
449 1946 1141 13811.839 1728.381 
443 1911 1156 13747.805 1722.391 
451 1920 1138 13760.711 1724.715 
441 1958 1118 13791.34 1727.897 
450 1924 1133 13766.389 1722.816 
450 1924 1132 13766.498 1722.831 
446 1955 1134 13797.617 1728.853 
455 1956 1125 13806.053 1728.843 
458 1925 1136 13757.565 1723.189 
444 1957 1138 13814.733 1729.174 
455 1920 1134 13784.068 1722.425 
450 1923 1138 13762.644 1724.889 
452 1920 1139 13754.279 1722.165 
458 1913 1142 13758.795 1723.784 
465 1891 1112 13721.241 1716.037 
438 1945 1147 13781.8 1729.23 
458 1917 1139 13764.879 1727.445 
449 1906 1145 13750.565 1725.929 
464 1892 1112 13721.122 1716.022 
