368 1958 991 13637.109 1708.174 
429 1852 1041 13621.009 1706.784 
432 1868 1025 13637.786 1707.883 
358 1961 1013 13649.65 1712.56 
362 1964 994 13636.161 1708.208 
428 1875 1073 13635.611 1708.551 
421 1891 1065 13630.447 1710.167 
381 1950 1048 13668.255 1712.039 
393 1894 1082 13620.867 1705.937 
375 1959 1010 13639.554 1706.873 
366 1956 1018 13656.78 1710.479 
372 1956 1000 13651.02 1707.182 
422 1874 1075 13622.846 1704.853 
398 1909 1037 13649.517 1717.056 
364 1959 1058 13656.678 1706.499 
386 1938 1067 13662.309 1709.222 
379 1950 1055 13667.463 1715.878 
397 1933 1037 13657.389 1716.674 
416 1925 1081 13678.869 1716.103 
361 1953 1033 13670.924 1717.929 
365 1959 1040 13659.773 1711.635 
382 1928 1061 13646.267 1713.212 
394 1937 1059 13683.134 1717.575 
358 1968 1010 13647.937 1710.634 
418 1902 1058 13670.24 1712.83 
401 1910 1045 13647.06 1716.15 
353 1969 1043 13658.325 1711.142 
381 1955 1005 13652.333 1710.219 
392 1952 1040 13684.6 1717.543 
419 1881 1046 13637.752 1710.351 
366 1959 1030 13649.376 1708.788 
367 1958 1032 13650.573 1708.979 
378 1951 1076 13703.273 1718.785 
366 1960 1030 13648.958 1708.853 
413 1929 1048 13659.367 1710.499 
379 1944 1053 13678.591 1714.31 
406 1942 1058 13689.513 1714.534 
368 1957 1041 13648.367 1709.137 
369 1955 1048 13675.218 1711.433 
365 1965 1005 13639.578 1707.738 
399 1939 1061 13666.437 1710.739 
431 1831 1066 13565.569 1700.075 
431 1832 1054 13569.047 1700.106 
356 1967 1020 13645.987 1709.521 
406 1941 1059 13689.755 1714.494 
