942 4368 2424 13598.568 1704.33 
919 4420 2371 13611.659 1705.978 
939 4379 2405 13606.808 1704.309 
931 4387 2399 13603.191 1704.169 
934 4370 2399 13598.534 1705.145 
906 4388 2451 13606.133 1703.331 
947 4359 2383 13598.199 1703.469 
919 4400 2428 13620.427 1708.965 
930 4370 2384 13613.479 1705.936 
924 4411 2393 13629.805 1708.85 
929 4413 2413 13633.577 1708.415 
929 4359 2434 13604.125 1704.577 
877 4413 2442 13613.348 1707.547 
935 4369 2389 13606.704 1705.101 
936 4384 2367 13607.998 1704.664 
921 4384 2417 13606.687 1706.25 
939 4379 2406 13596.945 1704.867 
906 4466 2424 13642.852 1708.619 
882 4440 2428 13611.274 1705.196 
909 4383 2452 13603.834 1702.916 
977 4302 2411 13595.331 1703.683 
862 4493 2368 13613.061 1703.874 
924 4419 2349 13608.815 1705.1 
881 4441 2427 13611.409 1705.208 
860 4486 2384 13625.983 1705.133 
938 4376 2425 13608.496 1704.545 
944 4327 2393 13592.037 1703.346 
901 4389 2436 13601.516 1701.147 
918 4454 2403 13634.891 1708.89 
919 4358 2461 13600.125 1701.742 
916 4386 2432 13612.808 1703.254 
892 4393 2430 13610.304 1704.711 
926 4326 2438 13584.02 1698.327 
935 4391 2354 13591.634 1701.478 
912 4432 2416 13618.72 1705.691 
921 4386 2431 13613.204 1705.124 
915 4381 2457 13608.889 1704.067 
906 4391 2431 13621.124 1705.419 
946 4325 2432 13588.784 1703.409 
923 4331 2448 13575.465 1701.94 
897 4415 2425 13616.438 1707.296 
910 4389 2431 13596.719 1702.585 
912 4366 2441 13593.331 1704.437 
940 4313 2442 13577.917 1700.822 
945 4293 2434 13572.517 1700.317 
939 4383 2385 13612.009 1705.821 
873 4432 2443 13609.165 1701.1 
923 4371 2421 13592.858 1705.534 
918 4403 2427 13603.165 1701.743 
960 4334 2379 13582.362 1701.582 
882 4473 2411 13635.56 1707.757 
