759 3764 1962 13541.942 1697.763 
692 3829 1858 13527.449 1696.73 
693 3787 1951 13526.837 1691.29 
756 3732 1954 13544.073 1696.469 
791 3650 1940 13497.379 1689.305 
728 3797 1911 13541.492 1691.216 
703 3803 1950 13542.433 1695.0 
713 3775 1966 13531.354 1690.03 
747 3751 1989 13539.999 1694.736 
789 3673 1966 13507.1 1690.48 
676 3830 1913 13538.801 1693.846 
731 3786 1918 13551.193 1694.41 
721 3792 1914 13533.788 1693.698 
786 3686 1945 13508.475 1689.993 
790 3684 1939 13523.948 1691.02 
725 3792 1898 13535.825 1692.007 
749 3742 1975 13550.747 1694.058 
743 3762 1964 13545.263 1693.072 
717 3783 1919 13544.903 1693.129 
779 3686 1989 13524.172 1690.378 
754 3702 1969 13536.866 1696.9 
745 3758 1974 13547.799 1695.938 
780 3707 1936 13545.189 1695.526 
740 3771 1940 13542.709 1694.954 
706 3781 1952 13500.276 1688.539 
761 3705 1942 13508.934 1695.814 
758 3715 1985 13524.447 1694.342 
760 3699 2003 13526.345 1688.898 
796 3649 1981 13519.134 1691.192 
769 3715 1877 13496.25 1683.923 
800 3648 1985 13521.422 1691.377 
742 3717 1958 13548.718 1696.655 
779 3691 1944 13510.357 1691.44 
779 3689 1960 13503.433 1688.605 
726 3760 1972 13530.333 1692.28 
731 3774 1967 13553.677 1696.76 
757 3714 1991 13530.929 1695.051 
767 3756 1988 13564.776 1693.44 
759 3762 1925 13551.634 1694.897 
752 3756 1939 13549.073 1697.057 
772 3707 1996 13533.619 1694.636 
776 3698 2003 13522.74 1694.017 
719 3777 1935 13548.299 1694.894 
690 3783 1965 13523.333 1690.285 
718 3766 1938 13546.87 1697.049 
721 3802 1890 13530.391 1690.235 
722 3799 1918 13540.641 1692.898 
722 3798 1920 13540.842 1692.985 
750 3734 1992 13521.562 1693.205 
728 3759 1969 13546.107 1698.422 
751 3733 1993 13521.631 1693.221 
729 3757 1957 13542.746 1697.19 
713 3816 1944 13573.772 1698.217 
730 3756 1958 13543.267 1697.31 
732 3763 1930 13549.821 1696.083 
768 3729 1913 13527.249 1691.969 
721 3770 1958 13554.583 1696.959 
760 3674 2005 13510.019 1687.911 
720 3769 1959 13554.108 1696.811 
806 3658 1954 13499.892 1688.832 
805 3659 1953 13499.958 1688.842 
742 3747 1975 13545.925 1697.186 
677 3840 1894 13537.594 1692.406 
793 3636 2014 13513.343 1693.766 
779 3646 1983 13503.48 1692.676 
720 3803 1916 13557.031 1696.715 
734 3729 1985 13539.477 1694.87 
780 3674 1985 13502.639 1690.225 
727 3778 1953 13545.248 1696.315 
726 3792 1914 13529.326 1693.185 
783 3666 1970 13489.339 1688.386 
735 3795 1944 13531.65 1693.134 
755 3716 2043 13546.313 1695.65 
765 3657 2018 13508.92 1691.94 
