779 3833 2001 13615.973 1707.644 
740 3874 2001 13607.485 1704.482 
740 3874 2000 13607.806 1704.503 
738 3876 1965 13602.891 1704.447 
722 3891 1984 13608.84 1705.413 
714 3881 1990 13582.338 1703.741 
753 3859 2031 13627.326 1707.499 
744 3868 2010 13621.782 1708.023 
777 3826 2033 13623.367 1706.653 
774 3826 2058 13623.438 1706.388 
764 3853 2025 13626.352 1706.786 
804 3749 2072 13591.891 1701.57 
784 3800 2047 13624.98 1707.777 
799 3831 2016 13643.057 1708.204 
779 3826 2039 13620.608 1708.923 
795 3768 2086 13599.231 1703.919 
800 3811 2040 13633.41 1710.589 
786 3819 2040 13616.963 1707.148 
792 3800 2059 13613.24 1704.193 
782 3829 2033 13622.313 1704.045 
813 3793 2031 13627.557 1709.608 
791 3817 2059 13616.618 1703.377 
823 3757 2056 13615.207 1706.015 
784 3823 2019 13621.557 1707.007 
780 3812 2034 13621.167 1708.554 
816 3790 2049 13635.131 1708.171 
820 3803 2049 13637.192 1707.648 
813 3780 2055 13620.01 1708.812 
785 3835 2032 13634.637 1705.552 
795 3806 2050 13624.377 1708.527 
793 3823 2034 13614.961 1701.647 
800 3786 2075 13620.437 1707.772 
774 3812 2051 13611.306 1708.996 
785 3822 2029 13623.382 1706.917 
792 3812 2040 13611.498 1705.285 
775 3835 2046 13632.066 1707.688 
775 3830 2052 13623.634 1706.897 
778 3805 2065 13614.507 1706.009 
777 3833 2014 13618.814 1708.484 
776 3811 2073 13620.746 1706.553 
778 3835 2065 13609.525 1704.298 
819 3771 2054 13613.898 1702.003 
774 3813 2061 13612.675 1707.044 
816 3750 2059 13594.17 1705.009 
770 3835 2062 13632.96 1709.639 
769 3847 2020 13630.347 1710.023 
784 3823 2028 13623.086 1706.855 
793 3814 2029 13618.076 1706.567 
772 3838 2007 13608.394 1706.331 
779 3808 2075 13616.21 1704.707 
821 3740 2063 13601.059 1702.04 
779 3827 2031 13623.004 1708.095 
783 3822 2037 13627.268 1705.628 
763 3863 2041 13628.29 1706.072 
774 3839 2034 13619.005 1703.695 
797 3808 2047 13628.765 1706.893 
793 3809 2050 13627.551 1706.314 
781 3835 2029 13613.347 1707.058 
788 3818 2064 13630.739 1706.043 
767 3850 1960 13607.974 1704.731 
792 3810 2044 13633.707 1707.895 
810 3738 2058 13594.202 1703.154 
821 3759 2052 13616.677 1703.881 
777 3838 1966 13614.554 1706.484 
804 3797 2071 13619.27 1707.608 
787 3812 2043 13632.914 1706.923 
816 3755 2054 13622.063 1705.859 
794 3814 2022 13613.866 1704.783 
794 3800 2051 13624.825 1706.803 
716 3866 2020 13588.97 1702.894 
756 3870 1986 13617.908 1706.443 
752 3871 2006 13621.733 1705.931 
790 3802 2075 13620.879 1707.346 
812 3754 2081 13591.656 1702.276 
806 3775 2068 13607.59 1703.095 
809 3794 2065 13633.594 1709.101 
796 3801 2045 13617.624 1707.656 
772 3846 2033 13603.903 1701.128 
718 3876 2004 13608.307 1705.616 
775 3808 2060 13619.173 1707.378 
782 3828 2036 13621.073 1707.022 
746 3856 2045 13615.627 1708.46 
775 3847 2011 13625.349 1705.487 
771 3849 2091 13639.875 1708.427 
790 3815 2044 13613.573 1705.314 
731 3873 2017 13609.982 1706.525 
775 3804 2064 13605.455 1706.889 
750 3850 2029 13610.708 1707.69 
