361 1887 916 13523.91 1695.876 
385 1838 1010 13533.627 1692.587 
373 1863 990 13508.068 1694.975 
378 1853 998 13520.26 1689.188 
405 1790 983 13459.027 1686.941 
365 1831 1032 13460.965 1683.274 
363 1884 965 13525.909 1698.075 
380 1875 953 13531.737 1692.279 
369 1880 978 13538.664 1696.83 
415 1746 972 13417.062 1680.014 
387 1868 963 13552.866 1699.215 
369 1886 959 13562.265 1698.325 
374 1870 945 13542.837 1697.03 
390 1856 949 13523.258 1695.708 
358 1888 966 13538.869 1699.851 
303 1924 910 13506.765 1688.554 
370 1854 989 13530.567 1695.021 
403 1815 1005 13513.794 1688.723 
361 1884 979 13554.408 1696.887 
365 1868 1001 13536.786 1694.141 
363 1858 991 13516.019 1697.032 
364 1856 990 13514.41 1696.96 
368 1856 968 13530.618 1697.959 
364 1859 981 13533.591 1700.45 
402 1802 1018 13517.246 1694.113 
367 1869 990 13540.443 1696.679 
404 1807 1003 13533.635 1692.813 
363 1882 972 13524.689 1699.931 
368 1858 983 13522.779 1696.731 
404 1816 948 13500.743 1693.024 
377 1870 983 13535.124 1690.426 
357 1920 1027 13589.536 1702.702 
355 1922 1026 13588.768 1702.657 
377 1868 1021 13536.166 1693.446 
403 1821 1003 13538.713 1690.673 
403 1823 1002 13540.515 1690.861 
363 1894 1005 13550.497 1694.935 
404 1822 975 13503.552 1691.888 
403 1823 974 13502.931 1691.84 
403 1826 955 13508.176 1693.169 
386 1855 971 13513.618 1688.371 
377 1857 994 13523.608 1693.513 
391 1835 1024 13544.243 1694.084 
370 1876 960 13530.936 1693.721 
371 1875 961 13531.594 1693.78 
378 1865 975 13528.869 1694.922 
364 1880 992 13563.298 1694.11 
370 1864 984 13544.935 1692.783 
401 1852 1004 13561.207 1698.772 
