361 1963 1047 13674.972 1715.664 
399 1937 1062 13692.239 1713.13 
388 1950 1068 13697.915 1715.95 
381 1945 1082 13695.215 1716.146 
406 1929 1059 13654.546 1713.674 
387 1951 1067 13698.236 1715.989 
405 1926 1070 13687.424 1715.903 
390 1939 1072 13703.434 1717.321 
374 1960 1032 13656.634 1710.637 
373 1961 1031 13656.231 1710.604 
410 1908 1065 13660.689 1716.393 
418 1907 1066 13686.653 1716.261 
413 1917 1041 13679.896 1719.829 
392 1942 1080 13690.066 1717.342 
387 1928 1059 13687.688 1718.301 
390 1950 1022 13680.589 1719.162 
386 1934 1085 13689.351 1715.692 
390 1928 1093 13685.503 1714.442 
402 1931 1069 13666.353 1711.223 
399 1911 1083 13650.795 1714.382 
396 1905 1082 13665.746 1717.365 
398 1927 1081 13678.202 1716.44 
428 1882 1072 13661.379 1714.493 
401 1925 1080 13692.17 1715.791 
421 1905 1087 13662.82 1713.776 
404 1922 1062 13679.969 1716.545 
437 1855 1047 13635.206 1710.492 
395 1927 1079 13668.926 1719.26 
420 1912 1076 13670.135 1711.164 
416 1909 1079 13655.987 1711.617 
437 1860 1066 13629.293 1707.04 
415 1899 1080 13667.79 1718.373 
399 1926 1082 13678.72 1716.479 
378 1944 1080 13674.087 1717.365 
430 1874 1076 13632.341 1707.9 
422 1915 1068 13684.389 1714.743 
440 1859 1046 13627.206 1706.291 
424 1896 1038 13669.051 1714.527 
433 1873 1058 13636.669 1708.039 
417 1912 1075 13674.054 1709.34 
420 1904 1059 13701.466 1720.189 
398 1954 1065 13706.808 1716.682 
380 1930 1081 13669.109 1716.268 
432 1891 1064 13659.106 1708.891 
391 1919 1036 13669.388 1717.795 
406 1949 1056 13700.74 1717.126 
401 1939 1075 13669.138 1712.069 
405 1915 1083 13643.911 1709.266 
368 1957 1057 13674.367 1716.591 
388 1906 1074 13664.702 1719.292 
408 1910 1084 13664.711 1712.896 
415 1904 1097 13685.205 1712.153 
416 1903 1097 13684.703 1712.096 
388 1959 1030 13653.315 1709.369 
430 1859 1062 13629.633 1710.25 
384 1948 1069 13653.278 1707.821 
359 1973 979 13647.14 1713.394 
408 1911 1056 13677.086 1715.907 
382 1936 1036 13673.059 1717.354 
384 1938 1036 13666.734 1720.743 
433 1832 1069 13572.306 1700.637 
436 1848 1068 13611.059 1703.835 
432 1903 1034 13642.803 1711.121 
374 1944 1084 13662.718 1709.929 
409 1920 1063 13673.238 1713.856 
423 1910 1069 13696.761 1715.53 
423 1887 1070 13661.709 1712.615 
418 1903 1073 13669.57 1711.926 
409 1919 1061 13680.274 1712.748 
407 1916 1082 13681.004 1715.189 
411 1920 1054 13671.465 1713.127 
411 1920 1055 13671.72 1712.863 
380 1957 1049 13676.688 1717.046 
352 1978 1062 13683.809 1713.897 
416 1904 1088 13661.449 1709.938 
353 1977 1062 13682.842 1713.832 
355 1966 1047 13664.168 1713.096 
415 1919 1068 13649.63 1710.381 
380 1956 1049 13675.508 1717.05 
391 1944 1070 13666.851 1713.43 
404 1919 1087 13643.703 1709.127 
390 1944 1069 13665.294 1713.537 
397 1915 1109 13671.755 1716.875 
410 1924 1058 13655.301 1710.889 
384 1970 1029 13670.946 1711.93 
370 1970 1027 13667.49 1715.406 
349 1973 1029 13688.993 1715.524 
369 1958 1043 13662.93 1711.941 
413 1897 1104 13666.169 1713.795 
413 1918 1080 13679.673 1715.629 
428 1890 1097 13681.871 1712.242 
395 1940 1069 13669.828 1714.795 
403 1921 1073 13674.481 1712.075 
365 1963 1023 13669.096 1715.602 
409 1924 1057 13679.286 1711.645 
408 1927 1064 13694.563 1713.004 
419 1926 1053 13665.556 1710.12 
367 1958 1031 13661.52 1712.251 
