714 3057 1731 13588.43 1701.125 
713 3058 1731 13588.397 1701.124 
715 3064 1722 13587.313 1701.104 
716 3035 1741 13583.359 1700.543 
711 3094 1763 13614.46 1705.773 
648 3171 1701 13604.816 1701.593 
694 3123 1797 13635.242 1707.155 
691 3141 1792 13645.193 1708.061 
647 3171 1702 13604.677 1701.571 
696 3121 1798 13635.186 1707.148 
696 3147 1780 13649.398 1708.68 
705 3131 1782 13642.171 1706.966 
664 3163 1730 13633.111 1706.147 
625 3185 1719 13597.312 1704.676 
683 3141 1803 13649.499 1710.137 
686 3126 1794 13616.224 1703.647 
640 3203 1711 13631.923 1708.062 
656 3169 1750 13637.05 1705.948 
672 3159 1737 13636.099 1708.469 
666 3162 1731 13634.242 1704.997 
660 3168 1726 13640.338 1706.904 
672 3163 1750 13633.96 1706.116 
692 3156 1778 13649.508 1707.139 
663 3166 1752 13638.656 1707.705 
673 3159 1760 13636.424 1707.115 
644 3174 1733 13619.349 1703.947 
636 3185 1753 13613.982 1703.991 
