867 4290 2282 13516.297 1694.239 
864 4317 2269 13506.717 1693.07 
896 4252 2244 13498.612 1688.937 
842 4381 2222 13523.106 1693.669 
892 4269 2331 13501.977 1689.175 
879 4336 2298 13504.639 1690.453 
818 4392 2245 13520.595 1695.562 
845 4339 2311 13523.072 1694.667 
815 4393 2257 13521.533 1691.423 
803 4404 2202 13508.452 1693.151 
806 4406 2274 13528.622 1692.967 
806 4390 2248 13501.276 1693.643 
805 4416 2246 13529.127 1692.907 
873 4290 2336 13509.14 1695.053 
832 4385 2254 13514.635 1690.176 
840 4366 2318 13519.26 1693.247 
888 4272 2275 13490.456 1689.896 
787 4419 2214 13500.993 1688.232 
844 4374 2273 13519.426 1694.505 
803 4367 2300 13512.543 1689.35 
885 4287 2262 13517.134 1691.36 
829 4378 2261 13512.828 1690.754 
797 4407 2244 13513.408 1695.966 
866 4330 2292 13510.75 1692.626 
860 4355 2271 13517.364 1694.58 
815 4400 2253 13516.41 1690.392 
768 4440 2230 13505.198 1694.96 
811 4399 2204 13508.623 1694.413 
896 4237 2292 13497.048 1688.533 
868 4327 2275 13513.31 1691.564 
807 4406 2190 13512.448 1691.689 
868 4327 2281 13508.154 1690.983 
887 4286 2328 13518.722 1690.11 
862 4325 2296 13514.325 1691.633 
859 4298 2330 13505.636 1690.195 
819 4400 2253 13514.338 1691.557 
867 4321 2320 13512.828 1691.979 
903 4232 2269 13486.271 1688.563 
894 4230 2311 13479.078 1682.074 
786 4452 2240 13524.708 1693.467 
884 4264 2301 13502.24 1692.384 
791 4421 2209 13508.956 1690.718 
790 4418 2229 13505.864 1689.539 
794 4404 2265 13530.057 1696.33 
885 4263 2318 13493.25 1690.329 
818 4387 2222 13523.503 1693.276 
810 4403 2242 13537.995 1697.538 
839 4361 2306 13520.874 1691.178 
812 4339 2324 13506.563 1691.242 
888 4276 2235 13502.377 1690.425 
896 4252 2285 13492.807 1689.87 
814 4384 2269 13515.915 1692.319 
870 4292 2293 13511.861 1694.383 
881 4289 2364 13502.868 1693.425 
832 4371 2274 13524.397 1695.684 
810 4383 2257 13520.825 1696.553 
844 4337 2330 13514.029 1692.81 
858 4364 2298 13550.053 1699.501 
800 4394 2245 13534.086 1695.329 
903 4168 2294 13440.279 1680.723 
858 4363 2299 13549.184 1699.374 
863 4308 2305 13521.13 1693.735 
862 4309 2304 13520.828 1693.71 
870 4327 2224 13511.257 1689.97 
819 4382 2277 13533.455 1694.428 
814 4390 2213 13526.675 1696.254 
899 4248 2206 13486.567 1688.193 
886 4309 2260 13525.276 1694.577 
859 4335 2265 13524.18 1692.484 
863 4328 2290 13528.672 1691.828 
817 4377 2290 13524.752 1694.826 
922 4177 2289 13473.248 1689.022 
908 4178 2289 13458.759 1686.204 
858 4290 2311 13513.841 1691.328 
855 4365 2304 13556.636 1700.282 
796 4391 2246 13518.321 1694.475 
826 4384 2204 13511.579 1690.951 
871 4319 2257 13513.503 1693.806 
834 4363 2306 13532.411 1694.855 
839 4369 2259 13519.049 1694.88 
848 4333 2319 13523.419 1694.431 
894 4208 2307 13475.487 1686.023 
883 4299 2270 13530.054 1694.985 
874 4311 2280 13505.303 1693.343 
848 4334 2333 13508.531 1690.84 
882 4325 2289 13528.726 1692.875 
884 4260 2270 13498.426 1694.108 
910 4180 2285 13461.723 1687.691 
825 4378 2288 13532.184 1694.703 
845 4374 2221 13530.919 1696.554 
909 4216 2289 13476.678 1685.363 
898 4249 2270 13483.542 1686.403 
817 4367 2302 13504.516 1692.007 
865 4292 2318 13495.485 1692.637 
866 4331 2225 13507.182 1688.247 
819 4383 2244 13517.669 1692.279 
855 4284 2352 13512.578 1690.626 
816 4387 2272 13524.045 1689.072 
849 4324 2316 13500.694 1691.709 
806 4403 2288 13527.817 1693.361 
