547 3151 1568 13489.943 1691.284 
554 3142 1566 13490.178 1693.301 
551 3150 1548 13506.518 1691.683 
592 3107 1605 13505.007 1689.53 
618 3070 1557 13475.817 1689.182 
618 3070 1558 13475.791 1689.088 
605 3088 1602 13489.39 1689.11 
608 3088 1563 13501.51 1691.119 
607 3102 1598 13512.819 1693.584 
650 2875 1535 13367.724 1671.01 
583 3107 1615 13509.902 1686.59 
583 3109 1592 13502.421 1687.73 
588 3107 1581 13498.477 1692.201 
619 3059 1628 13479.119 1687.179 
583 3120 1570 13502.913 1691.158 
564 3110 1608 13493.688 1690.257 
594 3094 1602 13495.542 1689.89 
549 3138 1575 13500.269 1691.384 
572 3101 1577 13504.581 1694.413 
621 3043 1614 13473.313 1684.991 
612 3062 1632 13500.609 1692.426 
585 3084 1615 13499.666 1691.521 
626 3030 1633 13469.553 1684.67 
620 3044 1616 13473.961 1684.997 
572 3099 1647 13499.421 1689.256 
620 3045 1614 13474.445 1685.239 
614 3027 1637 13474.255 1687.387 
601 3084 1651 13511.869 1690.823 
575 3108 1603 13503.681 1688.342 
574 3096 1611 13475.879 1690.442 
536 3137 1603 13486.04 1686.121 
624 3039 1621 13474.114 1688.227 
572 3131 1597 13507.452 1691.802 
641 3022 1627 13473.279 1690.0 
625 3038 1621 13474.245 1688.231 
642 3034 1552 13480.601 1683.986 
580 3126 1576 13516.37 1691.93 
564 3111 1610 13509.506 1689.278 
585 3123 1583 13501.798 1690.695 
580 3119 1602 13512.031 1691.953 
528 3165 1559 13496.61 1688.809 
609 3081 1643 13503.447 1692.308 
630 3064 1609 13494.857 1690.766 
558 3164 1589 13518.245 1690.893 
615 3076 1619 13506.401 1690.018 
594 3097 1620 13499.558 1687.897 
585 3125 1591 13483.878 1688.792 
616 3069 1569 13465.64 1687.291 
542 3168 1559 13484.766 1689.941 
589 3090 1608 13473.116 1689.713 
541 3129 1598 13474.898 1687.041 
582 3113 1604 13493.135 1688.842 
566 3137 1554 13482.522 1687.019 
646 2989 1611 13457.185 1682.702 
553 3166 1539 13505.03 1685.906 
633 3023 1607 13439.241 1679.98 
635 3054 1587 13502.336 1690.033 
550 3111 1634 13466.474 1685.948 
546 3130 1598 13487.151 1682.312 
558 3119 1615 13481.513 1686.321 
570 3123 1598 13474.954 1684.33 
585 3109 1617 13498.325 1690.03 
546 3139 1571 13512.747 1691.166 
535 3162 1565 13504.514 1693.08 
564 3147 1552 13485.076 1691.324 
586 3089 1611 13496.071 1690.484 
537 3121 1604 13467.646 1682.728 
615 2995 1637 13462.106 1684.439 
