1051 5090 2782 13625.756 1705.66 
1004 5160 2686 13616.785 1703.985 
1045 5130 2781 13636.607 1707.336 
1077 4961 2785 13585.405 1699.324 
981 5164 2665 13609.42 1702.569 
1046 5141 2772 13637.402 1707.255 
1077 4961 2786 13585.355 1699.307 
1055 5119 2757 13637.062 1706.174 
1022 5155 2719 13624.017 1705.43 
987 5167 2700 13603.472 1703.937 
1095 4975 2700 13580.763 1699.206 
1092 4998 2759 13591.734 1701.648 
1050 5115 2768 13619.034 1703.071 
1066 5059 2777 13617.752 1703.136 
1058 5043 2803 13611.807 1704.061 
1090 4952 2788 13585.941 1699.109 
1022 5148 2738 13624.484 1703.203 
1041 5109 2826 13633.282 1705.743 
1082 4995 2788 13589.107 1698.782 
1030 5126 2807 13639.545 1706.161 
1054 5073 2778 13624.943 1704.805 
1048 5074 2793 13617.552 1705.531 
1046 5079 2836 13618.487 1702.911 
1035 5117 2814 13632.735 1705.097 
1052 5099 2769 13623.274 1706.158 
1061 5042 2789 13607.734 1703.552 
1048 5094 2805 13622.011 1703.31 
1083 4982 2775 13583.679 1697.998 
1054 5108 2796 13620.81 1704.469 
1074 5066 2785 13616.039 1705.261 
1053 5078 2797 13623.085 1703.994 
1042 5132 2775 13631.716 1705.668 
1070 5007 2786 13599.781 1699.388 
1025 5142 2778 13631.245 1704.448 
1055 5094 2775 13622.31 1702.127 
1060 5017 2806 13588.82 1700.557 
1058 5088 2800 13622.598 1704.397 
1089 4996 2697 13597.342 1701.879 
1053 5025 2809 13594.312 1701.361 
1063 5038 2793 13605.137 1703.904 
1073 5095 2774 13623.695 1706.559 
1076 5072 2774 13608.908 1705.337 
1082 5067 2756 13614.571 1706.12 
1019 5157 2770 13641.34 1707.205 
955 5181 2709 13612.35 1702.36 
