400 1913 1037 13669.51 1715.269 
411 1908 1083 13682.349 1716.788 
424 1854 1030 13600.2 1711.971 
397 1939 1046 13675.939 1712.414 
414 1895 1072 13666.56 1712.751 
385 1952 1049 13677.152 1709.553 
408 1924 1030 13680.596 1717.861 
417 1912 1042 13640.097 1710.423 
393 1956 1036 13699.103 1717.621 
404 1915 1046 13671.758 1714.062 
397 1967 1034 13727.515 1721.327 
389 1946 1041 13698.103 1716.218 
398 1956 1028 13702.735 1718.815 
413 1881 1080 13625.761 1713.093 
381 1930 1075 13676.477 1719.368 
421 1891 1069 13659.827 1710.386 
373 1940 1071 13660.204 1719.397 
401 1936 1042 13678.492 1714.988 
414 1903 1039 13643.999 1710.959 
390 1928 1075 13677.984 1716.159 
412 1900 1080 13649.542 1711.789 
397 1926 1058 13659.526 1714.008 
392 1913 1064 13655.467 1715.762 
379 1942 1041 13695.066 1717.588 
396 1923 1049 13662.364 1711.763 
412 1905 1041 13663.87 1711.374 
394 1891 1101 13629.662 1713.421 
416 1870 1043 13637.491 1712.028 
413 1893 1100 13668.805 1713.025 
413 1905 1106 13658.03 1711.01 
398 1918 1033 13674.468 1717.328 
418 1893 1046 13656.496 1710.483 
422 1884 1052 13654.195 1710.785 
373 1940 1079 13667.023 1714.679 
387 1944 1051 13688.662 1715.891 
419 1871 1073 13642.022 1711.782 
399 1919 1057 13688.622 1713.014 
386 1920 1077 13632.014 1713.358 
413 1898 1087 13659.47 1711.419 
366 1975 1074 13702.352 1717.577 
364 1981 1065 13700.962 1719.048 
370 1943 1076 13654.919 1715.695 
386 1933 1093 13659.636 1708.271 
421 1865 1071 13616.693 1709.659 
382 1949 1041 13676.016 1717.445 
418 1868 1077 13619.609 1712.242 
431 1867 1066 13634.083 1709.086 
368 1946 1095 13652.512 1717.686 
367 1956 1097 13668.392 1717.519 
379 1935 1084 13666.183 1715.967 
371 1936 1095 13671.3 1714.912 
369 1951 1072 13654.635 1712.598 
369 1939 1082 13649.082 1712.448 
370 1937 1081 13647.32 1712.036 
415 1909 1082 13649.274 1710.154 
416 1906 1099 13657.965 1709.532 
410 1911 1078 13672.422 1712.859 
374 1937 1069 13642.039 1712.064 
418 1903 1096 13661.253 1710.052 
395 1926 1043 13655.759 1716.403 
391 1907 1093 13626.724 1708.152 
389 1927 1086 13637.283 1707.625 
394 1930 1059 13678.737 1711.878 
403 1896 1109 13642.111 1710.776 
431 1825 1071 13596.238 1703.564 
390 1941 1049 13661.975 1707.35 
408 1915 1073 13664.144 1710.428 
399 1918 1066 13671.043 1715.359 
384 1942 1055 13694.15 1716.824 
424 1902 1092 13648.392 1709.085 
428 1856 1088 13612.069 1700.723 
421 1883 1101 13617.448 1708.804 
351 1986 1063 13673.078 1714.258 
420 1898 1069 13640.326 1710.911 
417 1882 1055 13608.698 1711.17 
389 1915 1096 13644.903 1709.051 
394 1905 1087 13640.245 1716.884 
418 1879 1056 13603.665 1712.085 
390 1917 1079 13660.733 1713.481 
391 1910 1087 13629.632 1707.995 
345 1985 1016 13693.975 1709.72 
406 1922 1067 13671.828 1713.151 
381 1944 1065 13653.67 1714.12 
415 1901 1065 13665.771 1714.417 
378 1966 1065 13693.892 1717.356 
385 1915 1083 13660.391 1715.613 
392 1918 1084 13647.383 1704.975 
388 1910 1091 13638.171 1712.182 
393 1923 1059 13656.421 1713.787 
387 1933 1066 13636.116 1709.049 
397 1904 1090 13629.031 1711.955 
387 1948 1061 13678.119 1715.357 
429 1854 1118 13627.507 1708.877 
410 1896 1088 13667.538 1714.517 
430 1860 1039 13640.186 1709.16 
437 1837 1066 13620.314 1708.195 
416 1890 1098 13646.499 1710.894 
403 1902 1095 13649.189 1713.54 
394 1907 1084 13659.34 1709.772 
393 1915 1075 13669.465 1707.099 
