908 4419 2413 13593.893 1701.189 
888 4399 2444 13591.48 1699.988 
892 4458 2384 13617.914 1703.944 
898 4408 2398 13606.112 1703.797 
887 4416 2401 13610.53 1704.975 
841 4509 2319 13613.407 1703.335 
829 4493 2358 13613.726 1704.576 
899 4435 2393 13612.82 1701.703 
872 4489 2366 13618.495 1704.001 
895 4395 2416 13604.964 1703.774 
886 4417 2401 13610.57 1705.011 
867 4422 2414 13601.563 1704.558 
912 4412 2405 13608.78 1702.53 
867 4488 2360 13615.774 1704.246 
885 4461 2359 13612.133 1704.541 
875 4484 2373 13623.094 1706.651 
881 4438 2383 13612.852 1706.713 
830 4499 2332 13591.857 1700.474 
889 4448 2390 13611.367 1705.181 
878 4447 2406 13625.652 1708.65 
891 4353 2446 13580.108 1699.077 
883 4446 2382 13619.028 1703.814 
864 4465 2417 13618.889 1704.972 
876 4423 2432 13604.054 1701.324 
881 4429 2366 13609.616 1707.173 
919 4368 2440 13595.218 1701.787 
921 4343 2447 13589.048 1700.921 
863 4482 2390 13621.037 1704.663 
898 4437 2392 13623.917 1705.344 
897 4430 2394 13619.739 1704.57 
872 4442 2410 13606.344 1704.407 
829 4490 2363 13588.204 1700.636 
836 4486 2349 13603.866 1706.713 
901 4426 2391 13615.329 1705.388 
902 4414 2396 13607.404 1704.24 
903 4425 2392 13615.471 1705.39 
881 4433 2414 13606.716 1704.455 
887 4424 2414 13594.402 1701.494 
875 4450 2409 13624.739 1704.476 
830 4495 2340 13600.817 1703.714 
908 4399 2395 13608.446 1703.829 
906 4346 2450 13594.833 1702.855 
908 4368 2448 13591.98 1698.655 
891 4372 2441 13583.082 1698.668 
865 4459 2421 13608.943 1702.031 
866 4458 2422 13609.255 1702.052 
861 4477 2406 13617.193 1703.952 
881 4429 2394 13591.55 1704.845 
919 4411 2396 13616.734 1702.247 
897 4404 2406 13601.8 1704.699 
914 4394 2391 13606.545 1702.496 
944 4354 2407 13580.089 1700.013 
880 4481 2389 13631.236 1709.032 
827 4499 2352 13606.536 1705.201 
893 4410 2374 13609.484 1705.57 
880 4478 2405 13628.921 1709.252 
850 4435 2431 13595.847 1702.475 
905 4425 2359 13608.961 1703.497 
888 4421 2427 13608.468 1702.678 
883 4446 2388 13614.571 1704.606 
910 4413 2403 13611.481 1702.893 
884 4445 2387 13618.656 1706.169 
911 4412 2402 13610.785 1702.888 
937 4379 2387 13599.471 1703.135 
939 4322 2416 13585.127 1699.083 
917 4395 2391 13608.605 1702.467 
878 4438 2422 13591.582 1700.549 
898 4364 2439 13596.85 1703.369 
844 4466 2408 13602.173 1702.684 
864 4484 2392 13619.181 1705.836 
925 4393 2417 13613.967 1703.405 
915 4411 2435 13603.851 1703.547 
899 4409 2394 13594.096 1704.291 
928 4393 2416 13603.789 1703.579 
938 4373 2408 13603.931 1703.898 
906 4385 2397 13590.301 1703.686 
863 4486 2392 13619.573 1705.836 
898 4413 2408 13599.037 1702.574 
882 4429 2398 13608.861 1703.16 
883 4427 2398 13595.221 1703.001 
933 4353 2420 13581.119 1700.071 
934 4337 2423 13585.543 1698.747 
887 4410 2393 13599.689 1705.227 
907 4401 2422 13610.346 1701.685 
925 4388 2431 13594.213 1702.038 
895 4438 2377 13611.653 1703.944 
901 4430 2364 13609.122 1702.372 
828 4508 2360 13608.604 1704.606 
913 4415 2393 13613.4 1704.351 
895 4440 2376 13598.163 1704.496 
883 4425 2381 13605.247 1706.691 
883 4425 2380 13605.297 1706.699 
901 4416 2393 13598.803 1703.565 
895 4398 2427 13601.848 1703.899 
903 4433 2363 13585.521 1700.088 
910 4404 2392 13619.02 1704.828 
893 4416 2405 13598.015 1701.654 
