688 3093 1756 13612.124 1703.23 
685 3105 1751 13615.769 1703.263 
686 3103 1751 13614.671 1703.055 
684 3110 1745 13594.802 1701.86 
660 3170 1745 13632.32 1706.44 
696 3080 1746 13588.807 1703.228 
699 3095 1723 13611.541 1705.506 
677 3123 1741 13617.794 1703.687 
692 3095 1749 13606.646 1701.888 
698 3086 1732 13597.911 1703.906 
703 3061 1740 13584.697 1700.184 
702 3063 1746 13585.293 1700.878 
689 3120 1737 13596.324 1702.353 
690 3115 1732 13589.859 1701.238 
671 3172 1758 13632.305 1709.616 
688 3114 1713 13606.739 1704.867 
683 3100 1774 13603.462 1704.509 
691 3120 1720 13596.699 1699.509 
677 3121 1720 13609.415 1706.675 
685 3113 1729 13611.739 1704.646 
685 3107 1735 13597.671 1703.088 
689 3107 1707 13580.438 1704.789 
698 3114 1718 13599.151 1699.414 
681 3131 1718 13601.092 1705.955 
684 3117 1734 13588.723 1704.168 
661 3180 1744 13637.993 1705.638 
663 3152 1767 13612.859 1705.266 
698 3097 1738 13599.362 1703.403 
701 3070 1742 13577.499 1700.552 
699 3096 1739 13599.215 1703.394 
699 3095 1739 13599.248 1703.327 
700 3065 1755 13600.868 1703.428 
677 3155 1727 13628.449 1704.838 
667 3155 1769 13611.711 1703.291 
670 3171 1758 13636.462 1705.758 
698 3070 1746 13579.392 1696.926 
688 3106 1740 13612.985 1707.034 
646 3184 1762 13621.783 1702.422 
667 3154 1770 13610.373 1703.163 
617 3201 1734 13608.412 1699.986 
625 3202 1732 13606.111 1701.252 
671 3163 1750 13643.727 1706.052 
705 3049 1718 13548.115 1699.888 
657 3197 1741 13640.092 1707.297 
664 3173 1722 13618.374 1705.235 
689 3043 1757 13557.893 1697.765 
718 3054 1706 13570.674 1699.188 
718 3019 1718 13542.287 1696.026 
655 3174 1760 13637.964 1706.615 
679 3135 1778 13616.582 1705.284 
676 3138 1793 13613.248 1705.328 
656 3196 1758 13647.547 1708.664 
670 3143 1763 13608.213 1704.403 
703 3071 1725 13581.048 1700.058 
648 3150 1785 13605.733 1703.926 
639 3149 1764 13614.996 1705.887 
615 3215 1716 13610.946 1704.7 
700 3072 1706 13573.193 1701.923 
673 3155 1744 13625.154 1705.6 
680 3115 1726 13620.001 1706.108 
690 3133 1699 13621.103 1704.786 
610 3208 1720 13622.853 1708.534 
691 3095 1726 13610.799 1705.02 
660 3184 1719 13627.833 1709.464 
674 3151 1757 13623.87 1707.025 
694 3120 1683 13603.62 1703.498 
660 3177 1723 13638.282 1708.66 
713 3055 1739 13576.146 1698.394 
691 3123 1692 13612.655 1707.198 
644 3171 1768 13615.921 1703.771 
649 3161 1670 13613.479 1710.451 
675 3145 1736 13615.039 1706.263 
690 3083 1721 13589.812 1706.812 
632 3203 1670 13587.483 1702.985 
679 3136 1712 13603.902 1702.909 
611 3203 1697 13609.323 1707.446 
694 3102 1730 13596.345 1702.948 
592 3216 1689 13601.905 1703.319 
681 3118 1705 13602.188 1704.008 
590 3217 1688 13600.241 1703.047 
