747 3738 2035 13543.352 1697.149 
752 3775 2017 13571.425 1699.935 
764 3742 2037 13549.686 1696.963 
775 3734 2025 13552.446 1696.874 
770 3751 2007 13557.865 1697.007 
736 3746 2055 13538.333 1694.025 
793 3715 1954 13538.671 1693.447 
766 3695 2058 13533.479 1694.25 
698 3813 2012 13579.978 1699.818 
771 3708 2050 13551.695 1693.497 
765 3773 2011 13585.886 1698.889 
772 3745 2003 13553.026 1697.208 
764 3773 2011 13585.803 1698.928 
755 3713 2044 13527.554 1694.434 
784 3734 2004 13567.259 1700.915 
763 3774 2009 13585.392 1698.867 
761 3776 2008 13585.946 1698.952 
729 3818 1985 13600.42 1703.053 
730 3816 1986 13600.048 1702.979 
768 3782 1982 13581.531 1698.647 
721 3831 1975 13601.375 1703.476 
785 3717 1993 13539.964 1694.515 
735 3829 1962 13592.981 1702.3 
763 3791 1987 13588.089 1699.479 
705 3874 1930 13589.604 1700.196 
769 3772 2025 13589.337 1701.157 
775 3711 2027 13542.755 1697.294 
735 3813 2024 13578.586 1699.721 
813 3695 2019 13541.65 1695.688 
777 3736 1983 13561.242 1697.971 
785 3733 1982 13557.376 1698.407 
813 3673 2044 13531.293 1693.723 
798 3695 2036 13525.593 1693.567 
797 3696 2036 13525.609 1693.569 
799 3694 2037 13525.871 1693.6 
789 3704 2020 13535.573 1694.267 
819 3690 2037 13548.066 1695.641 
714 3852 1957 13582.516 1698.578 
786 3712 1997 13532.738 1695.324 
710 3842 1974 13573.971 1701.81 
787 3720 1967 13544.403 1696.944 
779 3723 2010 13546.93 1698.467 
758 3814 1988 13586.144 1698.792 
767 3776 1986 13559.3 1696.306 
802 3693 2024 13530.966 1692.513 
797 3699 2016 13530.516 1692.609 
732 3827 2008 13583.129 1700.476 
777 3718 2022 13547.727 1695.977 
747 3760 2049 13550.733 1696.021 
770 3763 2007 13555.003 1695.335 
749 3853 1964 13584.424 1697.436 
770 3739 2012 13548.623 1693.396 
747 3825 1984 13575.702 1695.984 
794 3710 2019 13557.026 1697.97 
751 3821 1981 13577.04 1696.169 
798 3709 1991 13556.483 1699.077 
747 3825 1983 13575.707 1695.985 
719 3834 1971 13591.891 1701.743 
667 3883 1939 13575.013 1699.809 
709 3829 2002 13579.31 1699.119 
784 3728 2009 13535.758 1693.985 
749 3776 2017 13574.569 1699.553 
683 3875 1958 13582.687 1699.095 
770 3746 1967 13551.802 1697.626 
788 3742 1967 13538.397 1693.442 
695 3856 1923 13576.171 1701.678 
757 3812 2011 13599.811 1701.492 
748 3777 2016 13574.373 1699.52 
690 3863 1986 13588.647 1702.782 
771 3728 2041 13560.102 1697.734 
771 3744 1966 13550.81 1697.544 
743 3851 2001 13601.616 1701.668 
768 3771 2028 13583.328 1698.062 
770 3777 1974 13557.562 1694.697 
757 3819 1979 13584.673 1699.45 
748 3820 2005 13589.567 1699.28 
744 3830 1997 13594.99 1700.68 
758 3810 2010 13599.131 1701.341 
780 3704 2040 13523.605 1691.093 
773 3726 2028 13555.744 1698.156 
787 3743 1985 13543.705 1695.684 
772 3700 2029 13534.019 1692.784 
791 3699 2022 13556.813 1696.287 
720 3829 2015 13567.453 1697.287 
774 3756 1972 13561.981 1696.91 
778 3703 2023 13549.28 1696.697 
774 3740 1978 13544.335 1696.729 
763 3782 2034 13577.568 1699.492 
711 3861 1960 13590.68 1701.067 
783 3739 1981 13543.386 1696.986 
780 3745 1975 13563.516 1696.923 
792 3701 2038 13531.967 1694.339 
770 3720 2024 13561.164 1696.217 
777 3728 2007 13546.087 1698.469 
799 3707 2005 13545.433 1697.105 
786 3717 1987 13546.161 1696.804 
792 3696 2021 13539.555 1696.657 
780 3669 2066 13526.717 1693.99 
799 3669 2018 13546.52 1697.062 
