323 1366 828 14004.599 1760.355 
322 1375 834 13976.031 1757.574 
318 1370 835 13969.794 1756.914 
328 1361 830 14001.973 1758.632 
341 1327 862 13941.705 1754.552 
321 1367 833 13990.17 1761.632 
327 1358 845 13994.05 1761.145 
329 1361 851 13999.099 1760.392 
328 1374 816 13991.566 1760.499 
334 1345 825 13954.067 1760.915 
338 1361 848 13990.772 1758.635 
337 1362 846 13990.953 1758.669 
329 1364 822 13987.408 1761.579 
342 1354 847 13988.589 1758.431 
339 1358 843 13986.98 1757.279 
346 1344 821 13973.326 1762.058 
344 1357 855 13995.9 1758.397 
353 1342 843 13980.426 1758.537 
352 1339 848 13977.409 1757.619 
349 1346 855 13985.71 1757.006 
346 1354 836 13973.668 1758.76 
350 1345 856 13985.78 1757.013 
337 1363 842 13991.154 1758.132 
366 1314 845 13960.915 1756.661 
347 1347 856 13977.183 1757.31 
352 1342 852 13990.194 1756.501 
347 1353 850 13999.298 1760.792 
333 1361 836 13969.019 1759.103 
349 1345 845 13982.691 1757.568 
349 1344 850 13992.214 1761.306 
350 1343 851 13993.384 1761.521 
365 1315 844 13960.566 1756.595 
348 1344 851 13984.547 1757.366 
352 1341 846 13982.198 1759.153 
360 1335 854 13997.37 1760.921 
338 1356 814 13965.974 1760.208 
349 1347 842 13982.615 1758.672 
361 1334 855 13997.61 1760.974 
365 1318 832 13923.657 1754.385 
352 1350 829 13983.411 1758.975 
326 1362 831 13970.127 1760.871 
361 1334 854 13998.483 1761.484 
333 1356 818 13974.261 1760.492 
324 1371 826 13965.23 1759.377 
364 1335 842 13991.425 1757.579 
363 1326 847 13970.564 1759.015 
335 1368 841 13992.319 1758.331 
362 1312 852 13943.026 1749.673 
364 1332 849 13985.339 1758.971 
365 1317 838 13945.756 1754.6 
336 1370 834 13999.934 1760.254 
359 1319 856 13948.733 1754.726 
333 1358 842 13981.445 1759.779 
348 1355 828 13991.772 1759.808 
