967 4879 2521 13461.208 1685.683 
890 5025 2465 13490.123 1684.03 
898 5029 2444 13490.603 1686.73 
975 4851 2493 13443.808 1680.651 
976 4763 2532 13427.131 1680.336 
956 4923 2512 13466.57 1686.979 
911 4994 2514 13480.114 1687.786 
974 4861 2571 13481.844 1682.88 
955 4881 2537 13484.767 1686.818 
964 4890 2593 13473.586 1686.645 
951 4886 2518 13478.068 1688.51 
974 4848 2535 13453.779 1685.093 
944 4917 2548 13458.802 1686.625 
862 5008 2474 13449.892 1681.134 
931 4948 2516 13472.793 1686.003 
996 4815 2487 13413.493 1678.62 
914 4971 2504 13464.681 1682.781 
971 4873 2556 13462.198 1682.868 
871 4971 2544 13464.302 1684.836 
982 4828 2513 13427.955 1680.638 
934 4943 2581 13493.499 1688.942 
937 4940 2510 13476.563 1686.704 
971 4840 2551 13463.04 1686.882 
960 4865 2556 13468.715 1689.471 
937 4940 2508 13476.385 1686.711 
916 4973 2471 13482.968 1690.751 
938 4960 2505 13485.156 1687.248 
936 4942 2507 13476.23 1686.797 
936 4941 2509 13476.636 1686.708 
938 4939 2509 13476.636 1686.702 
939 4938 2510 13476.654 1686.614 
913 4972 2478 13484.004 1694.012 
920 4952 2521 13489.56 1686.65 
966 4896 2493 13460.08 1687.952 
902 4944 2545 13470.57 1687.021 
982 4834 2494 13435.248 1680.558 
913 4999 2484 13493.998 1689.759 
970 4877 2503 13453.928 1684.183 
978 4847 2513 13454.509 1685.135 
941 4923 2519 13474.313 1686.383 
868 4953 2511 13470.456 1690.136 
921 4950 2523 13472.305 1685.983 
869 4951 2513 13469.982 1690.046 
924 4953 2511 13488.109 1688.302 
967 4863 2534 13482.583 1685.517 
897 5001 2524 13493.467 1689.971 
913 4976 2507 13484.939 1687.34 
998 4809 2485 13444.33 1684.718 
919 4953 2520 13478.396 1686.291 
981 4838 2500 13450.538 1681.99 
839 5042 2501 13466.344 1683.459 
889 4954 2545 13470.875 1684.768 
992 4824 2530 13462.628 1687.405 
997 4739 2500 13412.872 1678.395 
893 4951 2570 13482.772 1688.858 
816 5044 2455 13462.22 1684.017 
997 4738 2501 13412.988 1678.403 
996 4740 2500 13413.651 1678.491 
826 5040 2404 13467.228 1684.171 
875 4976 2538 13477.227 1685.976 
995 4767 2491 13431.009 1681.531 
1012 4747 2491 13427.245 1676.946 
902 4949 2497 13489.533 1687.599 
913 4961 2516 13480.487 1684.777 
965 4885 2523 13487.465 1686.802 
938 4916 2489 13462.029 1687.395 
914 4871 2509 13469.557 1689.053 
973 4891 2497 13469.007 1683.399 
962 4908 2531 13480.762 1688.345 
939 4937 2557 13487.791 1686.834 
920 4896 2593 13469.381 1687.623 
943 4914 2555 13495.636 1687.348 
848 5002 2446 13470.438 1684.908 
959 4931 2572 13488.488 1685.75 
910 4937 2493 13475.617 1689.002 
962 4910 2530 13481.538 1688.48 
906 4908 2585 13456.645 1685.036 
