462 1974 1168 13862.335 1736.684 
462 1976 1167 13865.156 1737.092 
469 1959 1183 13845.634 1734.118 
475 1953 1193 13849.036 1731.269 
452 1970 1195 13828.885 1731.375 
488 1948 1142 13830.419 1730.42 
489 1962 1142 13839.011 1730.185 
448 1983 1168 13853.523 1735.983 
464 1976 1169 13859.354 1735.848 
443 1994 1178 13853.768 1735.11 
442 1998 1160 13865.422 1737.068 
488 1964 1142 13840.595 1730.324 
483 1974 1160 13854.314 1733.368 
484 1963 1167 13867.11 1737.746 
444 1981 1172 13828.855 1732.303 
455 1983 1160 13850.181 1733.127 
477 1977 1180 13879.226 1735.797 
489 1951 1154 13823.903 1729.004 
466 1971 1181 13843.792 1734.0 
457 1980 1172 13834.392 1731.474 
472 1969 1142 13846.29 1736.342 
484 1965 1184 13851.575 1733.522 
476 1962 1188 13858.493 1731.987 
486 1952 1180 13856.198 1733.589 
479 1964 1158 13861.663 1736.158 
513 1890 1168 13806.42 1729.165 
456 1981 1166 13830.622 1731.202 
455 1992 1147 13827.091 1729.677 
486 1941 1199 13844.593 1732.132 
463 1956 1196 13850.157 1733.623 
463 1949 1200 13833.795 1731.566 
477 1960 1186 13853.59 1732.552 
470 1950 1197 13823.554 1728.464 
493 1944 1188 13878.641 1738.067 
485 1950 1154 13862.657 1737.239 
492 1945 1187 13878.585 1738.053 
459 1983 1159 13858.15 1736.113 
505 1929 1185 13854.161 1735.967 
499 1945 1192 13866.106 1736.051 
503 1940 1179 13863.802 1738.685 
462 1977 1143 13840.77 1735.944 
485 1946 1174 13873.69 1736.534 
465 1958 1185 13847.183 1733.112 
504 1937 1182 13864.216 1738.237 
453 1988 1144 13840.715 1731.869 
493 1944 1195 13860.209 1733.939 
453 1988 1145 13840.679 1731.868 
512 1893 1179 13814.711 1730.137 
495 1936 1209 13862.679 1738.414 
478 1946 1194 13879.669 1737.267 
485 1959 1179 13846.626 1731.193 
483 1949 1173 13855.004 1739.971 
484 1970 1177 13871.026 1735.292 
485 1956 1189 13866.39 1736.547 
481 1954 1192 13857.759 1734.334 
486 1958 1180 13847.055 1731.204 
479 1950 1194 13856.388 1733.31 
468 1963 1189 13840.154 1728.26 
478 1957 1179 13858.256 1733.248 
483 1965 1178 13850.119 1733.969 
486 1962 1164 13859.29 1734.56 
496 1926 1199 13843.951 1733.322 
444 1986 1146 13823.632 1732.369 
465 1957 1193 13835.168 1730.849 
471 1961 1182 13851.611 1732.881 
460 1954 1199 13828.573 1730.55 
459 1985 1140 13845.536 1733.467 
465 1981 1156 13863.251 1735.159 
475 1949 1197 13839.821 1731.665 
