863 4992 2526 13485.223 1686.052 
958 4813 2593 13430.577 1681.275 
942 4845 2604 13456.344 1682.941 
888 4994 2440 13461.493 1685.521 
889 4993 2441 13461.783 1685.525 
853 4969 2469 13464.371 1688.458 
943 4865 2598 13466.787 1682.113 
878 4956 2471 13481.727 1685.511 
840 5003 2409 13452.5 1684.49 
982 4756 2534 13421.564 1679.015 
909 4938 2558 13468.788 1684.907 
908 4938 2559 13468.254 1684.913 
980 4826 2423 13422.061 1679.008 
873 4996 2439 13460.126 1685.187 
897 4979 2477 13460.696 1683.479 
917 4935 2504 13493.07 1688.095 
979 4823 2495 13438.367 1678.006 
916 4937 2504 13493.512 1688.16 
922 4936 2580 13472.516 1687.715 
918 4934 2503 13493.082 1688.097 
922 4937 2579 13472.802 1687.752 
917 4935 2503 13493.076 1688.095 
965 4917 2477 13491.449 1688.142 
899 4989 2400 13468.339 1685.495 
848 5011 2385 13446.509 1679.501 
979 4809 2500 13431.257 1679.083 
951 4927 2595 13489.237 1685.319 
942 4951 2521 13477.137 1688.35 
919 4975 2555 13481.123 1687.338 
942 4951 2520 13477.506 1688.382 
925 4967 2489 13471.744 1685.934 
860 5000 2487 13456.753 1680.646 
970 4830 2564 13444.633 1681.929 
838 5001 2436 13455.604 1682.593 
986 4768 2532 13419.605 1678.445 
825 5006 2460 13451.263 1681.171 
974 4810 2524 13443.674 1680.4 
974 4807 2558 13433.481 1676.332 
975 4790 2545 13427.121 1680.192 
1002 4761 2525 13412.558 1678.382 
891 4991 2528 13478.818 1685.674 
892 4990 2530 13479.001 1685.677 
893 4958 2485 13477.927 1687.501 
942 4932 2557 13483.046 1689.03 
925 4948 2522 13477.956 1686.382 
998 4788 2520 13431.587 1682.416 
967 4899 2571 13492.905 1688.248 
974 4803 2546 13420.837 1678.481 
972 4911 2555 13488.563 1688.656 
946 4936 2525 13474.573 1685.147 
947 4926 2539 13485.052 1686.498 
981 4792 2504 13423.664 1680.492 
974 4872 2462 13447.76 1681.058 
946 4936 2526 13474.556 1685.145 
980 4774 2524 13434.298 1677.487 
977 4854 2516 13445.121 1684.465 
988 4818 2499 13443.243 1683.021 
944 4945 2486 13490.069 1686.031 
888 4964 2493 13463.188 1687.816 
978 4811 2532 13431.418 1679.884 
