740 3780 2051 13592.999 1703.909 
751 3774 2067 13583.068 1699.96 
751 3804 2029 13581.64 1699.197 
689 3821 2040 13586.546 1698.582 
780 3763 2048 13579.898 1698.498 
806 3726 2048 13573.778 1698.542 
737 3782 2049 13578.047 1699.494 
739 3808 2042 13584.962 1700.393 
807 3712 1995 13562.684 1697.962 
748 3820 1986 13571.205 1695.582 
736 3787 2031 13594.615 1700.898 
789 3702 2061 13562.112 1698.353 
701 3851 2000 13593.602 1699.76 
687 3826 2016 13569.857 1698.389 
735 3816 2001 13591.718 1701.939 
719 3783 2082 13584.788 1697.188 
726 3813 2074 13595.175 1700.037 
813 3663 2038 13545.242 1693.369 
738 3794 2016 13588.815 1698.431 
790 3749 2101 13597.848 1698.236 
780 3748 2083 13592.856 1699.385 
778 3762 2063 13590.966 1701.64 
766 3776 2084 13587.268 1697.691 
787 3752 2088 13588.315 1697.201 
774 3757 2102 13586.514 1697.167 
781 3747 2084 13593.119 1699.391 
766 3789 2048 13591.581 1699.747 
759 3791 2039 13589.791 1700.15 
753 3792 2047 13592.674 1698.879 
770 3770 2063 13589.75 1701.716 
757 3792 2012 13590.338 1702.666 
754 3791 2047 13592.505 1698.809 
712 3851 1975 13591.6 1696.224 
750 3787 2033 13582.312 1700.178 
779 3764 2024 13570.281 1696.299 
782 3757 2078 13594.543 1702.086 
785 3748 2078 13579.08 1699.583 
742 3788 2043 13578.973 1700.466 
775 3773 2058 13604.401 1703.822 
724 3809 2019 13593.381 1700.253 
767 3778 2035 13596.441 1703.487 
770 3785 2013 13588.431 1701.482 
727 3824 2001 13583.577 1698.773 
724 3817 2036 13592.24 1699.283 
809 3718 2109 13590.056 1697.603 
734 3807 2026 13595.582 1700.668 
748 3771 2076 13583.812 1700.609 
754 3777 2054 13588.038 1697.001 
725 3840 2002 13604.854 1701.972 
735 3804 2031 13592.718 1699.139 
770 3785 2013 13588.445 1701.473 
733 3812 2039 13596.433 1699.717 
764 3782 2023 13592.567 1697.725 
758 3774 2055 13589.08 1700.074 
772 3773 2090 13595.337 1700.548 
774 3777 2030 13598.471 1702.345 
752 3811 2015 13598.966 1702.556 
745 3817 2033 13586.836 1699.671 
751 3786 2038 13593.804 1698.883 
739 3786 2064 13582.666 1698.279 
768 3779 2012 13590.818 1703.568 
716 3827 2009 13581.655 1698.436 
754 3780 2054 13586.365 1697.651 
689 3872 1979 13591.705 1700.667 
719 3820 2012 13590.13 1698.2 
775 3776 2032 13599.619 1702.459 
720 3825 2014 13579.671 1696.846 
730 3830 1999 13604.797 1701.281 
786 3716 2063 13576.595 1699.949 
746 3818 2036 13587.843 1699.598 
724 3817 2019 13590.11 1701.276 
707 3862 2009 13594.545 1698.889 
742 3776 2036 13580.182 1700.364 
721 3782 2034 13589.521 1702.132 
744 3793 2023 13590.131 1700.375 
794 3737 2057 13586.419 1700.693 
748 3800 2030 13584.763 1698.442 
720 3823 2005 13562.165 1698.336 
702 3836 2010 13579.422 1698.742 
736 3774 2063 13591.032 1701.507 
797 3732 2004 13570.961 1699.122 
735 3775 2063 13591.004 1701.502 
773 3760 2080 13589.339 1701.378 
730 3816 2030 13592.356 1701.876 
744 3793 2023 13589.849 1700.493 
758 3785 2027 13592.61 1698.734 
776 3770 2023 13577.732 1698.294 
