571 3056 1555 13470.685 1692.583 
605 3041 1592 13466.127 1687.391 
628 3047 1545 13456.314 1684.928 
579 3089 1573 13472.787 1689.898 
609 3069 1572 13487.454 1687.172 
534 3138 1563 13490.877 1687.81 
511 3156 1531 13478.905 1686.373 
591 3072 1608 13486.46 1688.945 
592 3086 1556 13483.715 1691.025 
572 3072 1590 13485.606 1691.555 
521 3141 1565 13476.513 1686.362 
614 3039 1589 13462.796 1686.382 
585 3080 1546 13498.185 1690.377 
543 3164 1505 13483.321 1688.665 
564 3077 1530 13467.737 1692.724 
596 3108 1617 13502.672 1688.201 
603 3044 1578 13480.441 1688.147 
621 3050 1553 13472.382 1688.445 
554 3137 1584 13501.358 1687.738 
558 3085 1590 13458.432 1690.443 
574 3125 1559 13482.48 1689.698 
587 3104 1565 13490.778 1688.224 
585 3112 1616 13497.698 1688.157 
605 3117 1567 13505.249 1687.38 
580 3102 1635 13487.024 1684.388 
558 3097 1598 13492.166 1689.451 
569 3126 1590 13480.625 1686.296 
612 3035 1585 13470.274 1685.53 
530 3152 1572 13460.047 1681.696 
583 3119 1615 13496.368 1687.689 
645 3028 1650 13484.341 1687.773 
577 3119 1585 13487.733 1688.569 
582 3121 1619 13498.845 1688.546 
610 3071 1571 13472.347 1682.374 
617 3055 1561 13457.352 1681.301 
622 3060 1582 13455.1 1679.495 
598 3070 1520 13468.502 1689.309 
599 3095 1581 13505.831 1688.775 
614 3056 1583 13466.858 1683.793 
646 2995 1621 13466.221 1683.943 
556 3149 1554 13483.6 1685.91 
617 3055 1531 13475.615 1683.426 
598 3076 1613 13469.703 1684.285 
597 3054 1619 13442.441 1685.123 
608 3049 1587 13477.257 1687.644 
608 3056 1574 13469.043 1685.198 
615 3053 1606 13470.203 1686.014 
565 3119 1656 13508.541 1688.636 
565 3119 1655 13508.583 1688.64 
609 3061 1595 13459.167 1684.272 
620 3052 1560 13457.922 1686.161 
614 3050 1601 13471.702 1684.577 
604 3042 1627 13469.278 1684.4 
619 3038 1611 13446.613 1682.217 
521 3160 1530 13471.984 1686.958 
597 3059 1636 13467.944 1684.546 
493 3172 1525 13464.987 1681.816 
538 3141 1581 13467.833 1682.569 
545 3137 1596 13472.547 1686.889 
605 3059 1611 13481.645 1684.916 
553 3135 1603 13508.032 1694.35 
618 3040 1593 13455.861 1683.269 
584 3091 1627 13500.785 1688.207 
537 3151 1546 13493.09 1688.404 
595 3102 1632 13516.453 1687.396 
601 3011 1594 13458.858 1688.74 
586 3098 1645 13520.083 1687.501 
599 3068 1596 13492.493 1687.821 
586 3097 1646 13519.751 1687.546 
572 3081 1614 13469.457 1690.528 
542 3142 1588 13469.238 1682.416 
563 3117 1564 13500.795 1691.788 
589 3057 1562 13463.026 1690.419 
598 3064 1602 13489.078 1684.185 
539 3149 1547 13479.353 1686.805 
572 3042 1550 13450.681 1691.903 
591 3044 1585 13459.903 1690.254 
564 3130 1549 13492.273 1692.107 
573 3131 1537 13502.865 1688.193 
591 3075 1623 13477.396 1689.632 
592 3074 1624 13477.454 1689.633 
571 3133 1536 13503.308 1688.228 
561 3146 1534 13490.587 1686.024 
578 3108 1577 13494.7 1691.178 
601 3035 1638 13454.103 1683.45 
613 3034 1609 13461.804 1686.205 
630 3037 1636 13495.597 1684.846 
509 3185 1524 13489.853 1683.831 
567 3130 1566 13510.475 1691.601 
612 3035 1608 13461.729 1686.188 
570 3096 1583 13493.58 1691.1 
620 3016 1583 13479.491 1688.153 
513 3160 1556 13477.602 1686.607 
577 3102 1555 13478.869 1691.228 
619 3017 1583 13479.764 1688.186 
591 3050 1639 13460.378 1687.779 
514 3160 1521 13463.318 1687.316 
567 3094 1614 13481.735 1689.807 
590 3111 1548 13498.274 1689.451 
575 3053 1628 13470.373 1688.504 
