395 1920 1036 13657.01 1710.721 
409 1893 1034 13626.524 1707.667 
379 1930 1040 13631.924 1707.457 
438 1827 1042 13586.766 1701.418 
420 1886 1036 13649.768 1706.761 
426 1869 1040 13622.741 1707.004 
429 1850 1026 13602.655 1705.485 
434 1845 1025 13600.652 1705.255 
391 1920 1044 13641.135 1703.938 
428 1826 1067 13588.857 1698.679 
427 1827 1067 13588.993 1698.711 
430 1843 1059 13603.856 1705.087 
420 1851 1052 13618.36 1707.482 
405 1917 1048 13666.747 1715.596 
385 1911 1050 13633.456 1707.603 
404 1908 1052 13646.951 1714.403 
385 1921 1045 13643.731 1713.095 
387 1919 1038 13638.869 1713.239 
421 1869 1045 13611.784 1705.646 
375 1923 1038 13637.369 1709.761 
430 1856 1024 13603.296 1703.186 
408 1906 1036 13630.164 1711.153 
439 1823 1057 13570.174 1700.337 
423 1875 1035 13607.934 1708.679 
422 1848 1049 13598.286 1704.373 
428 1858 1038 13610.176 1703.24 
398 1924 1032 13659.92 1714.81 
422 1872 1048 13619.476 1705.247 
426 1890 1034 13634.088 1705.554 
434 1853 1056 13608.124 1703.845 
428 1880 1026 13629.927 1705.699 
416 1834 1069 13590.075 1697.865 
406 1900 1039 13644.718 1708.627 
411 1890 1044 13649.969 1708.152 
394 1919 1035 13659.109 1712.747 
404 1901 1058 13632.696 1708.367 
365 1950 992 13639.641 1708.467 
415 1894 1042 13642.064 1704.453 
407 1907 1035 13658.644 1704.482 
387 1937 1005 13637.148 1710.558 
382 1949 1015 13650.496 1714.428 
399 1909 1073 13676.515 1712.436 
390 1932 1025 13650.972 1713.137 
415 1879 1078 13661.485 1709.07 
409 1891 1046 13626.785 1705.968 
436 1836 1019 13575.064 1697.535 
406 1907 1054 13629.397 1707.436 
374 1936 1020 13639.526 1707.214 
421 1862 1056 13627.392 1706.29 
381 1933 1033 13641.272 1710.509 
418 1887 1066 13648.597 1713.398 
402 1921 1016 13660.067 1713.507 
403 1920 1017 13660.565 1713.52 
422 1842 1054 13613.227 1701.262 
385 1925 1021 13654.683 1707.694 
409 1896 998 13636.642 1709.178 
443 1827 1028 13593.229 1703.064 
425 1859 1044 13608.19 1704.769 
424 1838 1051 13604.353 1705.841 
426 1855 1006 13596.93 1709.362 
391 1918 1000 13661.2 1710.189 
