1094 5014 2709 13604.348 1701.332 
1097 4987 2681 13588.299 1698.793 
1095 5010 2794 13619.109 1702.232 
1088 4998 2720 13616.479 1703.099 
1081 5026 2729 13617.525 1702.887 
1102 4978 2743 13610.602 1703.216 
1072 4978 2790 13611.177 1703.562 
1081 4999 2761 13613.409 1703.201 
1087 5003 2718 13610.078 1703.476 
1107 4955 2713 13600.453 1702.987 
1089 4986 2762 13619.548 1704.802 
1075 5012 2787 13626.212 1705.518 
1071 5041 2774 13635.891 1705.49 
1066 5041 2781 13636.014 1705.546 
1079 4972 2789 13605.292 1702.589 
1076 5002 2746 13610.528 1703.965 
1074 5024 2725 13616.465 1705.633 
1061 5049 2768 13630.743 1705.873 
1087 5002 2745 13614.757 1703.075 
1070 5086 2767 13643.483 1706.7 
1075 5017 2732 13633.385 1702.057 
1049 5063 2781 13639.319 1703.795 
1055 5085 2772 13637.412 1705.861 
1047 5098 2764 13646.193 1707.331 
1090 4996 2764 13615.584 1702.646 
1055 5031 2769 13630.552 1706.952 
1106 4956 2791 13604.48 1701.86 
1012 5104 2727 13635.984 1706.445 
1053 5086 2769 13636.192 1705.688 
1073 4990 2808 13612.736 1703.092 
1091 4983 2808 13607.339 1702.527 
1078 5016 2772 13622.743 1703.823 
1023 5099 2747 13637.39 1705.819 
1012 5106 2744 13633.152 1705.465 
1073 5021 2781 13624.598 1702.168 
1090 4996 2762 13615.58 1703.285 
1082 4995 2776 13610.467 1702.825 
1076 5007 2766 13624.674 1702.567 
996 5130 2710 13637.893 1706.198 
1076 5013 2790 13631.063 1702.147 
1070 5025 2779 13623.762 1703.759 
1072 5014 2775 13614.498 1702.631 
1086 4994 2782 13619.13 1707.324 
1066 5064 2732 13637.731 1707.376 
1119 4932 2778 13589.726 1701.041 
1098 4972 2766 13600.003 1701.304 
1109 4955 2760 13599.181 1701.635 
1089 4959 2763 13607.912 1704.79 
1010 5109 2732 13630.117 1705.216 
1102 4969 2771 13606.021 1701.278 
1074 5057 2766 13636.342 1705.617 
1098 4958 2776 13589.78 1700.165 
1089 4991 2780 13605.737 1704.292 
1100 4979 2744 13607.641 1702.567 
1072 5013 2776 13614.541 1702.633 
1092 4979 2765 13599.249 1702.47 
1081 4998 2757 13614.865 1702.931 
1062 5002 2795 13598.663 1698.951 
1083 5024 2728 13616.432 1702.912 
1076 5001 2782 13629.433 1703.985 
1107 4968 2746 13604.786 1699.178 
1082 5014 2733 13620.211 1704.34 
