562 3241 1615 13586.372 1697.523 
574 3230 1667 13594.218 1701.22 
582 3235 1660 13616.936 1703.804 
593 3229 1594 13590.405 1698.917 
639 3212 1740 13669.065 1709.308 
645 3188 1761 13662.314 1708.002 
653 3194 1779 13661.38 1712.14 
653 3194 1780 13661.319 1712.13 
628 3224 1727 13651.933 1708.334 
611 3227 1733 13630.569 1706.245 
671 3174 1787 13659.878 1711.76 
622 3221 1720 13653.13 1712.651 
625 3224 1710 13643.15 1712.0 
661 3171 1791 13649.703 1710.507 
657 3185 1798 13664.538 1712.315 
624 3223 1713 13644.253 1710.113 
643 3220 1773 13664.228 1713.866 
705 3155 1786 13659.117 1711.345 
704 3156 1785 13659.212 1711.35 
705 3154 1787 13658.753 1711.466 
699 3185 1785 13675.912 1712.674 
664 3189 1766 13656.977 1710.482 
659 3179 1791 13656.361 1711.52 
