291 1333 715 13808.726 1735.842 
280 1322 745 13807.991 1735.905 
280 1326 736 13811.415 1734.861 
300 1306 729 13815.828 1738.154 
279 1322 733 13804.56 1736.566 
299 1306 735 13802.613 1738.04 
305 1296 764 13804.269 1733.11 
307 1281 748 13772.49 1732.556 
297 1304 753 13807.036 1735.659 
315 1275 754 13769.983 1733.555 
316 1274 755 13771.747 1733.736 
320 1257 775 13771.985 1726.754 
280 1330 736 13794.637 1731.899 
325 1271 773 13804.482 1731.345 
312 1281 748 13761.857 1728.785 
278 1340 740 13821.318 1731.02 
286 1321 751 13805.313 1731.954 
293 1322 742 13807.365 1729.314 
293 1326 732 13820.915 1735.309 
285 1330 749 13820.598 1730.911 
286 1342 725 13832.772 1738.101 
303 1300 754 13819.002 1733.974 
293 1315 753 13816.203 1735.061 
295 1334 716 13821.379 1735.774 
313 1314 726 13813.122 1735.247 
297 1322 726 13808.185 1734.817 
295 1325 727 13807.433 1736.069 
283 1331 731 13810.163 1735.087 
305 1315 753 13849.788 1733.632 
303 1321 750 13862.042 1737.69 
290 1327 732 13827.168 1734.641 
290 1328 729 13824.179 1733.988 
297 1310 739 13829.836 1739.087 
300 1316 726 13831.039 1739.593 
294 1328 723 13843.872 1740.37 
306 1299 753 13847.112 1736.35 
305 1315 752 13849.849 1733.647 
321 1294 746 13817.969 1739.393 
305 1316 726 13801.094 1732.234 
306 1314 753 13849.39 1733.635 
323 1277 759 13789.034 1732.258 
301 1327 730 13828.78 1734.326 
314 1299 729 13795.374 1728.952 
308 1288 756 13785.267 1731.448 
302 1326 731 13829.625 1734.335 
307 1304 742 13828.244 1736.314 
307 1298 760 13797.908 1727.147 
308 1308 727 13787.514 1727.886 
324 1286 729 13792.917 1731.052 
282 1322 751 13793.116 1725.945 
284 1348 729 13850.435 1734.472 
294 1316 757 13796.234 1728.416 
288 1326 746 13810.447 1730.522 
311 1296 737 13791.47 1734.529 
289 1318 751 13780.575 1724.219 
313 1306 745 13821.626 1734.061 
307 1314 742 13833.587 1735.818 
303 1301 774 13821.558 1732.558 
288 1327 740 13814.774 1726.623 
317 1297 732 13814.688 1733.955 
329 1274 759 13787.585 1728.878 
287 1333 721 13813.907 1736.643 
295 1308 758 13787.096 1729.868 
282 1322 750 13793.321 1725.982 
300 1323 734 13827.125 1730.762 
318 1283 747 13766.251 1729.304 
296 1325 723 13794.689 1734.561 
304 1300 755 13775.34 1730.255 
