969 5079 2610 13563.318 1697.883 
986 5072 2627 13576.725 1700.422 
982 5078 2601 13567.136 1698.465 
1000 5046 2609 13562.822 1695.097 
991 5032 2625 13556.994 1697.655 
978 5037 2664 13553.921 1697.748 
937 5099 2652 13572.336 1698.593 
1004 5012 2690 13562.913 1695.006 
1054 4960 2665 13559.907 1697.477 
1032 4956 2689 13552.781 1693.781 
1024 5000 2642 13563.861 1697.352 
965 5070 2658 13577.302 1697.807 
987 5043 2630 13577.184 1698.747 
1064 4920 2665 13545.315 1693.644 
979 5046 2656 13567.18 1698.381 
993 5036 2651 13550.59 1693.862 
988 5070 2676 13573.875 1695.786 
989 5031 2685 13575.426 1697.368 
1001 4998 2705 13548.792 1694.438 
1027 4993 2652 13560.829 1697.749 
960 5082 2613 13575.819 1696.993 
1020 5011 2648 13566.58 1698.111 
961 5081 2614 13575.891 1696.999 
1040 4979 2658 13571.682 1699.066 
1027 4886 2709 13525.059 1689.096 
1022 4966 2687 13549.635 1696.132 
1039 4961 2701 13551.416 1694.83 
977 4927 2712 13530.518 1690.161 
1064 4896 2684 13543.637 1694.515 
1041 4961 2657 13549.925 1695.198 
1062 4955 2625 13553.511 1694.816 
1041 4987 2615 13558.638 1696.994 
1017 4976 2698 13560.28 1696.937 
1024 4924 2707 13535.499 1691.387 
1062 4958 2683 13552.786 1696.53 
1065 4935 2669 13537.688 1694.342 
977 5065 2656 13568.699 1696.45 
996 5011 2695 13562.082 1694.437 
1046 4953 2677 13553.649 1693.524 
1059 4948 2682 13553.159 1694.343 
1046 4986 2660 13557.29 1693.386 
1046 4986 2661 13557.584 1693.303 
1021 4967 2690 13546.594 1693.964 
977 5010 2694 13555.099 1695.223 
1036 4981 2675 13570.371 1695.975 
1014 4991 2711 13559.544 1694.256 
967 5056 2663 13575.432 1697.921 
1007 4979 2686 13541.77 1694.389 
1018 5028 2679 13582.167 1698.718 
1019 5027 2680 13582.407 1698.747 
1002 5042 2634 13574.583 1697.611 
994 5042 2636 13564.566 1695.402 
1035 5035 2684 13587.156 1697.25 
921 5108 2606 13567.452 1694.953 
989 5036 2639 13561.057 1696.14 
964 5079 2618 13559.511 1694.818 
