635 3312 1765 13731.924 1718.953 
604 3325 1762 13723.685 1719.648 
651 3276 1786 13721.473 1717.419 
652 3263 1768 13710.653 1719.552 
611 3323 1760 13714.843 1717.603 
658 3250 1772 13709.551 1718.451 
610 3342 1737 13734.932 1717.241 
620 3319 1793 13721.697 1715.106 
657 3271 1802 13723.022 1717.918 
656 3272 1783 13732.227 1717.43 
585 3345 1750 13726.275 1716.346 
629 3311 1797 13734.251 1719.665 
653 3273 1782 13721.1 1718.302 
645 3295 1778 13736.991 1719.004 
606 3326 1758 13727.067 1715.7 
583 3357 1764 13735.034 1717.649 
615 3327 1744 13726.849 1717.326 
631 3312 1771 13736.457 1721.214 
646 3294 1780 13737.371 1719.014 
646 3294 1779 13736.84 1719.057 
652 3282 1765 13724.693 1718.047 
648 3292 1788 13732.902 1717.14 
643 3307 1774 13735.726 1717.683 
609 3327 1756 13712.489 1715.773 
603 3335 1754 13706.003 1715.276 
658 3263 1785 13712.101 1715.082 
649 3304 1775 13745.744 1721.135 
642 3308 1773 13735.609 1717.66 
632 3322 1786 13738.601 1719.397 
638 3299 1780 13727.397 1719.003 
643 3295 1790 13734.217 1718.146 
644 3282 1799 13732.688 1718.462 
661 3265 1763 13717.351 1717.343 
661 3269 1780 13720.342 1715.823 
665 3256 1810 13714.088 1718.123 
664 3256 1776 13718.556 1715.48 
613 3332 1754 13730.661 1719.997 
667 3260 1776 13711.235 1714.745 
671 3248 1775 13722.242 1717.7 
680 3208 1776 13683.814 1713.368 
659 3265 1771 13722.173 1718.145 
637 3306 1784 13742.645 1720.548 
677 3245 1752 13691.438 1714.447 
639 3298 1786 13745.259 1721.376 
646 3299 1772 13746.53 1720.576 
653 3281 1770 13732.475 1718.519 
671 3257 1757 13698.699 1715.119 
670 3245 1777 13697.508 1714.702 
662 3280 1789 13706.302 1716.331 
673 3232 1757 13699.984 1712.548 
672 3240 1756 13696.312 1714.86 
661 3271 1776 13725.198 1716.778 
659 3285 1766 13729.063 1717.374 
653 3277 1789 13725.482 1717.064 
653 3286 1743 13721.154 1716.745 
667 3262 1772 13713.103 1718.414 
651 3294 1781 13731.745 1720.736 
671 3257 1746 13700.662 1714.81 
659 3268 1795 13707.322 1716.071 
670 3250 1766 13702.487 1715.27 
667 3262 1773 13713.044 1718.413 
658 3272 1767 13728.137 1719.535 
659 3268 1794 13707.341 1716.074 
640 3307 1751 13740.783 1719.119 
654 3268 1807 13721.767 1716.717 
666 3255 1811 13716.974 1716.797 
669 3248 1804 13708.717 1715.695 
655 3270 1803 13724.477 1717.668 
639 3312 1780 13733.079 1718.667 
656 3281 1766 13719.349 1719.278 
631 3310 1788 13716.09 1715.65 
653 3259 1796 13715.622 1718.07 
651 3265 1783 13726.005 1717.488 
655 3280 1802 13721.391 1717.169 
622 3321 1776 13731.492 1720.26 
650 3271 1787 13731.737 1719.804 
653 3290 1795 13716.451 1717.237 
647 3294 1782 13714.825 1716.184 
646 3280 1809 13727.929 1715.931 
670 3251 1764 13698.51 1714.282 
649 3289 1782 13736.525 1718.547 
673 3225 1781 13701.125 1712.42 
