528 2380 1261 13459.867 1683.021 
517 2396 1283 13480.679 1684.803 
517 2397 1282 13480.772 1684.825 
504 2343 1323 13432.813 1677.281 
523 2400 1262 13462.607 1682.379 
500 2454 1312 13501.391 1691.449 
511 2383 1315 13446.118 1686.223 
522 2401 1262 13462.627 1682.383 
491 2451 1320 13519.965 1690.15 
470 2436 1335 13466.901 1685.597 
470 2436 1334 13467.583 1685.736 
505 2425 1303 13486.639 1689.335 
486 2452 1317 13505.387 1689.847 
500 2407 1315 13458.967 1686.349 
488 2483 1291 13493.79 1688.261 
487 2484 1291 13493.675 1688.253 
495 2434 1343 13487.382 1683.347 
512 2445 1289 13502.235 1690.619 
515 2371 1311 13447.393 1682.605 
494 2450 1331 13516.967 1689.42 
496 2449 1332 13518.033 1689.446 
508 2430 1313 13510.155 1688.305 
412 2536 1246 13500.332 1686.96 
486 2490 1315 13557.78 1695.409 
494 2466 1312 13526.331 1692.941 
523 2343 1292 13410.29 1676.025 
487 2439 1326 13502.923 1694.042 
473 2534 1297 13551.724 1695.362 
496 2448 1273 13492.123 1691.551 
502 2377 1292 13447.894 1691.348 
498 2419 1328 13482.234 1686.396 
504 2405 1316 13456.134 1683.778 
521 2373 1291 13440.785 1685.143 
467 2484 1330 13525.264 1696.229 
517 2464 1261 13509.733 1692.224 
503 2436 1290 13506.073 1689.844 
465 2497 1223 13511.87 1697.475 
513 2448 1273 13505.333 1689.794 
525 2390 1229 13440.969 1682.953 
495 2455 1276 13486.065 1688.252 
495 2454 1284 13474.385 1692.123 
493 2471 1268 13513.758 1693.206 
481 2498 1299 13539.478 1697.008 
393 2542 1209 13485.009 1689.407 
499 2484 1259 13519.757 1695.92 
512 2406 1292 13473.816 1685.64 
513 2405 1293 13474.592 1685.733 
493 2481 1277 13516.016 1692.609 
495 2464 1267 13496.932 1691.015 
497 2476 1264 13519.18 1694.358 
489 2491 1265 13518.276 1696.703 
494 2438 1275 13510.548 1694.012 
491 2507 1286 13543.628 1695.923 
482 2517 1298 13540.965 1695.617 
504 2457 1278 13483.663 1686.649 
461 2533 1248 13537.887 1697.598 
489 2450 1305 13512.551 1693.146 
474 2516 1277 13536.084 1697.102 
519 2417 1275 13493.959 1688.416 
520 2416 1276 13494.627 1688.452 
526 2382 1238 13466.211 1686.754 
527 2381 1238 13466.131 1686.751 
517 2418 1278 13463.054 1684.041 
506 2453 1265 13507.314 1692.857 
506 2455 1270 13503.879 1691.245 
505 2456 1269 13503.754 1691.217 
524 2383 1236 13464.401 1686.541 
392 2545 1197 13452.711 1681.823 
526 2382 1281 13440.744 1683.407 
518 2445 1265 13500.807 1690.532 
490 2472 1291 13507.255 1689.57 
490 2469 1306 13504.505 1689.667 
490 2472 1292 13507.166 1689.572 
451 2537 1235 13531.519 1694.393 
490 2472 1290 13507.283 1689.57 
491 2475 1291 13490.782 1685.396 
525 2388 1276 13451.609 1683.987 
493 2474 1293 13492.547 1685.616 
522 2429 1271 13461.323 1685.789 
