513 2541 1341 13589.227 1706.237 
504 2549 1329 13593.349 1707.168 
496 2569 1361 13606.337 1706.55 
500 2568 1338 13601.118 1705.756 
516 2545 1340 13588.552 1701.73 
455 2587 1331 13579.172 1699.711 
513 2542 1325 13587.925 1703.107 
486 2571 1353 13595.436 1703.776 
559 2432 1340 13539.466 1699.114 
513 2530 1373 13620.54 1703.54 
507 2554 1347 13613.412 1704.166 
515 2553 1349 13601.165 1702.927 
513 2543 1342 13602.712 1702.712 
513 2536 1349 13603.258 1703.609 
514 2554 1348 13601.132 1702.927 
493 2573 1331 13604.62 1705.176 
504 2548 1358 13605.129 1705.491 
517 2535 1353 13587.609 1700.744 
489 2578 1304 13573.62 1701.45 
518 2529 1366 13590.687 1701.21 
524 2539 1351 13615.99 1703.495 
479 2574 1319 13593.162 1703.003 
509 2547 1293 13587.308 1704.118 
534 2516 1381 13621.615 1704.97 
454 2583 1307 13586.17 1702.201 
526 2534 1362 13608.855 1703.319 
456 2591 1285 13590.953 1703.744 
525 2528 1332 13613.385 1706.55 
546 2487 1394 13575.924 1700.171 
455 2592 1284 13591.578 1703.64 
540 2491 1388 13588.94 1701.713 
502 2553 1363 13629.54 1707.364 
527 2448 1400 13562.862 1700.135 
559 2468 1354 13551.724 1696.895 
495 2565 1342 13617.295 1705.219 
529 2527 1380 13636.728 1710.756 
517 2535 1322 13607.187 1706.644 
490 2576 1317 13620.484 1703.187 
489 2569 1324 13621.114 1704.263 
521 2538 1286 13601.532 1704.488 
539 2502 1389 13625.769 1706.444 
502 2553 1364 13629.266 1707.379 
503 2564 1340 13623.835 1706.264 
502 2546 1368 13611.525 1705.17 
465 2578 1310 13580.779 1703.518 
501 2547 1365 13602.221 1706.343 
498 2563 1362 13613.339 1706.132 
503 2558 1344 13628.53 1708.733 
503 2550 1345 13622.636 1707.565 
540 2503 1351 13606.198 1707.057 
461 2594 1302 13587.209 1703.874 
516 2540 1347 13602.977 1703.86 
493 2571 1312 13612.334 1706.325 
493 2564 1328 13624.118 1710.179 
461 2575 1290 13603.806 1706.662 
497 2557 1325 13626.027 1710.497 
487 2581 1328 13599.698 1701.264 
471 2575 1304 13594.983 1706.243 
471 2575 1303 13594.241 1706.349 
475 2559 1350 13608.115 1709.902 
478 2578 1318 13599.131 1702.758 
501 2552 1315 13604.441 1709.189 
437 2603 1294 13584.715 1695.931 
452 2595 1307 13583.141 1698.949 
458 2583 1299 13604.401 1707.008 
413 2613 1259 13559.399 1697.084 
470 2591 1295 13617.596 1701.161 
430 2612 1271 13583.424 1700.237 
463 2593 1282 13584.755 1701.028 
514 2546 1319 13606.054 1705.97 
505 2552 1363 13597.646 1703.387 
487 2572 1341 13609.319 1706.924 
465 2592 1285 13586.512 1701.313 
465 2581 1284 13593.698 1703.725 
513 2529 1364 13602.189 1706.031 
507 2544 1378 13623.403 1710.9 
503 2538 1400 13626.85 1709.567 
484 2568 1377 13630.236 1708.425 
484 2567 1378 13629.487 1708.389 
488 2571 1348 13620.695 1705.039 
490 2571 1320 13615.174 1705.117 
540 2484 1387 13612.326 1706.87 
435 2597 1287 13588.108 1702.817 
450 2596 1303 13603.848 1703.05 
476 2577 1353 13619.574 1706.163 
512 2546 1358 13629.605 1709.138 
487 2573 1333 13631.287 1709.861 
549 2450 1392 13587.705 1702.445 
554 2457 1360 13583.35 1703.896 
498 2554 1368 13616.658 1707.313 
554 2458 1360 13583.931 1703.86 
533 2474 1349 13591.943 1707.213 
