877 4209 2336 13459.168 1686.247 
871 4300 2165 13486.264 1687.527 
844 4333 2227 13500.017 1690.379 
851 4317 2263 13497.021 1687.791 
837 4341 2214 13501.308 1692.52 
870 4285 2311 13511.692 1689.125 
867 4295 2224 13496.203 1689.83 
860 4303 2250 13498.809 1688.456 
806 4396 2175 13497.438 1690.955 
819 4390 2228 13510.968 1692.657 
814 4323 2270 13502.562 1691.207 
871 4222 2263 13475.635 1690.719 
847 4319 2273 13506.421 1690.355 
822 4370 2215 13493.949 1688.166 
834 4310 2275 13490.189 1689.483 
849 4256 2287 13477.792 1691.089 
820 4348 2240 13510.76 1692.254 
863 4299 2291 13485.885 1687.773 
826 4363 2198 13503.901 1691.422 
854 4355 2260 13508.65 1689.125 
855 4353 2261 13508.921 1689.14 
849 4318 2277 13480.812 1688.252 
863 4300 2290 13486.288 1687.883 
868 4307 2260 13489.947 1689.275 
863 4301 2289 13486.474 1687.897 
838 4302 2305 13484.905 1688.17 
816 4360 2258 13511.718 1690.534 
839 4301 2307 13484.711 1688.111 
868 4307 2261 13489.867 1689.262 
837 4341 2268 13489.015 1688.113 
855 4353 2260 13509.063 1689.157 
845 4265 2286 13481.627 1689.591 
821 4357 2199 13492.48 1691.261 
835 4323 2291 13485.998 1685.8 
838 4340 2269 13489.421 1688.139 
851 4319 2314 13496.244 1686.629 
868 4272 2256 13481.381 1689.591 
866 4289 2291 13477.203 1684.912 
870 4311 2240 13503.484 1683.4 
782 4417 2164 13481.395 1688.004 
778 4404 2214 13474.247 1687.124 
817 4368 2235 13493.573 1689.114 
887 4243 2282 13482.354 1685.921 
828 4353 2252 13509.959 1689.523 
828 4352 2250 13509.152 1689.527 
864 4303 2235 13488.666 1690.674 
829 4352 2252 13509.984 1689.525 
790 4409 2208 13506.021 1691.908 
886 4243 2282 13482.484 1686.033 
832 4341 2238 13490.515 1691.776 
810 4359 2265 13514.217 1691.81 
831 4304 2294 13476.193 1688.008 
850 4324 2266 13500.651 1692.82 
856 4307 2242 13492.118 1685.733 
851 4319 2269 13490.047 1687.681 
800 4377 2246 13488.473 1687.12 
888 4285 2332 13499.503 1685.64 
846 4303 2316 13485.201 1686.438 
861 4307 2280 13486.177 1684.562 
888 4252 2278 13479.371 1688.099 
843 4329 2213 13499.03 1691.242 
805 4372 2298 13504.907 1691.614 
845 4336 2273 13494.817 1690.037 
867 4280 2266 13487.408 1690.799 
834 4367 2274 13503.61 1690.342 
837 4311 2287 13489.07 1688.33 
861 4275 2325 13485.556 1688.953 
868 4299 2257 13492.48 1688.266 
856 4329 2249 13490.016 1690.303 
827 4348 2276 13516.465 1688.093 
857 4328 2249 13490.124 1690.306 
875 4292 2232 13483.995 1687.595 
856 4331 2248 13490.757 1690.319 
875 4288 2255 13483.978 1689.102 
855 4332 2248 13490.756 1690.364 
824 4354 2282 13513.107 1690.973 
860 4312 2244 13481.46 1687.106 
809 4375 2272 13512.773 1688.629 
916 4214 2278 13485.043 1686.226 
884 4276 2285 13497.607 1688.213 
844 4349 2234 13497.387 1690.705 
887 4277 2278 13500.863 1687.707 
898 4293 2268 13501.663 1687.538 
899 4292 2269 13501.779 1687.55 
888 4285 2249 13491.674 1688.002 
904 4227 2230 13497.356 1690.728 
885 4273 2233 13500.312 1692.984 
827 4319 2292 13486.46 1687.172 
848 4265 2279 13480.193 1690.091 
902 4262 2236 13481.836 1687.991 
857 4315 2219 13490.502 1684.667 
839 4345 2275 13502.789 1687.086 
858 4273 2261 13487.716 1691.529 
913 4240 2221 13474.786 1684.899 
877 4210 2263 13473.95 1688.291 
849 4292 2284 13478.886 1688.035 
