648 3092 1631 13531.058 1689.534 
647 3093 1630 13530.425 1689.432 
552 3202 1618 13532.36 1696.452 
535 3207 1584 13513.532 1688.434 
633 3077 1646 13517.034 1693.794 
642 3061 1650 13492.487 1690.213 
634 3065 1646 13511.634 1692.991 
630 3105 1634 13531.936 1694.266 
645 3052 1590 13492.02 1692.268 
671 3019 1671 13494.379 1688.325 
591 3175 1607 13558.103 1693.787 
617 3131 1663 13550.253 1698.968 
544 3221 1543 13543.74 1693.5 
609 3131 1708 13562.26 1695.66 
630 3082 1655 13522.652 1690.817 
604 3174 1608 13563.301 1693.638 
630 3083 1656 13523.333 1690.761 
627 3116 1667 13548.43 1698.228 
639 3075 1641 13503.865 1691.165 
639 3055 1653 13504.757 1688.964 
597 3166 1615 13548.698 1693.248 
636 3083 1590 13504.923 1697.083 
629 3075 1652 13518.429 1693.009 
541 3205 1577 13537.114 1694.25 
636 3084 1590 13504.865 1697.126 
541 3205 1578 13537.057 1694.092 
544 3193 1643 13537.836 1690.837 
561 3201 1621 13546.685 1695.5 
651 3021 1636 13488.467 1688.302 
592 3163 1615 13528.496 1694.118 
514 3206 1591 13524.299 1693.628 
634 3111 1571 13530.756 1695.918 
637 3066 1608 13523.48 1695.197 
636 3109 1573 13531.885 1695.973 
632 3103 1627 13535.961 1694.643 
615 3145 1616 13572.858 1698.043 
596 3163 1612 13557.818 1698.208 
644 3103 1626 13541.577 1694.932 
646 3049 1688 13504.281 1693.637 
631 3104 1583 13517.521 1693.302 
596 3188 1584 13557.28 1694.01 
592 3162 1625 13564.504 1699.846 
573 3189 1625 13560.851 1696.95 
546 3188 1610 13547.38 1700.332 
546 3188 1611 13547.332 1700.323 
629 3089 1640 13539.528 1697.242 
628 3056 1658 13511.715 1691.567 
557 3198 1593 13535.853 1695.553 
528 3208 1567 13514.659 1691.129 
530 3213 1546 13522.094 1692.21 
587 3173 1644 13574.171 1703.615 
654 3033 1576 13478.417 1685.547 
580 3184 1634 13559.481 1701.985 
614 3123 1628 13542.358 1699.821 
580 3184 1633 13559.555 1701.987 
614 3123 1629 13542.31 1699.811 
586 3180 1600 13541.396 1697.515 
634 3047 1660 13515.964 1688.703 
615 3096 1692 13551.491 1699.254 
540 3204 1601 13535.989 1694.001 
618 3115 1664 13548.828 1696.421 
636 3081 1630 13511.635 1692.527 
521 3213 1590 13521.888 1692.286 
619 3113 1680 13556.762 1696.231 
575 3187 1644 13570.792 1700.843 
611 3157 1684 13568.741 1700.129 
575 3188 1656 13581.624 1700.234 
554 3187 1657 13545.542 1696.989 
592 3158 1626 13553.745 1695.703 
635 3073 1645 13513.542 1690.871 
631 3086 1645 13523.397 1691.352 
628 3156 1657 13571.928 1695.564 
652 3026 1598 13491.335 1688.672 
599 3165 1582 13547.378 1697.035 
636 3050 1645 13499.517 1689.617 
641 3061 1638 13498.0 1688.555 
545 3190 1645 13551.475 1695.824 
553 3194 1577 13550.037 1696.006 
626 3096 1670 13536.067 1691.585 
614 3137 1661 13527.549 1689.462 
582 3160 1661 13554.268 1694.281 
