470 2477 1319 13507.439 1685.616 
469 2478 1319 13507.539 1685.64 
468 2479 1320 13507.454 1685.636 
514 2435 1239 13482.25 1688.725 
514 2434 1240 13481.564 1688.753 
449 2513 1252 13506.62 1690.932 
512 2426 1290 13497.5 1686.858 
511 2427 1288 13497.15 1686.857 
478 2493 1300 13527.01 1688.775 
455 2519 1259 13497.765 1685.438 
480 2461 1296 13514.708 1694.566 
456 2518 1260 13498.157 1685.457 
433 2543 1250 13531.996 1693.42 
419 2528 1267 13497.894 1690.227 
472 2512 1261 13514.147 1691.805 
462 2485 1299 13498.455 1691.552 
472 2487 1302 13515.778 1690.566 
444 2462 1315 13473.082 1687.465 
520 2377 1289 13451.103 1684.089 
513 2364 1295 13428.672 1682.101 
501 2428 1315 13479.888 1681.095 
458 2477 1332 13495.817 1684.559 
434 2505 1311 13486.216 1688.766 
512 2395 1315 13479.919 1682.319 
481 2462 1296 13490.209 1689.101 
412 2546 1178 13446.727 1679.59 
497 2453 1300 13500.333 1690.893 
415 2531 1261 13488.065 1687.427 
373 2551 1198 13463.264 1685.702 
500 2422 1305 13458.576 1688.95 
506 2391 1312 13455.19 1682.606 
496 2436 1318 13498.584 1691.69 
508 2438 1294 13482.374 1686.768 
506 2448 1295 13495.969 1688.164 
509 2418 1298 13471.451 1689.13 
514 2385 1261 13473.157 1685.385 
499 2507 1286 13551.693 1696.35 
506 2467 1285 13540.274 1693.848 
513 2414 1263 13465.991 1684.507 
509 2436 1273 13486.193 1682.593 
461 2512 1284 13513.079 1693.123 
485 2468 1287 13491.426 1686.846 
479 2475 1312 13516.155 1691.817 
413 2525 1269 13439.231 1681.081 
464 2481 1311 13477.338 1686.835 
457 2514 1255 13491.265 1686.237 
405 2550 1175 13472.433 1684.829 
483 2450 1297 13500.397 1690.682 
488 2462 1294 13479.731 1687.913 
501 2414 1293 13498.308 1689.084 
434 2470 1323 13494.239 1687.441 
443 2516 1268 13480.717 1684.363 
427 2531 1265 13483.905 1691.32 
500 2441 1301 13513.063 1694.129 
516 2389 1264 13442.929 1689.061 
455 2530 1244 13497.294 1689.333 
516 2388 1275 13446.959 1678.25 
494 2418 1337 13503.618 1694.239 
476 2478 1295 13515.961 1690.62 
443 2517 1228 13500.693 1694.802 
464 2490 1305 13497.751 1688.717 
503 2376 1306 13466.364 1685.83 
522 2357 1290 13428.267 1678.618 
473 2504 1296 13536.86 1694.244 
430 2545 1226 13488.9 1688.73 
501 2426 1288 13477.035 1692.889 
443 2521 1234 13499.689 1691.302 
475 2463 1289 13501.777 1692.581 
442 2526 1257 13516.339 1693.457 
514 2391 1265 13443.461 1680.947 
459 2493 1297 13497.668 1691.641 
520 2380 1257 13441.788 1683.32 
460 2507 1289 13528.727 1692.872 
469 2477 1309 13495.318 1689.468 
502 2405 1306 13462.361 1687.729 
460 2508 1240 13521.122 1687.848 
461 2506 1289 13528.643 1692.862 
448 2513 1281 13508.877 1689.637 
511 2403 1270 13463.819 1686.931 
503 2403 1332 13446.457 1679.873 
500 2458 1347 13509.793 1688.872 
444 2510 1277 13512.26 1694.508 
503 2420 1311 13462.722 1685.631 
504 2419 1313 13462.571 1685.781 
446 2498 1311 13476.415 1687.345 
