281 1181 651 13464.031 1688.254 
265 1200 670 13503.888 1692.325 
223 1270 656 13549.074 1704.306 
246 1262 633 13549.133 1705.101 
244 1269 642 13562.887 1701.889 
208 1287 635 13569.538 1702.491 
247 1265 646 13562.569 1697.439 
226 1287 633 13544.866 1702.167 
190 1301 622 13579.355 1701.727 
221 1293 593 13515.966 1702.562 
273 1200 673 13501.222 1682.222 
273 1192 665 13495.466 1690.952 
263 1217 679 13520.532 1694.633 
229 1277 664 13542.904 1691.648 
233 1279 655 13581.91 1696.514 
246 1251 669 13577.431 1702.037 
249 1245 657 13551.553 1697.833 
248 1261 634 13585.915 1700.319 
258 1248 657 13548.097 1700.15 
247 1260 664 13561.272 1698.352 
219 1297 624 13582.962 1698.829 
248 1258 663 13558.381 1697.991 
249 1251 649 13543.814 1699.527 
248 1257 664 13557.494 1697.695 
248 1255 664 13569.97 1701.107 
250 1256 658 13548.351 1696.49 
246 1250 674 13533.676 1696.009 
220 1278 649 13561.784 1705.385 
267 1214 671 13490.522 1689.82 
266 1199 675 13510.927 1689.174 
241 1256 664 13564.053 1706.006 
217 1273 633 13557.387 1707.492 
277 1206 662 13529.393 1695.273 
277 1207 663 13530.753 1695.111 
256 1224 672 13551.53 1701.167 
272 1193 671 13504.698 1687.235 
222 1276 655 13555.603 1700.591 
237 1264 676 13587.793 1705.021 
207 1300 656 13575.62 1696.76 
238 1263 676 13588.044 1705.045 
220 1282 657 13578.68 1697.318 
280 1209 663 13508.765 1687.501 
275 1224 659 13514.295 1690.096 
219 1278 658 13537.753 1694.704 
206 1290 660 13539.488 1696.154 
214 1279 654 13536.659 1697.484 
251 1235 672 13525.095 1700.094 
212 1300 628 13582.349 1704.306 
267 1213 677 13498.881 1695.981 
213 1299 628 13582.134 1704.292 
244 1275 635 13610.225 1706.564 
254 1254 639 13506.054 1695.693 
252 1245 671 13578.243 1696.581 
212 1290 642 13543.512 1695.099 
212 1290 643 13544.14 1694.675 
221 1275 655 13564.435 1702.852 
260 1226 689 13566.505 1700.213 
262 1246 698 13550.484 1700.09 
263 1200 682 13490.252 1699.198 
247 1251 650 13576.595 1699.215 
243 1280 614 13584.436 1706.589 
271 1243 669 13557.629 1696.687 
242 1282 614 13586.085 1706.319 
246 1247 679 13539.603 1692.181 
222 1261 691 13561.195 1695.16 
279 1205 634 13462.603 1691.011 
207 1307 657 13574.836 1703.245 
245 1263 616 13554.112 1701.697 
252 1256 654 13530.65 1697.278 
211 1291 655 13508.186 1687.662 
243 1274 687 13595.09 1702.898 
228 1283 636 13566.142 1702.206 
247 1246 679 13572.375 1696.002 
244 1249 693 13545.041 1695.846 
226 1285 646 13606.654 1704.874 
280 1191 669 13494.386 1685.956 
224 1288 603 13511.243 1696.676 
276 1212 639 13476.864 1692.741 
190 1312 577 13515.252 1696.982 
264 1226 655 13547.596 1701.976 
215 1301 614 13566.458 1695.921 
253 1255 666 13546.827 1696.726 
255 1240 644 13559.033 1697.725 
