122 650 350 13638.577 1706.57 
142 626 351 13683.977 1709.995 
122 660 310 13681.82 1718.687 
140 622 350 13619.027 1716.156 
119 661 345 13654.29 1717.433 
120 657 356 13672.261 1719.672 
131 644 351 13636.531 1705.455 
105 667 306 13627.718 1718.074 
147 607 360 13637.959 1711.926 
114 665 338 13674.327 1716.321 
141 615 364 13649.664 1714.532 
120 662 355 13694.288 1715.659 
108 656 344 13635.802 1726.225 
126 627 365 13576.549 1703.003 
131 640 359 13716.994 1720.302 
150 622 326 13594.273 1709.704 
153 590 335 13568.57 1701.413 
153 591 333 13570.727 1701.202 
120 654 336 13664.335 1727.98 
152 599 348 13547.783 1690.257 
138 641 349 13690.424 1713.479 
137 642 348 13685.75 1713.222 
133 649 350 13689.979 1712.313 
136 643 348 13685.599 1713.203 
131 648 348 13659.549 1714.092 
139 639 360 13734.556 1721.675 
139 638 361 13734.207 1721.982 
122 652 338 13718.355 1722.555 
148 611 355 13607.285 1706.819 
131 648 349 13662.076 1714.032 
137 597 370 13588.572 1710.493 
143 626 353 13644.297 1713.641 
130 646 348 13684.254 1713.905 
146 615 342 13626.335 1708.067 
90 670 312 13539.949 1697.024 
129 659 324 13671.076 1716.344 
133 625 362 13600.867 1706.311 
127 655 344 13700.051 1725.734 
133 641 341 13675.115 1717.951 
136 624 366 13641.538 1713.891 
151 620 341 13616.836 1710.958 
107 664 328 13641.499 1718.509 
129 648 346 13720.748 1718.337 
128 647 354 13709.934 1713.629 
111 662 318 13633.817 1718.438 
152 595 346 13557.019 1706.933 
141 619 354 13565.418 1695.89 
154 595 345 13559.177 1703.028 
128 649 346 13667.721 1722.705 
152 597 366 13577.659 1706.45 
109 669 339 13687.222 1717.479 
158 589 331 13541.53 1699.743 
144 615 357 13634.538 1715.07 
145 595 375 13528.045 1707.809 
122 649 350 13654.794 1726.144 
154 586 348 13541.341 1692.111 
144 626 351 13640.797 1710.278 
145 624 351 13639.866 1710.075 
143 628 340 13632.16 1710.322 
112 660 338 13637.112 1721.429 
148 611 346 13632.448 1716.135 
126 633 360 13653.684 1722.927 
151 607 346 13605.865 1708.847 
148 619 341 13637.869 1710.077 
140 626 354 13606.959 1706.214 
146 628 337 13626.118 1709.749 
145 634 335 13642.484 1711.173 
130 643 356 13695.604 1726.82 
149 625 324 13693.557 1724.855 
144 616 361 13606.559 1709.877 
146 628 336 13626.364 1709.749 
150 605 348 13601.41 1705.816 
163 578 341 13571.844 1707.644 
146 631 335 13656.088 1714.816 
148 612 352 13582.271 1704.239 
152 605 342 13604.64 1709.951 
145 632 334 13657.846 1714.832 
