985 4818 2486 13433.823 1679.484 
905 4938 2513 13478.839 1683.076 
885 4976 2493 13458.848 1684.183 
863 4996 2496 13447.316 1683.413 
953 4871 2521 13467.207 1685.818 
922 4905 2538 13471.068 1687.061 
981 4753 2472 13423.901 1682.687 
954 4870 2522 13467.563 1685.878 
974 4806 2513 13436.636 1682.837 
956 4835 2468 13445.138 1685.896 
890 4974 2466 13455.475 1680.149 
983 4754 2520 13424.893 1680.02 
982 4755 2520 13424.884 1680.019 
887 4974 2496 13467.093 1686.439 
912 4931 2526 13484.493 1685.01 
885 4957 2450 13456.735 1687.08 
885 4957 2449 13456.752 1687.083 
939 4957 2458 13491.397 1686.949 
907 4975 2451 13464.517 1684.078 
977 4802 2509 13424.714 1680.732 
940 4914 2495 13461.312 1681.311 
905 4970 2479 13485.911 1686.963 
940 4914 2494 13461.321 1681.313 
943 4886 2515 13471.506 1687.95 
851 5023 2419 13461.316 1685.698 
969 4867 2544 13447.836 1683.097 
908 4936 2525 13474.584 1687.516 
902 4942 2455 13468.029 1687.413 
907 4938 2476 13476.28 1686.723 
858 4997 2512 13461.858 1683.828 
922 4903 2527 13466.191 1687.753 
910 4918 2530 13458.624 1682.573 
832 4977 2519 13433.08 1682.278 
880 4998 2480 13454.412 1684.116 
926 4916 2530 13476.982 1686.578 
876 4956 2440 13461.056 1687.291 
867 4993 2401 13451.221 1686.806 
868 4992 2402 13451.268 1686.814 
846 4976 2392 13454.981 1688.021 
927 4919 2527 13449.709 1683.517 
926 4920 2526 13449.421 1683.486 
1007 4749 2483 13400.28 1674.804 
969 4882 2505 13463.776 1684.297 
906 4927 2534 13466.074 1685.076 
978 4880 2507 13464.789 1685.848 
964 4864 2507 13468.098 1682.986 
929 4934 2525 13483.888 1687.831 
937 4855 2526 13460.695 1686.142 
881 4942 2531 13450.442 1684.687 
947 4856 2520 13469.733 1683.579 
916 4899 2566 13472.268 1686.729 
921 4913 2532 13469.71 1685.604 
964 4796 2556 13426.398 1678.146 
910 4902 2581 13476.872 1686.378 
981 4827 2525 13434.78 1679.711 
945 4902 2601 13492.77 1685.777 
924 4940 2516 13470.929 1683.874 
923 4941 2515 13471.093 1683.893 
933 4897 2477 13463.528 1686.753 
923 4904 2551 13456.48 1680.147 
873 4995 2395 13460.332 1684.382 
857 5010 2451 13472.606 1687.334 
886 4974 2510 13452.477 1681.977 
883 4963 2499 13462.996 1686.191 
951 4899 2480 13468.24 1684.406 
910 4938 2572 13454.627 1685.836 
892 4952 2512 13458.421 1684.097 
876 4965 2515 13452.515 1682.26 
934 4921 2503 13459.537 1681.305 
892 4951 2512 13458.121 1684.12 
922 4917 2539 13458.38 1684.213 
973 4843 2555 13467.368 1683.193 
937 4904 2543 13471.857 1684.938 
892 4962 2503 13473.498 1685.215 
876 4983 2451 13454.872 1684.555 
832 5002 2491 13452.005 1684.262 
907 4906 2533 13461.984 1684.562 
950 4878 2443 13453.934 1686.362 
898 4948 2575 13469.135 1684.352 
950 4877 2524 13438.012 1683.595 
950 4889 2500 13450.81 1685.628 
932 4909 2493 13462.162 1684.896 
946 4907 2516 13455.53 1684.048 
949 4890 2500 13450.773 1685.623 
953 4908 2484 13464.812 1682.793 
958 4892 2556 13463.192 1683.435 
950 4889 2499 13450.954 1685.565 
984 4795 2524 13444.912 1679.323 
845 5021 2450 13447.077 1680.193 
866 4994 2448 13468.747 1685.346 
907 4946 2481 13450.678 1686.381 
874 4982 2460 13465.014 1683.736 
932 4912 2509 13450.869 1683.001 
874 4960 2563 13482.06 1687.787 
931 4950 2502 13479.992 1685.824 
943 4909 2512 13469.463 1684.534 
