319 1299 764 13795.635 1731.361 
320 1268 792 13804.024 1730.163 
320 1292 751 13809.871 1726.777 
320 1274 792 13803.111 1729.95 
281 1333 773 13822.669 1735.913 
262 1360 741 13823.216 1733.086 
293 1356 747 13887.207 1740.619 
309 1315 763 13846.467 1733.469 
294 1340 754 13848.352 1735.572 
309 1315 762 13846.502 1733.473 
317 1306 762 13827.678 1738.234 
307 1307 761 13817.376 1737.512 
299 1339 763 13879.036 1737.369 
298 1337 764 13849.433 1733.189 
269 1358 727 13840.164 1739.508 
265 1352 758 13816.336 1733.669 
310 1317 774 13840.697 1733.955 
270 1353 748 13853.624 1740.88 
308 1311 764 13814.116 1737.785 
284 1338 754 13863.205 1739.067 
285 1346 753 13836.193 1736.011 
275 1358 720 13841.041 1735.171 
304 1304 788 13826.578 1734.234 
289 1340 766 13863.641 1733.605 
275 1346 765 13811.147 1731.304 
320 1286 770 13797.04 1731.406 
316 1291 774 13813.064 1732.703 
288 1327 777 13835.702 1741.415 
277 1342 782 13860.471 1736.231 
323 1282 768 13800.212 1730.293 
324 1280 772 13804.193 1730.38 
323 1283 784 13798.392 1729.661 
318 1281 777 13816.709 1736.199 
312 1303 786 13837.941 1737.921 
293 1322 786 13830.657 1734.966 
288 1328 774 13852.694 1739.056 
286 1310 789 13807.94 1736.32 
308 1317 758 13857.02 1736.14 
304 1275 789 13777.39 1730.316 
307 1318 785 13847.292 1737.402 
289 1330 777 13847.099 1739.506 
303 1320 785 13867.483 1737.571 
315 1291 781 13834.913 1735.0 
292 1334 785 13869.472 1735.154 
287 1312 800 13841.198 1731.603 
302 1322 794 13868.19 1734.747 
305 1301 787 13835.525 1732.859 
310 1275 796 13796.489 1725.77 
284 1328 786 13864.038 1733.651 
313 1285 793 13786.707 1729.969 
300 1334 748 13830.562 1734.838 
288 1322 785 13831.123 1736.187 
272 1349 760 13825.292 1734.762 
301 1324 782 13866.5 1742.7 
300 1326 781 13868.514 1742.951 
316 1290 760 13833.968 1740.241 
325 1266 769 13786.307 1730.317 
321 1277 775 13777.206 1730.344 
312 1321 766 13835.85 1730.37 
306 1322 761 13820.419 1728.836 
280 1299 801 13799.482 1730.212 
281 1350 760 13843.53 1734.282 
298 1327 769 13866.208 1736.031 
281 1340 756 13841.931 1738.477 
318 1288 771 13797.933 1730.738 
277 1356 751 13829.153 1732.939 
279 1337 775 13839.695 1735.213 
291 1339 771 13862.27 1739.04 
291 1339 772 13861.808 1738.747 
325 1276 762 13797.088 1725.873 
303 1331 780 13863.248 1738.13 
284 1346 748 13852.38 1736.567 
301 1332 779 13861.348 1737.825 
315 1292 775 13827.926 1733.167 
293 1334 763 13842.48 1739.838 
276 1336 775 13843.148 1736.855 
319 1288 773 13826.358 1725.429 
319 1289 772 13826.462 1725.446 
288 1335 777 13848.765 1733.694 
