609 3262 1741 13667.955 1710.48 
630 3246 1746 13673.484 1711.136 
643 3242 1778 13669.629 1716.784 
667 3189 1805 13656.481 1715.86 
660 3227 1779 13681.665 1717.303 
650 3242 1788 13674.628 1715.895 
662 3217 1784 13669.425 1719.212 
673 3196 1799 13670.667 1716.481 
691 3172 1791 13649.69 1715.826 
681 3191 1799 13662.905 1716.362 
697 3143 1785 13634.573 1713.255 
673 3197 1798 13671.34 1716.589 
704 3137 1793 13631.574 1708.633 
702 3129 1815 13633.606 1711.587 
717 3104 1785 13624.132 1711.26 
686 3148 1808 13633.679 1712.373 
677 3208 1784 13676.9 1720.142 
696 3177 1767 13641.538 1711.47 
650 3239 1753 13665.863 1717.153 
642 3223 1741 13658.763 1717.985 
632 3242 1750 13663.392 1717.692 
687 3173 1776 13662.488 1716.44 
686 3175 1776 13663.394 1716.493 
700 3151 1778 13658.54 1714.329 
584 3270 1681 13614.116 1709.424 
710 3113 1835 13628.978 1710.224 
664 3218 1776 13654.505 1712.818 
715 3122 1769 13646.007 1713.078 
685 3186 1811 13671.81 1716.723 
703 3131 1790 13635.787 1712.353 
672 3212 1770 13668.014 1716.375 
676 3210 1791 13683.111 1717.044 
633 3260 1719 13649.098 1713.089 
697 3127 1805 13634.389 1709.743 
680 3200 1779 13676.145 1716.434 
677 3209 1791 13683.064 1716.979 
620 3259 1739 13651.127 1714.305 
676 3210 1790 13683.423 1716.958 
697 3176 1774 13640.744 1708.633 
675 3217 1787 13692.263 1716.104 
692 3171 1794 13642.506 1709.872 
704 3134 1787 13642.675 1711.864 
661 3224 1780 13668.195 1714.822 
682 3194 1790 13651.99 1713.475 
666 3241 1772 13669.153 1714.429 
691 3195 1789 13668.201 1715.025 
690 3172 1811 13654.408 1710.9 
701 3159 1789 13649.724 1710.639 
689 3161 1802 13666.46 1714.83 
692 3170 1772 13651.047 1709.599 
687 3196 1769 13666.845 1716.425 
695 3170 1797 13649.895 1711.713 
675 3209 1803 13665.413 1716.082 
686 3208 1769 13657.305 1712.78 
712 3165 1782 13660.134 1713.883 
656 3217 1792 13648.863 1715.107 
684 3201 1776 13661.501 1714.284 
699 3154 1785 13638.488 1712.625 
686 3213 1764 13660.829 1714.888 
697 3169 1755 13643.166 1711.981 
699 3151 1798 13647.744 1712.805 
683 3202 1776 13661.434 1714.273 
700 3163 1782 13657.428 1715.758 
631 3251 1759 13656.73 1711.869 
631 3252 1758 13657.737 1712.068 
711 3166 1782 13659.987 1713.862 
696 3149 1804 13652.784 1711.393 
638 3245 1751 13659.648 1713.44 
671 3194 1804 13668.391 1717.938 
