411 1999 1079 13776.278 1729.977 
414 1998 1083 13777.776 1729.886 
398 2002 1082 13786.045 1727.87 
415 1996 1085 13780.169 1730.947 
407 2006 1066 13777.694 1729.673 
414 1996 1094 13793.718 1732.636 
411 1994 1106 13789.329 1731.951 
399 2010 1059 13774.301 1729.652 
413 1997 1093 13793.852 1732.656 
405 1999 1099 13802.437 1735.989 
433 1962 1124 13794.954 1733.106 
450 1917 1091 13755.882 1726.217 
404 1987 1109 13786.135 1733.409 
389 2012 1051 13779.738 1726.832 
416 1985 1082 13785.152 1736.566 
391 2004 1089 13774.609 1729.914 
447 1941 1092 13759.035 1729.887 
422 1971 1090 13774.162 1735.775 
408 1998 1085 13794.851 1734.04 
396 2002 1095 13786.472 1728.533 
390 2011 1052 13781.735 1726.891 
401 2004 1077 13791.534 1728.874 
442 1928 1103 13754.813 1727.505 
421 1972 1088 13772.959 1735.619 
434 1975 1101 13792.269 1735.351 
443 1927 1103 13754.959 1727.513 
403 2009 1057 13781.687 1731.265 
399 2007 1074 13759.312 1727.7 
434 1979 1081 13791.864 1729.683 
433 1980 1081 13790.671 1729.269 
402 2008 1057 13787.928 1728.705 
376 2014 1061 13773.444 1727.911 
444 1954 1094 13811.104 1729.979 
391 2008 1051 13786.422 1729.127 
441 1926 1111 13758.741 1730.026 
436 1956 1086 13770.314 1727.337 
392 2016 1032 13780.835 1728.195 
432 1981 1081 13790.379 1729.248 
415 1986 1112 13806.042 1733.22 
379 2014 1044 13776.354 1727.312 
416 2005 1058 13784.783 1732.194 
433 1949 1110 13783.811 1733.375 
426 1971 1117 13806.955 1732.039 
393 2015 1031 13781.989 1727.281 
406 1997 1088 13799.38 1732.531 
443 1926 1090 13776.974 1730.37 
398 2000 1076 13786.503 1730.049 
406 2002 1071 13793.197 1728.826 
391 2002 1081 13783.691 1728.744 
396 2013 1039 13763.112 1728.812 
386 2019 1052 13789.507 1726.7 
397 2012 1039 13762.88 1728.785 
442 1943 1117 13761.819 1726.072 
401 2012 1036 13769.195 1729.897 
390 2000 1082 13770.562 1731.18 
396 2007 1067 13786.037 1732.518 
371 2032 1037 13781.128 1731.398 
441 1952 1123 13775.18 1729.263 
394 2014 1052 13768.692 1730.266 
384 2023 1059 13783.675 1724.627 
376 2024 1046 13771.574 1723.742 
441 1950 1102 13777.616 1727.94 
409 1984 1118 13786.122 1730.696 
431 1994 1095 13810.199 1733.982 
416 1982 1108 13801.826 1733.715 
385 2010 1060 13752.207 1722.966 
400 2001 1083 13780.011 1727.059 
424 1977 1103 13798.534 1730.486 
415 1993 1107 13816.002 1733.369 
409 1988 1109 13788.07 1727.865 
412 1995 1096 13802.65 1730.587 
383 2031 1038 13786.912 1729.343 
418 1989 1103 13808.788 1733.194 
400 1997 1102 13791.46 1732.731 
