119 695 360 13827.094 1739.016 
121 679 369 13717.811 1729.453 
119 682 368 13758.193 1731.154 
157 641 403 13854.607 1742.041 
132 680 362 13868.373 1751.298 
141 683 367 13886.057 1747.046 
159 650 396 13858.976 1745.797 
140 684 367 13886.95 1747.174 
130 686 366 13861.391 1746.7 
144 675 373 13859.823 1743.463 
125 699 359 13902.153 1757.476 
149 649 401 13812.996 1738.384 
133 682 365 13850.658 1749.957 
128 694 346 13850.661 1748.046 
155 674 376 13936.938 1750.631 
132 685 340 13804.589 1737.875 
153 655 366 13865.547 1756.283 
160 652 394 13849.543 1741.057 
181 614 371 13735.326 1726.073 
161 672 392 13953.413 1756.015 
159 645 399 13835.973 1744.55 
187 594 374 13681.251 1725.432 
182 602 354 13701.334 1728.849 
165 651 378 13879.007 1745.734 
167 646 388 13854.467 1744.979 
166 648 371 13882.078 1747.856 
166 650 381 13839.726 1736.378 
175 627 384 13786.941 1734.996 
174 624 392 13826.788 1740.73 
175 633 373 13788.169 1736.729 
166 647 377 13834.799 1742.232 
150 660 394 13885.032 1748.961 
181 601 382 13740.302 1728.785 
169 646 382 13876.119 1749.115 
174 626 389 13813.398 1735.809 
172 646 383 13860.167 1746.236 
180 613 392 13788.548 1734.643 
163 646 395 13842.219 1746.21 
164 656 388 13884.909 1752.305 
179 617 383 13744.776 1734.089 
175 624 381 13797.042 1737.929 
176 616 387 13798.875 1736.4 
162 628 406 13812.711 1734.592 
169 640 400 13843.68 1744.261 
131 677 374 13830.761 1736.595 
163 647 395 13843.173 1746.198 
176 631 387 13844.944 1733.341 
162 646 397 13815.11 1740.46 
175 610 388 13774.513 1736.274 
173 627 403 13835.187 1738.311 
173 645 398 13885.337 1748.77 
164 646 395 13842.042 1746.117 
174 624 401 13813.256 1736.579 
183 612 379 13756.894 1723.899 
178 624 403 13801.959 1729.76 
153 647 406 13879.273 1746.482 
180 632 376 13852.923 1745.395 
165 654 364 13840.524 1732.953 
166 653 364 13840.048 1732.89 
180 617 381 13743.582 1729.172 
159 637 402 13788.703 1722.821 
116 694 373 13866.346 1746.752 
141 676 371 13857.723 1742.05 
167 648 366 13815.526 1735.962 
138 674 394 13945.044 1754.64 
178 637 396 13817.273 1733.586 
117 687 363 13803.819 1736.677 
175 636 373 13847.446 1736.677 
162 665 389 13921.379 1748.127 
