957 4988 2524 13511.931 1691.926 
937 4989 2494 13491.546 1688.749 
915 4993 2444 13484.709 1688.272 
946 4960 2527 13498.65 1687.559 
998 4737 2509 13423.703 1681.753 
892 4983 2546 13494.078 1687.074 
878 5031 2491 13492.181 1687.914 
845 5023 2498 13468.424 1687.219 
940 4975 2584 13511.714 1689.331 
973 4876 2471 13466.538 1687.815 
960 4948 2503 13488.45 1687.852 
972 4877 2470 13466.436 1687.787 
867 4985 2541 13470.767 1686.806 
971 4879 2470 13467.097 1687.807 
970 4880 2469 13467.198 1687.827 
877 4984 2539 13484.288 1685.635 
930 4955 2546 13501.395 1690.782 
942 4966 2550 13497.046 1686.539 
942 4954 2543 13498.504 1688.16 
959 4954 2505 13486.188 1686.64 
977 4905 2461 13472.078 1686.546 
958 4946 2505 13483.157 1688.322 
934 4952 2628 13488.12 1690.601 
909 4974 2594 13473.47 1688.46 
988 4889 2579 13481.24 1686.264 
968 4904 2499 13474.072 1688.314 
969 4902 2499 13473.451 1688.197 
918 4985 2535 13486.483 1687.632 
941 4956 2539 13493.107 1689.401 
892 4977 2566 13487.52 1688.314 
948 4946 2526 13495.063 1691.649 
1004 4752 2531 13424.315 1680.742 
924 4978 2543 13493.069 1690.469 
996 4834 2498 13458.66 1685.804 
995 4834 2526 13467.258 1686.183 
1003 4813 2507 13448.622 1680.568 
920 4988 2534 13495.791 1691.739 
930 4958 2546 13489.894 1691.537 
892 5009 2461 13477.432 1689.903 
912 5012 2490 13482.709 1688.192 
968 4927 2486 13484.52 1690.59 
979 4886 2516 13476.686 1687.73 
978 4928 2546 13485.205 1684.976 
865 5027 2410 13482.54 1688.736 
991 4862 2513 13452.99 1685.489 
895 4992 2555 13458.546 1682.764 
905 5011 2470 13492.362 1688.548 
990 4877 2513 13468.751 1686.869 
978 4901 2507 13477.036 1687.457 
983 4876 2617 13480.141 1687.231 
995 4847 2523 13472.092 1683.06 
968 4883 2529 13481.231 1687.484 
875 5040 2468 13484.655 1688.666 
902 5018 2532 13504.968 1689.829 
994 4818 2560 13454.518 1685.505 
975 4916 2531 13469.696 1687.171 
1001 4837 2508 13450.946 1682.074 
879 5008 2454 13483.013 1689.912 
970 4901 2572 13477.993 1684.818 
975 4924 2562 13459.492 1683.094 
996 4819 2522 13436.496 1681.12 
961 4940 2607 13511.879 1693.969 
1007 4787 2501 13434.665 1684.418 
969 4905 2561 13460.512 1682.04 
962 4944 2565 13493.34 1689.207 
960 4942 2606 13512.023 1694.09 
991 4847 2586 13471.958 1686.598 
985 4839 2559 13477.624 1687.871 
981 4868 2568 13479.889 1691.577 
925 4966 2567 13500.504 1691.908 
926 4965 2568 13500.463 1691.901 
965 4927 2591 13503.051 1692.727 
