949 5079 2587 13560.242 1696.955 
996 4976 2621 13557.654 1695.348 
996 4977 2621 13558.116 1695.336 
1001 4974 2634 13557.748 1695.512 
939 5068 2593 13558.133 1696.66 
1015 4919 2691 13529.017 1692.683 
919 5073 2600 13545.228 1695.8 
982 5014 2594 13554.059 1697.747 
982 5016 2593 13555.216 1697.896 
989 5018 2577 13554.485 1692.495 
1036 5012 2609 13572.684 1697.612 
981 5018 2585 13544.492 1695.645 
908 5086 2538 13547.763 1695.413 
909 5075 2594 13519.688 1692.007 
908 5111 2529 13557.408 1696.43 
994 4994 2642 13564.347 1697.713 
1020 4947 2634 13549.209 1696.84 
996 5005 2631 13541.861 1694.965 
967 4943 2670 13520.878 1691.726 
1018 4958 2660 13536.167 1693.596 
1006 4946 2649 13532.131 1694.594 
1013 4940 2660 13539.975 1693.793 
996 5004 2632 13541.443 1694.894 
931 5026 2657 13524.659 1692.105 
931 4999 2666 13516.578 1692.122 
952 5049 2656 13562.464 1697.298 
972 5024 2583 13544.596 1696.743 
931 5058 2598 13545.659 1693.058 
992 4967 2643 13554.359 1695.578 
890 5085 2561 13546.796 1693.176 
1008 4961 2613 13547.349 1694.499 
898 5110 2561 13541.186 1695.589 
908 5084 2594 13537.872 1693.444 
1029 4923 2615 13530.266 1693.269 
981 5014 2644 13554.56 1697.689 
996 4990 2647 13552.197 1697.979 
927 5061 2564 13539.71 1697.283 
971 5013 2652 13538.428 1694.105 
995 4973 2648 13537.443 1692.737 
926 5063 2610 13534.568 1692.188 
993 4978 2662 13543.196 1694.424 
993 4978 2663 13543.152 1694.423 
1016 4926 2646 13532.061 1695.753 
926 5060 2609 13543.193 1693.945 
969 4977 2660 13547.968 1692.995 
1004 4969 2644 13539.23 1692.591 
1044 4846 2608 13509.193 1690.557 
982 5004 2656 13559.438 1696.801 
969 4992 2666 13533.522 1692.926 
989 5002 2622 13550.391 1693.62 
1015 4949 2666 13533.31 1692.884 
1014 4937 2638 13544.804 1694.173 
973 4973 2664 13543.283 1694.745 
937 5065 2592 13560.005 1695.409 
939 5064 2594 13560.726 1695.502 
1018 4972 2637 13549.218 1694.239 
941 5080 2561 13542.464 1692.547 
898 5098 2533 13567.86 1691.649 
1013 4970 2611 13540.886 1694.635 
973 5057 2593 13559.132 1696.251 
972 5052 2589 13562.81 1695.221 
976 5018 2598 13551.79 1696.867 
976 5019 2597 13552.045 1696.834 
979 5044 2605 13561.027 1695.786 
972 5022 2568 13549.737 1697.17 
969 5057 2634 13570.288 1699.67 
978 5018 2595 13556.984 1696.606 
976 5029 2618 13566.224 1696.152 
983 5017 2634 13551.56 1695.72 
980 5023 2596 13559.731 1695.254 
1003 4960 2659 13547.019 1694.088 
1003 4960 2658 13547.037 1694.089 
1016 4926 2659 13531.533 1694.026 
1008 4971 2626 13551.67 1693.493 
1009 4970 2626 13551.648 1693.49 
917 5063 2610 13558.678 1695.426 
996 4995 2634 13536.5 1692.453 
996 4995 2635 13536.55 1692.409 
1003 4980 2613 13545.415 1692.368 
911 5081 2560 13542.678 1694.538 
1037 4916 2624 13532.468 1694.814 
969 5025 2664 13545.96 1694.654 
972 5019 2636 13537.878 1693.559 
993 5011 2639 13539.758 1693.051 
