312 1315 792 13848.352 1738.653 
307 1329 788 13870.725 1742.485 
312 1331 786 13878.554 1740.13 
313 1330 786 13878.976 1740.165 
317 1320 780 13843.888 1733.991 
303 1310 797 13797.195 1730.242 
320 1309 779 13799.961 1729.261 
309 1303 800 13807.074 1728.754 
328 1287 786 13816.324 1726.889 
314 1322 769 13846.638 1737.047 
327 1299 788 13836.852 1730.159 
283 1345 756 13835.623 1735.072 
298 1336 776 13846.184 1734.132 
319 1320 775 13860.107 1738.115 
324 1314 774 13851.821 1737.073 
323 1315 775 13851.868 1736.743 
294 1344 787 13865.957 1739.835 
321 1310 776 13835.234 1733.932 
329 1276 775 13822.855 1734.991 
296 1331 790 13866.934 1740.958 
309 1318 796 13846.367 1738.987 
331 1290 774 13836.38 1732.636 
330 1290 775 13836.349 1732.636 
315 1295 801 13821.296 1734.765 
329 1291 772 13817.77 1734.386 
293 1337 783 13871.826 1742.185 
325 1301 772 13849.033 1735.205 
326 1296 790 13826.096 1731.701 
328 1308 768 13843.328 1734.37 
290 1350 754 13854.606 1734.996 
291 1348 741 13830.734 1732.086 
298 1335 770 13839.895 1734.149 
297 1347 750 13841.881 1737.274 
325 1295 780 13844.507 1735.373 
297 1342 757 13843.162 1737.123 
328 1283 777 13821.762 1733.62 
300 1343 750 13841.029 1734.357 
314 1330 764 13864.17 1736.384 
327 1296 774 13826.026 1731.579 
329 1287 784 13813.506 1731.953 
331 1293 770 13822.347 1733.499 
331 1274 776 13793.066 1730.76 
326 1285 785 13842.06 1735.746 
332 1278 788 13819.345 1730.119 
309 1333 782 13869.385 1740.766 
330 1279 788 13818.345 1729.847 
312 1310 782 13843.156 1740.849 
307 1338 762 13859.42 1737.065 
297 1340 784 13867.93 1736.537 
339 1264 788 13802.557 1730.708 
334 1266 787 13797.482 1726.839 
326 1298 774 13824.293 1731.478 
327 1280 792 13823.403 1731.677 
334 1268 771 13825.332 1736.17 
329 1289 771 13850.015 1740.047 
328 1293 777 13828.461 1732.37 
320 1299 774 13852.884 1739.118 
312 1309 789 13851.911 1736.638 
336 1263 771 13797.786 1735.16 
334 1270 782 13812.631 1736.705 
333 1271 781 13812.565 1736.708 
335 1276 773 13812.262 1728.94 
296 1335 775 13861.789 1737.782 
326 1280 787 13815.917 1736.744 
323 1295 788 13831.142 1739.307 
308 1337 760 13885.93 1741.656 
315 1309 780 13848.683 1737.721 
327 1281 786 13832.933 1734.746 
314 1306 759 13821.239 1739.025 
324 1308 798 13874.771 1738.453 
303 1327 778 13879.297 1738.731 
324 1299 800 13856.84 1735.444 
340 1258 768 13795.542 1733.721 
344 1272 783 13831.247 1733.168 
299 1338 763 13873.062 1738.103 
281 1357 765 13867.698 1735.916 
