220 1356 686 13683.823 1715.181 
281 1327 750 13794.513 1735.337 
274 1339 737 13807.597 1731.446 
296 1292 749 13754.998 1731.182 
275 1330 754 13800.242 1730.039 
222 1352 713 13708.815 1723.583 
230 1351 717 13720.598 1723.6 
256 1331 752 13761.806 1724.733 
270 1347 746 13817.206 1732.99 
317 1244 745 13683.23 1715.46 
314 1254 755 13712.799 1718.82 
262 1343 748 13797.478 1729.008 
266 1337 753 13759.807 1725.48 
290 1300 758 13788.406 1735.624 
283 1278 770 13715.039 1724.193 
308 1274 745 13757.489 1721.723 
304 1259 775 13713.913 1725.861 
315 1262 753 13730.455 1722.883 
272 1287 777 13740.562 1723.865 
308 1253 759 13715.295 1725.75 
296 1272 771 13736.976 1727.529 
296 1283 759 13766.069 1732.522 
302 1294 748 13758.241 1725.128 
306 1287 759 13741.536 1724.902 
292 1323 768 13822.278 1730.856 
284 1322 756 13801.026 1732.867 
259 1315 773 13784.992 1734.455 
294 1311 753 13800.508 1732.846 
312 1248 761 13725.46 1722.653 
293 1299 757 13757.551 1726.777 
305 1289 761 13791.49 1730.778 
287 1282 776 13717.792 1716.176 
292 1271 773 13700.31 1718.689 
295 1295 758 13756.089 1723.367 
296 1294 758 13755.063 1723.162 
309 1276 770 13745.219 1724.557 
286 1286 776 13725.028 1722.979 
310 1268 777 13749.479 1721.037 
289 1270 779 13712.336 1723.017 
304 1300 744 13787.659 1729.123 
303 1301 744 13788.821 1729.213 
301 1301 742 13785.139 1729.24 
306 1278 752 13754.255 1721.681 
295 1289 764 13745.284 1725.75 
310 1276 754 13754.576 1721.935 
322 1216 738 13658.915 1718.312 
