157 582 330 13497.135 1690.549 
156 610 348 13595.792 1710.841 
120 658 365 13734.241 1723.2 
143 636 359 13667.601 1721.987 
155 632 387 13740.222 1725.579 
136 652 361 13675.682 1722.161 
135 654 360 13680.324 1722.206 
139 643 373 13735.412 1722.291 
134 655 371 13694.804 1721.782 
129 672 348 13758.494 1726.112 
142 651 367 13742.653 1729.115 
127 664 357 13710.839 1716.219 
138 652 368 13699.887 1720.496 
123 680 335 13734.77 1725.354 
118 677 357 13724.355 1726.658 
125 668 361 13740.68 1725.781 
134 659 357 13728.824 1722.176 
127 675 341 13747.556 1724.089 
143 641 357 13674.301 1718.887 
146 643 357 13687.104 1717.912 
155 640 361 13733.443 1716.941 
147 634 357 13669.016 1722.089 
115 684 328 13688.814 1717.998 
121 681 332 13742.932 1728.132 
147 668 356 13834.554 1736.062 
138 649 378 13742.755 1724.545 
140 638 372 13714.47 1721.116 
138 671 349 13787.587 1730.713 
113 679 346 13672.525 1715.028 
134 672 345 13762.521 1723.885 
130 652 363 13736.39 1730.693 
121 670 360 13709.764 1723.946 
129 653 362 13736.313 1730.687 
121 670 359 13709.924 1723.957 
127 671 351 13702.426 1722.673 
