937 4970 2631 13503.599 1691.611 
926 5035 2557 13522.338 1691.243 
907 5049 2521 13526.492 1692.958 
1005 4958 2589 13520.831 1691.947 
942 5012 2601 13529.923 1693.434 
919 5029 2541 13526.536 1692.795 
957 5004 2586 13536.507 1693.245 
1009 4932 2573 13509.056 1694.775 
982 4953 2600 13525.818 1694.493 
965 4992 2592 13534.417 1695.498 
1001 4953 2598 13518.412 1688.697 
1014 4908 2605 13519.402 1694.865 
1023 4893 2546 13491.273 1693.636 
1022 4927 2564 13510.123 1693.42 
966 4934 2662 13504.162 1686.833 
1036 4900 2650 13499.158 1690.407 
990 4965 2636 13523.481 1691.191 
1015 4917 2665 13516.7 1690.795 
1028 4936 2638 13538.147 1693.258 
1017 4950 2576 13531.229 1693.194 
1046 4805 2618 13470.413 1685.338 
966 4966 2641 13506.431 1691.964 
1021 4895 2652 13520.605 1690.285 
971 4959 2629 13516.008 1691.93 
1004 4899 2615 13510.403 1695.255 
1029 4856 2616 13503.844 1690.67 
979 4979 2602 13527.698 1689.997 
914 5038 2593 13525.228 1695.675 
1022 4904 2667 13511.855 1689.711 
912 5040 2594 13524.105 1695.531 
994 4932 2660 13520.996 1692.078 
1016 4939 2643 13531.441 1693.561 
921 5019 2587 13501.99 1689.912 
946 5011 2572 13528.143 1696.489 
1039 4887 2593 13505.712 1690.631 
1040 4917 2649 13527.407 1690.336 
913 5055 2553 13515.573 1695.471 
1041 4885 2594 13505.699 1690.625 
929 5030 2532 13527.707 1691.9 
998 4964 2580 13517.952 1693.802 
981 5005 2546 13527.047 1692.559 
946 5026 2508 13520.442 1692.511 
919 5057 2551 13524.362 1693.236 
975 4958 2608 13524.396 1696.543 
953 5015 2553 13531.653 1696.022 
893 5052 2566 13524.858 1693.536 
930 5030 2501 13493.613 1687.164 
1030 4902 2606 13522.511 1692.215 
933 5026 2549 13507.139 1692.737 
968 4990 2535 13517.735 1693.926 
1003 4912 2644 13520.508 1693.43 
1015 4890 2675 13519.271 1692.912 
960 4969 2652 13501.663 1691.305 
979 4975 2657 13514.508 1690.745 
990 4972 2613 13510.904 1693.17 
959 4958 2632 13519.959 1695.985 
1030 4889 2661 13498.53 1690.3 
962 4985 2626 13524.591 1691.787 
916 5011 2610 13516.273 1691.702 
891 5045 2582 13501.464 1690.824 
993 4970 2594 13534.777 1694.752 
966 4985 2624 13524.5 1691.379 
974 4951 2658 13511.363 1688.088 
1045 4779 2590 13450.441 1686.072 
1044 4780 2590 13450.483 1686.082 
958 4984 2628 13521.181 1695.265 
952 4999 2625 13521.754 1694.175 
980 4957 2618 13517.531 1693.566 
994 4988 2595 13532.331 1696.897 
941 5001 2585 13511.34 1694.887 
957 4985 2627 13521.237 1695.271 
992 4936 2655 13519.697 1691.973 
995 4914 2671 13517.768 1693.346 
976 4989 2609 13524.563 1694.355 
990 4909 2681 13516.946 1691.998 
995 4942 2647 13513.045 1691.745 
933 4988 2634 13511.869 1692.241 
989 4956 2655 13521.778 1692.598 
1015 4952 2626 13529.61 1694.213 
994 4919 2665 13505.011 1690.242 
977 4999 2601 13527.042 1692.656 
972 4998 2618 13538.528 1693.121 
946 4999 2593 13522.222 1693.656 
982 4963 2660 13509.553 1692.917 
884 5062 2536 13500.687 1689.22 
981 4976 2617 13512.741 1692.458 
959 4969 2639 13517.902 1691.986 
971 5022 2581 13529.167 1693.668 
960 5008 2628 13522.04 1692.676 
965 5006 2582 13519.665 1690.726 
951 5028 2578 13519.776 1691.27 
965 5006 2582 13519.741 1690.692 
960 4977 2630 13508.614 1689.555 
1001 4955 2611 13495.423 1690.041 
949 5000 2597 13525.817 1693.203 
918 5035 2577 13510.688 1691.536 
