707 3716 1953 13510.754 1691.959 
722 3711 1992 13519.866 1691.669 
712 3740 1936 13499.743 1689.537 
713 3737 1936 13498.328 1689.362 
703 3730 1964 13522.787 1690.467 
693 3741 1951 13505.719 1690.792 
692 3742 1950 13505.89 1690.81 
764 3691 1940 13498.828 1688.82 
764 3691 1940 13498.58 1688.85 
727 3713 1955 13513.58 1691.047 
715 3724 1966 13510.366 1692.46 
755 3665 2000 13498.896 1685.748 
761 3669 1979 13515.686 1693.063 
728 3702 1971 13502.696 1689.568 
738 3675 1984 13507.668 1692.694 
746 3688 1949 13513.701 1691.856 
754 3667 1999 13499.866 1685.861 
707 3723 1984 13507.739 1691.424 
763 3676 1969 13503.998 1690.087 
772 3674 1966 13506.813 1690.97 
745 3725 1922 13535.531 1695.758 
721 3718 1926 13513.039 1694.818 
759 3686 1958 13512.792 1689.059 
758 3687 1934 13518.905 1692.337 
749 3654 2016 13476.03 1689.104 
725 3725 1923 13509.314 1690.621 
692 3734 1971 13505.95 1690.259 
670 3784 1924 13505.768 1689.329 
741 3704 1928 13523.742 1692.941 
736 3690 1951 13517.948 1690.789 
721 3731 1943 13510.007 1690.879 
745 3716 1924 13524.079 1696.863 
723 3699 1999 13504.963 1693.665 
741 3707 1960 13517.261 1694.48 
710 3752 1949 13527.972 1694.356 
723 3720 1947 13507.007 1690.777 
752 3676 1983 13481.436 1688.91 
775 3653 2010 13499.507 1692.05 
724 3706 1985 13519.901 1694.023 
702 3775 1927 13537.18 1695.532 
701 3775 1927 13537.235 1695.531 
769 3697 1988 13509.335 1688.198 
729 3724 1935 13509.592 1688.95 
716 3716 1962 13507.312 1690.327 
647 3771 1931 13474.281 1686.851 
758 3668 2007 13490.265 1684.555 
734 3715 1993 13503.896 1687.829 
772 3697 1998 13506.709 1688.718 
733 3725 1960 13501.59 1687.18 
741 3726 1935 13521.026 1688.854 
755 3699 1966 13489.483 1687.12 
735 3718 1954 13518.127 1691.198 
791 3562 1977 13478.705 1686.056 
741 3711 1959 13484.195 1688.787 
750 3674 1949 13509.293 1692.576 
741 3715 1931 13516.767 1692.758 
743 3666 1984 13494.372 1689.84 
722 3761 1923 13528.797 1690.31 
719 3740 1924 13517.493 1691.674 
713 3713 1970 13512.329 1690.059 
744 3703 1956 13528.326 1688.663 
742 3669 2009 13511.118 1690.55 
742 3558 2019 13452.053 1683.188 
717 3765 1859 13499.529 1684.383 
717 3733 1950 13522.492 1695.727 
753 3704 1968 13518.591 1690.177 
730 3737 1929 13498.279 1689.617 
734 3615 2017 13467.859 1684.699 
735 3674 1988 13518.046 1689.483 
725 3719 1942 13510.794 1693.185 
675 3756 1945 13503.132 1687.777 
786 3601 2000 13481.066 1682.148 
778 3671 1965 13501.542 1692.012 
746 3705 1918 13502.009 1689.374 
754 3702 1915 13490.744 1689.289 
736 3727 1893 13510.383 1691.574 
718 3724 1952 13519.769 1690.5 
765 3667 1950 13511.729 1691.972 
672 3776 1911 13486.538 1684.624 
795 3589 1931 13466.923 1684.231 
688 3778 1871 13495.479 1686.761 
813 3473 1897 13397.451 1676.017 
788 3626 1926 13483.836 1686.839 
734 3722 1956 13517.063 1687.828 
784 3625 1982 13476.33 1687.226 
783 3626 1982 13476.434 1687.239 
755 3687 1973 13513.63 1692.167 
790 3615 1955 13471.766 1685.806 
754 3668 1981 13494.746 1689.998 
777 3642 1985 13504.718 1692.232 
759 3687 1942 13501.239 1691.491 
787 3672 1959 13525.428 1689.734 
756 3669 1980 13504.848 1690.564 
783 3629 1964 13501.106 1684.827 
771 3639 1984 13513.699 1692.224 
726 3714 1940 13521.767 1689.657 
758 3716 1946 13525.475 1688.176 
712 3754 1922 13511.529 1691.27 
749 3665 2006 13497.955 1688.201 
783 3586 2003 13464.467 1682.676 
