892 4415 2372 13582.084 1705.226 
920 4358 2380 13584.197 1705.038 
896 4398 2384 13579.462 1704.648 
887 4400 2360 13585.427 1705.618 
863 4436 2363 13588.824 1706.81 
903 4365 2371 13574.662 1704.719 
878 4422 2365 13586.782 1703.723 
943 4266 2409 13547.203 1699.969 
882 4417 2339 13575.109 1702.701 
952 4278 2406 13541.1 1695.157 
974 4233 2316 13515.03 1694.798 
914 4389 2355 13575.285 1701.506 
965 4281 2404 13539.331 1695.134 
904 4387 2356 13577.025 1702.077 
946 4365 2385 13577.935 1698.684 
973 4279 2385 13547.365 1696.741 
947 4298 2406 13564.594 1699.681 
970 4309 2385 13561.983 1698.703 
918 4386 2363 13586.004 1702.455 
928 4384 2342 13586.162 1702.118 
910 4402 2339 13583.511 1702.507 
907 4401 2327 13583.598 1702.779 
910 4403 2337 13582.469 1702.051 
919 4364 2397 13577.165 1702.96 
909 4388 2363 13580.116 1701.634 
932 4326 2427 13580.407 1701.7 
888 4433 2354 13597.839 1702.079 
900 4407 2389 13588.887 1699.979 
895 4385 2341 13585.323 1705.724 
903 4387 2384 13590.534 1702.686 
940 4340 2422 13577.115 1701.138 
888 4403 2400 13585.024 1703.763 
902 4377 2380 13578.633 1702.725 
907 4370 2369 13587.694 1703.238 
903 4387 2368 13580.237 1702.988 
902 4388 2368 13580.301 1702.991 
964 4341 2394 13589.324 1699.811 
928 4369 2419 13586.323 1702.618 
880 4439 2333 13586.608 1702.017 
881 4438 2334 13586.678 1702.049 
942 4320 2401 13551.344 1698.085 
885 4442 2337 13592.217 1701.799 
926 4371 2425 13588.823 1702.703 
951 4363 2399 13596.543 1703.975 
906 4391 2401 13584.204 1700.786 
845 4455 2269 13561.67 1699.079 
878 4416 2379 13576.856 1702.373 
877 4418 2378 13576.915 1702.416 
915 4382 2413 13583.284 1700.925 
913 4431 2341 13583.552 1701.393 
914 4431 2340 13583.489 1701.391 
930 4380 2429 13596.66 1702.248 
932 4346 2402 13573.527 1700.784 
931 4379 2430 13596.741 1702.26 
897 4397 2385 13578.336 1701.04 
915 4386 2407 13591.989 1702.387 
896 4395 2386 13580.085 1700.802 
923 4388 2392 13586.668 1701.317 
930 4384 2409 13588.308 1701.716 
918 4389 2396 13581.792 1700.881 
923 4387 2390 13586.183 1701.35 
950 4315 2408 13556.543 1697.294 
899 4422 2358 13592.488 1702.63 
924 4389 2394 13580.269 1701.298 
885 4429 2367 13587.11 1700.353 
844 4445 2323 13568.35 1698.118 
907 4417 2376 13606.748 1701.987 
906 4418 2375 13606.734 1701.987 
922 4403 2383 13595.064 1701.466 
896 4437 2349 13606.644 1701.764 
