145 627 341 13647.404 1708.54 
128 655 336 13711.668 1720.267 
149 595 341 13540.347 1707.049 
120 660 328 13683.496 1724.436 
154 607 332 13593.719 1695.551 
129 635 360 13594.388 1706.659 
141 640 355 13632.095 1709.77 
131 656 351 13660.071 1713.147 
87 678 316 13598.833 1706.21 
86 680 315 13601.195 1706.844 
129 630 361 13557.509 1699.197 
138 634 345 13659.459 1716.612 
139 629 342 13650.812 1716.866 
139 632 345 13655.935 1716.528 
143 627 348 13657.578 1717.642 
146 606 358 13581.049 1707.818 
137 635 346 13659.092 1716.542 
135 640 355 13662.989 1715.666 
133 654 358 13709.978 1725.296 
134 645 331 13654.376 1717.504 
124 664 349 13689.867 1721.049 
139 641 354 13653.34 1715.815 
139 641 354 13654.952 1715.633 
120 665 327 13690.456 1719.527 
134 635 356 13665.365 1716.346 
144 618 354 13637.504 1714.264 
139 625 355 13668.057 1716.442 
142 618 358 13611.199 1713.383 
139 624 355 13662.709 1716.572 
112 665 339 13688.789 1722.709 
108 656 363 13625.876 1714.039 
134 630 336 13666.73 1710.216 
134 630 341 13618.642 1719.705 
138 624 368 13657.861 1719.166 
144 632 340 13665.163 1722.746 
101 672 320 13571.747 1706.279 
146 613 355 13622.658 1706.222 
148 622 352 13666.869 1719.562 
147 610 364 13589.961 1707.351 
129 632 359 13642.028 1710.983 
147 590 365 13555.021 1704.485 
149 591 359 13523.344 1691.303 
155 592 348 13565.461 1707.744 
150 597 352 13576.467 1698.4 
151 599 343 13556.826 1699.831 
95 673 327 13618.071 1713.58 
94 673 327 13618.459 1713.874 
135 638 356 13611.105 1712.35 
150 599 345 13546.008 1698.667 
111 661 351 13650.759 1709.017 
111 660 352 13650.245 1709.041 
121 641 362 13644.273 1710.371 
110 668 337 13683.952 1716.687 
141 616 380 13624.963 1708.953 
150 604 336 13516.565 1700.962 
150 604 337 13516.351 1700.916 
159 568 338 13481.318 1687.558 
122 644 369 13647.623 1702.924 
