412 1929 1072 13662.835 1711.506 
432 1886 1056 13629.55 1705.87 
408 1936 1073 13665.588 1712.172 
392 1946 1063 13676.439 1708.907 
436 1880 1091 13667.347 1709.69 
426 1902 1091 13662.395 1710.646 
424 1896 1092 13665.437 1712.854 
424 1896 1091 13665.093 1713.046 
435 1867 1080 13639.93 1710.728 
389 1939 1069 13675.049 1713.307 
429 1893 1076 13674.914 1710.961 
420 1889 1062 13671.249 1716.204 
419 1890 1061 13669.985 1716.11 
426 1897 1093 13652.07 1706.452 
405 1912 1101 13691.608 1716.174 
404 1928 1104 13694.072 1714.327 
399 1930 1093 13686.888 1714.881 
432 1876 1071 13645.035 1710.482 
398 1932 1094 13688.4 1715.033 
430 1882 1100 13651.233 1706.083 
428 1884 1098 13648.42 1705.902 
440 1867 1060 13637.103 1708.485 
417 1897 1107 13679.305 1712.081 
451 1857 1104 13659.833 1709.817 
421 1885 1110 13664.828 1711.51 
446 1864 1099 13674.186 1711.698 
418 1886 1106 13666.794 1711.762 
430 1875 1105 13658.707 1711.222 
414 1924 1079 13677.978 1711.826 
395 1939 1079 13673.79 1715.125 
408 1948 1058 13701.464 1717.7 
390 1949 1054 13686.978 1716.89 
415 1922 1089 13685.167 1716.387 
408 1927 1074 13682.772 1713.676 
427 1899 1090 13679.237 1715.999 
387 1940 1065 13680.137 1714.673 
428 1882 1089 13658.059 1709.795 
430 1876 1080 13669.956 1715.53 
404 1936 1073 13684.906 1715.036 
406 1933 1078 13683.55 1712.947 
431 1906 1084 13670.078 1712.271 
417 1931 1070 13693.073 1712.203 
409 1932 1074 13682.028 1715.605 
409 1926 1089 13701.483 1717.335 
402 1935 1075 13672.068 1710.608 
431 1877 1104 13673.309 1711.927 
404 1920 1095 13694.698 1715.501 
397 1935 1077 13684.764 1714.283 
415 1925 1062 13680.063 1713.343 
399 1938 1087 13678.933 1714.969 
409 1934 1073 13684.54 1716.104 
406 1927 1077 13687.437 1712.71 
397 1944 1070 13687.132 1712.944 
385 1951 1052 13682.774 1715.307 
440 1875 1065 13627.938 1702.969 
401 1932 1082 13677.663 1713.546 
380 1955 1064 13694.037 1713.537 
408 1898 1108 13663.565 1712.891 
379 1953 1070 13667.859 1712.714 
427 1887 1091 13652.433 1710.2 
387 1947 1069 13663.478 1708.722 
383 1942 1069 13674.886 1713.162 
374 1964 1055 13677.308 1711.946 
373 1965 1053 13675.924 1711.732 
414 1903 1073 13694.574 1715.196 
378 1959 1055 13673.368 1710.946 
420 1895 1105 13677.665 1713.38 
403 1934 1076 13667.36 1709.793 
424 1891 1092 13665.304 1713.504 
424 1905 1078 13669.348 1712.768 
422 1921 1104 13703.894 1714.99 
423 1907 1077 13668.849 1712.891 
423 1906 1079 13669.939 1712.915 
419 1868 1121 13655.395 1712.609 
430 1883 1057 13663.318 1712.753 
392 1953 1044 13703.154 1718.914 
389 1964 1051 13699.213 1715.009 
403 1945 1073 13687.326 1712.3 
387 1950 1060 13668.195 1712.53 
382 1954 1056 13680.781 1709.914 
380 1956 1056 13680.248 1709.709 
370 1982 1052 13695.079 1714.055 
388 1950 1060 13667.699 1708.19 
423 1911 1068 13661.541 1709.251 
389 1950 1056 13686.772 1713.047 
396 1939 1063 13691.125 1714.983 
389 1943 1060 13663.871 1713.6 
