266 1322 721 13753.078 1727.881 
285 1313 744 13774.062 1729.765 
294 1267 756 13703.762 1725.827 
281 1315 733 13746.515 1725.972 
262 1333 718 13746.26 1724.029 
265 1329 707 13733.754 1725.34 
282 1314 738 13761.737 1726.332 
272 1323 735 13736.188 1717.896 
270 1325 726 13725.849 1716.503 
271 1324 725 13724.11 1716.361 
291 1289 759 13739.099 1726.348 
292 1288 758 13737.454 1726.19 
263 1323 730 13756.691 1721.46 
306 1256 745 13706.23 1721.403 
293 1300 727 13747.611 1726.648 
290 1283 743 13759.159 1729.429 
286 1288 738 13730.976 1728.185 
278 1319 714 13750.386 1723.181 
284 1304 751 13764.363 1728.679 
257 1335 723 13784.538 1731.144 
305 1271 756 13738.34 1725.053 
285 1303 752 13765.035 1728.813 
297 1288 749 13748.622 1724.751 
284 1302 747 13755.695 1728.841 
270 1332 711 13754.992 1723.418 
285 1300 730 13753.262 1730.278 
282 1307 762 13788.996 1732.066 
283 1308 749 13768.102 1730.387 
288 1300 735 13769.188 1727.915 
286 1297 743 13750.958 1726.962 
294 1290 751 13757.809 1726.491 
290 1292 741 13765.265 1724.318 
278 1308 757 13781.711 1729.793 
291 1291 739 13765.578 1728.143 
292 1294 735 13749.143 1724.856 
302 1281 743 13781.16 1729.34 
290 1308 737 13765.629 1727.661 
298 1291 745 13758.679 1726.828 
304 1285 748 13777.866 1729.169 
289 1299 758 13771.644 1726.946 
287 1308 748 13754.726 1722.872 
267 1322 714 13751.274 1730.228 
264 1332 722 13769.339 1726.254 
268 1325 726 13760.416 1726.25 
277 1321 753 13800.578 1732.714 
254 1339 750 13763.86 1724.676 
266 1335 698 13753.002 1727.942 
307 1260 736 13716.746 1723.862 
245 1317 755 13729.675 1722.454 
256 1343 713 13761.902 1728.683 
293 1273 754 13719.264 1725.025 
244 1318 754 13729.591 1722.636 
255 1337 740 13760.512 1726.128 
281 1314 744 13769.004 1727.587 
276 1307 738 13774.714 1733.091 
255 1336 724 13770.854 1728.532 
281 1288 765 13713.729 1720.569 
261 1334 737 13789.443 1732.833 
