503 2457 1260 13494.136 1691.401 
485 2491 1279 13511.809 1694.201 
517 2428 1249 13480.702 1686.808 
462 2498 1301 13501.195 1690.803 
485 2480 1291 13503.523 1690.126 
514 2402 1298 13493.093 1691.239 
514 2402 1299 13493.071 1691.238 
468 2478 1318 13496.781 1692.32 
498 2476 1330 13549.598 1701.146 
465 2489 1301 13507.855 1694.261 
454 2497 1269 13527.46 1700.377 
476 2489 1294 13515.078 1690.384 
463 2478 1304 13528.494 1694.62 
432 2544 1276 13503.412 1690.67 
475 2490 1293 13514.601 1690.321 
431 2545 1276 13503.558 1690.675 
450 2509 1244 13500.482 1693.383 
456 2500 1284 13503.326 1688.007 
518 2374 1318 13450.49 1682.976 
448 2504 1296 13507.259 1689.482 
443 2533 1288 13515.621 1691.102 
498 2447 1355 13516.91 1694.205 
477 2478 1341 13493.456 1691.245 
480 2500 1279 13511.492 1690.136 
480 2500 1280 13511.462 1690.131 
506 2426 1324 13497.855 1691.117 
522 2428 1233 13476.244 1688.35 
522 2428 1232 13476.245 1688.35 
474 2506 1247 13488.145 1690.683 
444 2519 1245 13507.934 1691.918 
531 2351 1301 13447.165 1679.63 
471 2496 1298 13507.428 1691.926 
444 2520 1273 13489.888 1693.024 
454 2497 1285 13501.356 1689.872 
452 2504 1274 13528.049 1691.383 
514 2388 1313 13483.579 1689.083 
387 2548 1195 13455.994 1683.976 
459 2495 1305 13524.256 1694.194 
470 2489 1293 13519.52 1693.543 
504 2441 1300 13484.883 1691.626 
499 2436 1325 13493.589 1688.894 
472 2508 1273 13522.375 1694.107 
419 2546 1238 13500.318 1689.459 
453 2524 1285 13527.735 1689.774 
478 2477 1324 13488.131 1685.269 
511 2455 1295 13508.254 1689.295 
450 2502 1260 13499.869 1695.799 
460 2498 1241 13507.042 1695.418 
458 2496 1278 13523.973 1696.22 
442 2525 1288 13532.513 1696.037 
452 2514 1240 13499.129 1693.717 
443 2524 1289 13532.532 1696.039 
473 2487 1281 13492.345 1693.693 
520 2350 1311 13456.536 1681.594 
514 2425 1288 13505.33 1691.652 
454 2503 1262 13508.555 1694.814 
478 2492 1290 13504.133 1690.617 
539 2426 1285 13504.735 1685.693 
533 2430 1295 13494.258 1686.308 
466 2486 1312 13517.838 1695.915 
479 2480 1316 13499.068 1684.771 
434 2526 1268 13517.038 1688.892 
465 2485 1322 13505.442 1688.821 
476 2478 1264 13499.015 1695.194 
473 2518 1269 13530.389 1693.111 
475 2504 1272 13497.82 1691.682 
502 2470 1318 13528.063 1693.86 
501 2471 1317 13527.327 1693.605 
483 2486 1308 13539.062 1694.137 
511 2455 1278 13521.051 1692.4 
500 2442 1324 13503.106 1689.491 
470 2505 1281 13510.826 1690.053 
