1000 4807 2603 13460.569 1685.268 
812 5021 2442 13454.919 1684.941 
913 4963 2461 13460.54 1684.792 
811 5023 2442 13455.539 1685.078 
849 5003 2466 13458.387 1682.748 
1003 4749 2533 13440.514 1682.319 
947 4918 2479 13470.79 1688.935 
950 4843 2597 13442.676 1678.844 
955 4907 2539 13457.585 1681.035 
987 4821 2480 13459.741 1680.638 
854 4987 2474 13466.407 1681.966 
865 4985 2424 13448.287 1682.781 
852 5021 2463 13460.579 1684.546 
890 4907 2608 13452.837 1681.318 
845 5027 2448 13453.728 1683.4 
986 4855 2503 13463.713 1680.964 
943 4897 2544 13476.303 1688.767 
857 4991 2467 13465.092 1685.121 
943 4897 2544 13476.241 1688.77 
942 4898 2543 13475.762 1688.72 
861 5015 2460 13457.097 1684.529 
907 4983 2557 13502.524 1690.982 
863 5007 2449 13473.176 1687.334 
911 4964 2541 13491.041 1688.196 
910 4965 2541 13491.095 1688.202 
864 5005 2449 13472.698 1687.308 
984 4897 2586 13490.684 1688.577 
923 4957 2555 13492.023 1688.39 
925 4938 2558 13479.838 1686.947 
939 4905 2559 13467.14 1685.571 
867 4984 2430 13446.06 1682.828 
937 4934 2585 13485.47 1689.41 
910 4962 2510 13479.998 1689.709 
937 4956 2551 13485.525 1687.678 
950 4927 2548 13484.294 1686.991 
