753 3764 2012 13568.655 1697.764 
770 3751 2001 13569.937 1697.299 
780 3699 2042 13552.299 1694.995 
738 3778 2011 13557.429 1696.212 
755 3762 2014 13568.868 1697.786 
747 3765 2004 13570.281 1698.536 
763 3747 2027 13573.099 1698.347 
774 3753 2017 13567.267 1695.499 
780 3690 2062 13552.359 1696.102 
773 3751 1983 13575.269 1699.582 
806 3676 2002 13547.078 1696.517 
761 3758 2001 13581.605 1698.921 
777 3762 1967 13565.471 1698.217 
772 3780 1974 13587.501 1700.622 
778 3751 2022 13568.28 1699.186 
769 3782 1982 13595.851 1702.9 
771 3781 1974 13587.873 1700.644 
760 3786 2001 13574.594 1697.22 
769 3783 1972 13587.348 1700.49 
762 3779 1997 13582.242 1698.592 
772 3748 2026 13562.493 1698.147 
770 3726 2046 13553.594 1694.912 
739 3825 1965 13591.169 1703.044 
743 3797 2001 13578.316 1697.539 
762 3692 2051 13536.471 1694.606 
797 3734 2015 13564.908 1695.899 
745 3757 2027 13561.727 1695.313 
763 3717 1995 13554.598 1700.837 
742 3769 2017 13557.686 1697.111 
762 3759 2016 13556.922 1692.501 
725 3795 2000 13567.389 1698.576 
794 3704 2007 13554.452 1699.895 
742 3786 2010 13578.203 1698.383 
738 3779 2002 13579.116 1698.477 
756 3775 1994 13582.278 1701.732 
735 3760 2022 13556.847 1696.803 
771 3738 1977 13577.337 1697.666 
783 3736 2010 13574.307 1700.741 
753 3772 1998 13579.159 1699.817 
750 3773 2019 13554.026 1694.913 
773 3757 1991 13577.265 1699.425 
722 3805 2009 13575.043 1695.875 
724 3808 2002 13578.715 1695.453 
802 3715 2021 13553.985 1694.962 
749 3782 2006 13568.685 1697.915 
756 3831 1994 13602.49 1701.508 
766 3781 1986 13569.52 1695.835 
767 3780 1995 13577.905 1697.926 
735 3876 1997 13622.017 1704.621 
762 3815 1988 13600.245 1700.833 
741 3825 1991 13595.676 1701.634 
789 3694 2017 13546.097 1695.312 
791 3713 1953 13549.491 1698.178 
748 3818 1951 13598.304 1702.967 
753 3772 2008 13571.126 1696.51 
736 3797 1998 13569.113 1699.486 
745 3828 1952 13602.481 1701.955 
762 3743 2000 13579.095 1701.373 
736 3832 1960 13592.328 1702.168 
819 3687 1943 13548.995 1694.54 
818 3688 1942 13548.515 1694.454 
788 3743 2041 13574.485 1699.018 
789 3717 1983 13546.265 1697.209 
767 3765 1987 13580.46 1701.548 
821 3617 1949 13510.702 1687.703 
743 3792 1995 13554.871 1698.798 
820 3618 1948 13510.255 1687.7 
821 3617 1948 13510.352 1687.706 
709 3834 2002 13591.089 1703.712 
714 3825 2002 13583.734 1702.107 
782 3752 2028 13560.828 1696.745 
753 3747 2035 13552.079 1693.076 
729 3790 1999 13565.633 1699.12 
739 3759 2009 13555.861 1700.736 
752 3748 2035 13551.973 1693.074 
754 3756 2020 13559.013 1692.067 
754 3721 2021 13553.722 1699.345 
