528 2469 1399 13569.781 1694.844 
553 2441 1375 13576.155 1699.806 
423 2618 1295 13581.775 1700.221 
472 2561 1400 13592.435 1699.426 
549 2450 1328 13524.039 1691.905 
484 2600 1345 13632.325 1706.075 
506 2571 1349 13620.727 1707.12 
497 2580 1350 13636.166 1708.434 
472 2601 1318 13608.451 1705.375 
473 2591 1365 13615.359 1704.559 
463 2602 1379 13621.108 1704.208 
478 2603 1319 13619.965 1703.76 
523 2538 1373 13608.114 1702.466 
518 2560 1355 13623.334 1707.635 
485 2600 1316 13620.162 1703.376 
529 2502 1376 13583.909 1702.957 
508 2589 1359 13633.848 1706.33 
476 2602 1321 13622.523 1703.264 
501 2593 1356 13638.523 1707.892 
522 2539 1354 13610.537 1706.676 
524 2569 1358 13631.288 1704.819 
512 2570 1372 13631.786 1707.906 
503 2586 1342 13637.858 1706.247 
517 2540 1365 13615.407 1706.331 
522 2555 1381 13619.532 1705.123 
515 2571 1326 13625.069 1704.409 
515 2541 1368 13610.023 1705.759 
466 2594 1352 13608.898 1705.391 
508 2558 1374 13627.899 1705.002 
514 2564 1343 13635.456 1703.995 
522 2540 1367 13610.529 1706.905 
543 2528 1360 13614.19 1704.275 
505 2588 1394 13635.972 1707.293 
528 2552 1358 13627.617 1705.582 
519 2539 1383 13586.556 1702.231 
481 2595 1363 13621.494 1704.749 
519 2548 1377 13615.807 1705.659 
506 2556 1376 13613.482 1704.769 
497 2577 1366 13628.965 1708.005 
521 2533 1402 13618.964 1705.328 
523 2541 1361 13630.761 1702.749 
517 2548 1365 13616.244 1705.51 
543 2529 1360 13615.138 1704.268 
523 2549 1382 13601.704 1704.039 
511 2557 1381 13609.565 1704.314 
511 2556 1381 13611.998 1707.485 
