825 3788 2086 13636.854 1706.989 
827 3774 2057 13613.254 1705.525 
818 3790 2040 13629.922 1705.969 
838 3743 2109 13604.132 1705.431 
776 3844 2026 13616.936 1706.192 
839 3739 2095 13615.482 1707.795 
775 3861 2073 13630.324 1708.402 
822 3819 2024 13624.855 1707.534 
826 3791 2026 13609.705 1704.334 
850 3752 2103 13631.977 1706.279 
846 3746 2096 13628.551 1707.655 
819 3792 2108 13628.932 1708.72 
848 3731 2107 13608.935 1705.317 
853 3724 2075 13611.593 1703.5 
758 3855 2058 13636.011 1706.867 
791 3829 2106 13626.381 1705.456 
816 3798 2090 13627.089 1705.705 
758 3842 2061 13627.269 1709.301 
829 3774 2065 13611.292 1707.496 
820 3722 2129 13583.887 1702.309 
781 3839 2057 13610.029 1702.893 
820 3818 2065 13618.802 1707.947 
726 3885 2052 13614.797 1703.133 
775 3808 2095 13619.101 1707.527 
829 3789 2090 13627.738 1704.992 
813 3762 2132 13613.242 1704.479 
734 3862 2021 13603.039 1706.338 
814 3761 2132 13613.285 1704.49 
836 3757 2048 13613.468 1705.863 
814 3761 2130 13613.367 1704.495 
812 3733 2146 13606.118 1702.712 
795 3832 2094 13638.782 1710.434 
807 3816 2110 13623.584 1707.035 
802 3794 2099 13636.274 1709.701 
847 3702 2116 13585.292 1703.425 
813 3837 2085 13651.465 1711.251 
857 3685 2114 13578.744 1702.208 
859 3647 2070 13537.379 1697.842 
797 3808 2090 13626.488 1705.095 
841 3715 2123 13594.7 1704.87 
854 3712 2059 13581.61 1701.623 
824 3794 2089 13616.527 1705.791 
855 3703 2073 13577.101 1700.581 
851 3729 2057 13589.469 1704.116 
835 3707 2142 13588.848 1702.851 
834 3708 2141 13588.435 1702.773 
835 3728 2134 13598.226 1702.251 
834 3769 2127 13638.5 1708.763 
826 3788 2109 13635.134 1707.617 
821 3777 2124 13623.593 1709.697 
814 3806 2123 13645.957 1708.523 
826 3783 2128 13630.952 1709.055 
