380 1843 967 13510.567 1689.963 
362 1847 973 13504.023 1695.034 
386 1839 953 13475.03 1686.522 
357 1883 961 13496.316 1688.306 
372 1846 984 13464.574 1683.115 
361 1852 930 13503.644 1696.601 
339 1898 926 13519.605 1693.306 
339 1899 924 13519.285 1693.289 
317 1911 943 13504.581 1696.998 
358 1868 973 13503.048 1690.705 
375 1854 974 13518.764 1691.471 
329 1892 965 13521.36 1691.422 
353 1882 961 13529.92 1692.914 
336 1908 946 13524.737 1691.899 
370 1852 966 13502.476 1695.218 
398 1834 1010 13538.514 1694.451 
372 1848 980 13502.496 1687.574 
347 1876 963 13536.388 1690.831 
343 1885 964 13544.299 1699.193 
342 1893 960 13521.379 1694.522 
339 1897 947 13517.956 1692.289 
377 1839 950 13511.586 1690.784 
371 1855 989 13488.557 1688.332 
342 1893 961 13521.324 1694.514 
378 1838 951 13512.245 1690.787 
356 1886 957 13531.032 1688.64 
351 1863 990 13488.037 1693.865 
369 1862 1001 13532.704 1694.763 
335 1920 947 13515.58 1694.799 
334 1934 949 13537.309 1696.064 
416 1762 948 13430.599 1682.555 
409 1794 1015 13503.261 1687.345 
356 1872 957 13545.853 1690.744 
357 1905 914 13542.587 1698.783 
327 1895 993 13491.126 1690.132 
366 1871 977 13523.224 1689.332 
374 1866 941 13504.298 1689.477 
348 1893 963 13524.059 1693.586 
375 1816 1016 13474.953 1687.94 
355 1858 977 13505.608 1697.525 
348 1887 957 13528.782 1691.996 
355 1868 972 13516.073 1691.826 
357 1863 970 13525.553 1695.921 
366 1858 985 13516.457 1695.026 
345 1904 961 13535.446 1691.007 
372 1836 966 13509.085 1693.882 
336 1877 950 13502.31 1699.549 
366 1836 964 13492.658 1695.764 
351 1872 972 13543.613 1694.129 
354 1863 983 13507.282 1693.468 
339 1904 978 13502.031 1688.25 
338 1905 932 13540.476 1702.38 
348 1880 964 13507.486 1690.073 
339 1895 980 13517.175 1688.82 
376 1861 964 13532.035 1694.327 
355 1898 943 13542.633 1693.075 
348 1876 950 13536.446 1694.334 
349 1894 947 13538.705 1697.435 
350 1893 947 13538.51 1697.443 
333 1907 962 13531.984 1697.807 
378 1812 954 13500.182 1698.242 
354 1872 970 13495.167 1689.906 
345 1891 1000 13524.775 1694.001 
348 1858 930 13507.894 1697.564 
323 1928 978 13538.737 1695.934 
347 1891 997 13534.007 1694.228 
