297 1335 745 13814.686 1727.343 
310 1316 737 13795.877 1726.513 
309 1307 773 13815.84 1727.147 
296 1311 774 13804.532 1724.632 
277 1327 771 13800.565 1728.605 
278 1326 772 13801.69 1728.809 
290 1328 768 13851.472 1738.096 
290 1305 781 13785.072 1728.734 
291 1327 769 13851.486 1738.099 
297 1316 769 13846.451 1735.252 
296 1325 769 13853.352 1734.138 
265 1352 750 13832.617 1733.081 
285 1325 770 13810.08 1730.968 
282 1352 744 13856.282 1739.743 
302 1308 765 13816.491 1733.591 
284 1345 735 13836.253 1736.523 
282 1316 777 13786.46 1729.382 
295 1317 763 13839.237 1735.092 
285 1350 731 13838.109 1735.785 
306 1306 757 13845.506 1737.688 
300 1322 732 13811.041 1731.789 
289 1336 757 13832.554 1734.578 
301 1314 764 13829.026 1736.683 
289 1333 754 13851.427 1741.983 
297 1320 746 13837.895 1739.568 
273 1345 747 13838.732 1738.838 
305 1317 746 13832.208 1734.805 
306 1309 752 13835.228 1734.702 
279 1347 760 13836.467 1737.553 
285 1320 774 13784.95 1729.684 
287 1318 773 13777.672 1726.703 
280 1343 759 13809.404 1730.967 
310 1278 775 13769.369 1725.675 
298 1328 757 13834.85 1735.221 
271 1349 761 13838.036 1737.29 
296 1329 755 13831.146 1735.072 
302 1318 748 13818.396 1731.367 
283 1330 766 13826.865 1735.641 
282 1350 755 13840.588 1737.1 
254 1356 749 13799.571 1727.994 
259 1354 752 13797.323 1729.111 
295 1326 747 13826.074 1737.003 
266 1340 768 13808.25 1730.541 
310 1289 767 13811.984 1733.029 
308 1302 772 13817.555 1730.32 
289 1312 775 13775.866 1725.038 
299 1314 764 13830.789 1733.944 
314 1292 774 13798.443 1726.001 
287 1339 760 13819.156 1732.535 
290 1337 743 13841.813 1734.958 
274 1343 763 13816.982 1731.211 
283 1367 745 13869.521 1739.209 
294 1341 742 13833.579 1734.892 
292 1335 767 13817.558 1735.263 
281 1338 761 13828.731 1738.676 
288 1334 764 13821.971 1732.708 
287 1343 753 13817.366 1731.195 
335 1274 754 13773.913 1721.061 
288 1347 752 13820.581 1734.494 
289 1344 748 13859.661 1739.706 
300 1320 750 13808.27 1738.101 
293 1338 758 13830.692 1735.263 
336 1273 754 13774.108 1721.092 
295 1331 734 13805.838 1728.84 
325 1290 743 13775.38 1726.082 
313 1298 747 13811.59 1735.032 
308 1304 761 13822.568 1735.33 
306 1312 760 13815.828 1736.491 
324 1280 739 13798.225 1732.95 
308 1311 749 13833.922 1736.923 
305 1304 731 13804.83 1739.661 
310 1301 757 13824.618 1733.736 
303 1311 765 13804.244 1734.353 
329 1261 753 13782.139 1729.783 
322 1297 765 13853.786 1739.387 
286 1341 756 13832.776 1736.899 
298 1323 761 13851.497 1737.839 
302 1310 750 13826.776 1735.222 
285 1342 756 13833.711 1737.03 
300 1312 769 13821.361 1734.988 
278 1351 751 13817.302 1733.051 
287 1318 771 13789.51 1725.671 
281 1332 760 13842.625 1735.423 
323 1282 745 13765.411 1728.374 
309 1316 730 13792.946 1729.071 
312 1308 758 13812.102 1735.638 
309 1317 729 13795.394 1729.668 
306 1318 759 13800.803 1732.505 
321 1315 771 13822.146 1732.457 
305 1319 761 13799.57 1732.226 
300 1323 736 13788.207 1727.457 
