710 3710 1945 13489.775 1684.875 
705 3732 1921 13500.344 1690.738 
766 3655 1944 13489.372 1687.616 
757 3665 1923 13488.542 1687.403 
753 3659 1946 13488.077 1685.871 
771 3588 1942 13440.687 1680.387 
686 3771 1899 13508.568 1692.298 
663 3794 1876 13507.617 1688.984 
749 3607 1958 13465.183 1683.81 
704 3749 1948 13518.145 1693.161 
731 3738 1895 13504.701 1687.405 
708 3766 1923 13522.079 1690.415 
745 3712 1892 13498.956 1687.639 
724 3727 1910 13506.256 1689.724 
772 3648 1912 13475.375 1687.965 
731 3615 1984 13468.232 1686.749 
743 3684 1950 13512.987 1688.693 
719 3719 1874 13505.558 1690.155 
714 3729 1908 13507.149 1690.305 
741 3607 1984 13451.617 1681.898 
722 3663 1979 13459.525 1683.913 
705 3750 1920 13516.024 1692.606 
691 3771 1900 13519.612 1691.702 
651 3775 1885 13487.479 1685.866 
687 3762 1928 13497.593 1690.984 
693 3744 1883 13510.938 1693.31 
746 3656 1940 13478.187 1688.286 
711 3713 1863 13495.909 1691.543 
680 3704 1989 13484.709 1690.103 
710 3665 1975 13487.047 1685.822 
709 3746 1882 13495.618 1689.439 
705 3727 1927 13512.589 1687.625 
714 3753 1944 13511.99 1688.502 
690 3716 1960 13485.723 1687.797 
751 3588 1962 13447.428 1681.939 
760 3660 1919 13485.465 1683.931 
753 3647 1957 13501.768 1690.546 
707 3762 1951 13511.655 1688.852 
717 3722 1920 13504.549 1686.606 
720 3735 1839 13505.009 1687.653 
739 3713 1920 13520.667 1689.723 
645 3785 1885 13465.841 1686.532 
738 3661 1959 13493.213 1688.828 
722 3691 1941 13513.625 1692.848 
760 3619 1906 13474.473 1688.178 
711 3696 1925 13501.695 1692.228 
667 3774 1906 13520.419 1693.458 
712 3644 1985 13472.011 1684.839 
738 3648 1977 13479.677 1687.289 
729 3699 1972 13509.543 1689.911 
759 3697 1909 13506.48 1687.674 
694 3785 1864 13505.513 1689.327 
673 3774 1875 13497.619 1689.704 
635 3789 1860 13481.983 1691.772 
693 3785 1872 13502.128 1688.702 
737 3679 1934 13501.282 1690.074 
746 3655 1961 13491.897 1690.311 
643 3766 1911 13491.019 1692.213 
734 3708 1964 13518.236 1692.014 
651 3769 1915 13497.626 1691.024 
733 3709 1963 13517.815 1692.013 
754 3705 1928 13508.923 1691.256 
646 3769 1914 13502.476 1688.371 
677 3733 1964 13503.857 1690.572 
645 3771 1914 13503.207 1688.358 
672 3775 1855 13500.04 1689.601 
717 3720 1925 13508.109 1688.299 
703 3697 1899 13486.204 1693.542 
716 3721 1924 13508.202 1688.3 
632 3776 1896 13493.662 1686.714 
624 3797 1886 13480.78 1687.489 
