674 3189 1738 13634.488 1708.414 
709 3106 1721 13615.054 1705.332 
656 3214 1719 13643.091 1712.639 
661 3219 1705 13651.82 1709.964 
666 3209 1701 13640.075 1711.997 
655 3217 1740 13653.758 1711.96 
638 3241 1707 13671.462 1716.6 
660 3220 1716 13646.174 1711.67 
679 3180 1713 13648.812 1709.44 
691 3170 1741 13658.878 1714.761 
691 3171 1742 13659.208 1714.647 
647 3213 1742 13658.321 1713.196 
704 3156 1726 13660.827 1716.119 
678 3183 1739 13661.343 1711.77 
688 3159 1746 13658.182 1713.557 
695 3162 1710 13642.427 1710.901 
712 3103 1704 13612.513 1707.998 
650 3215 1723 13648.921 1713.952 
672 3197 1737 13662.176 1716.434 
675 3175 1741 13651.871 1713.643 
684 3166 1745 13653.63 1712.981 
684 3166 1744 13653.975 1713.069 
698 3127 1736 13639.642 1711.883 
634 3257 1711 13670.394 1716.145 
640 3239 1722 13661.104 1711.922 
632 3250 1733 13678.992 1713.833 
629 3227 1769 13668.106 1714.958 
629 3239 1764 13672.831 1714.842 
633 3249 1717 13672.935 1715.292 
620 3281 1720 13678.89 1716.098 
675 3178 1792 13648.842 1712.511 
656 3204 1770 13650.593 1713.632 
665 3178 1760 13656.281 1711.813 
639 3245 1730 13672.734 1714.324 
631 3239 1756 13669.952 1714.488 
701 3096 1736 13620.62 1708.872 
662 3195 1778 13669.128 1714.199 
648 3228 1739 13668.794 1716.026 
649 3237 1731 13669.955 1715.874 
660 3198 1789 13673.8 1715.253 
685 3159 1760 13641.553 1710.128 
687 3154 1757 13632.724 1709.304 
647 3232 1731 13674.192 1713.914 
635 3243 1736 13656.532 1712.307 
651 3215 1743 13660.4 1713.135 
655 3204 1729 13660.434 1711.425 
653 3209 1762 13673.822 1712.924 
676 3163 1774 13634.697 1711.87 
654 3212 1738 13666.949 1714.73 
679 3130 1776 13615.683 1707.587 
645 3219 1746 13672.124 1714.531 
703 3130 1753 13618.721 1708.715 
639 3224 1741 13671.599 1713.941 
638 3239 1750 13679.919 1715.381 
671 3182 1786 13652.556 1713.763 
684 3144 1771 13623.929 1710.919 
670 3183 1763 13644.456 1712.138 
643 3236 1741 13659.66 1715.67 
683 3172 1770 13645.311 1713.624 
709 3100 1739 13613.263 1705.801 
668 3168 1754 13657.346 1713.516 
668 3168 1755 13657.291 1713.514 
667 3170 1754 13653.445 1713.079 
682 3171 1745 13654.344 1711.254 
669 3189 1760 13656.255 1709.937 
634 3255 1745 13674.218 1714.921 
690 3139 1763 13631.729 1710.594 
642 3209 1743 13660.268 1716.096 
638 3237 1720 13665.889 1717.943 
691 3138 1764 13632.2 1710.592 
643 3229 1730 13661.681 1717.698 
679 3173 1738 13634.038 1711.116 
656 3205 1725 13653.159 1710.71 
712 3074 1760 13602.247 1700.998 
674 3157 1770 13641.249 1713.682 
667 3158 1756 13638.698 1714.892 
694 3149 1747 13643.96 1709.826 
694 3148 1748 13643.202 1709.609 
677 3135 1785 13627.302 1711.186 
675 3172 1751 13643.675 1714.785 
663 3210 1723 13647.064 1710.806 
707 3133 1759 13642.912 1708.416 
705 3125 1768 13625.941 1705.513 
714 3094 1743 13589.223 1701.99 
664 3201 1769 13662.983 1715.587 
683 3104 1773 13604.579 1709.72 
660 3226 1749 13670.215 1709.547 
688 3153 1755 13636.222 1708.848 
664 3203 1761 13668.152 1715.188 
685 3105 1773 13601.941 1708.969 
674 3193 1734 13657.826 1714.738 
662 3206 1707 13660.377 1710.66 
663 3204 1706 13658.635 1710.308 
676 3128 1776 13622.776 1713.29 
685 3177 1731 13636.459 1708.245 
683 3176 1732 13647.603 1710.691 
708 3110 1744 13622.853 1707.128 
696 3148 1759 13639.334 1713.604 
667 3192 1740 13641.283 1710.61 
650 3212 1740 13652.48 1715.538 
