536 2517 1417 13642.629 1708.041 
556 2499 1424 13623.03 1706.568 
550 2509 1413 13625.038 1707.898 
566 2467 1407 13611.754 1706.496 
574 2464 1399 13612.496 1705.948 
590 2474 1397 13625.817 1707.259 
570 2476 1374 13601.674 1702.801 
538 2537 1408 13655.486 1711.157 
553 2520 1371 13628.728 1711.915 
533 2505 1419 13621.058 1708.204 
575 2445 1412 13604.794 1710.135 
523 2548 1407 13651.407 1713.137 
539 2495 1425 13618.471 1708.259 
569 2517 1406 13654.392 1712.215 
540 2510 1415 13636.514 1710.915 
557 2477 1422 13624.927 1707.802 
548 2490 1423 13629.346 1711.103 
508 2564 1390 13628.501 1708.735 
496 2578 1377 13659.371 1712.302 
507 2575 1392 13661.132 1714.14 
542 2520 1413 13640.151 1710.051 
521 2559 1405 13667.246 1710.802 
521 2560 1404 13667.803 1710.861 
522 2558 1380 13652.923 1716.14 
556 2454 1409 13608.673 1709.374 
571 2473 1370 13629.75 1709.679 
540 2527 1394 13652.242 1714.333 
497 2599 1349 13661.571 1710.962 
538 2530 1387 13645.909 1715.804 
547 2502 1415 13630.101 1707.428 
553 2519 1396 13645.491 1709.621 
548 2501 1416 13630.28 1707.46 
538 2490 1431 13634.492 1708.973 
544 2497 1434 13630.205 1707.067 
530 2539 1383 13655.635 1714.838 
539 2523 1416 13630.594 1709.084 
535 2504 1420 13611.084 1704.04 
526 2519 1419 13629.74 1707.048 
549 2545 1405 13669.689 1714.295 
514 2589 1366 13657.719 1711.231 
493 2590 1365 13637.096 1710.089 
544 2510 1408 13649.588 1708.699 
526 2570 1388 13677.997 1714.66 
498 2580 1376 13650.291 1711.855 
544 2552 1402 13670.764 1713.742 
546 2551 1401 13671.591 1713.286 
540 2561 1396 13678.288 1713.692 
553 2515 1407 13646.915 1711.551 
481 2578 1391 13635.176 1709.567 
510 2580 1384 13672.135 1711.796 
541 2573 1381 13674.325 1714.066 
536 2534 1416 13659.902 1712.305 
550 2521 1401 13642.813 1708.111 
523 2548 1389 13661.318 1714.38 
531 2545 1413 13670.34 1714.367 
525 2559 1407 13659.435 1710.318 
518 2558 1373 13668.444 1715.033 
541 2513 1407 13652.631 1712.333 
541 2512 1407 13652.044 1712.377 
533 2543 1418 13659.22 1712.034 
502 2581 1376 13654.218 1708.694 
517 2547 1411 13637.277 1711.021 
502 2584 1361 13658.598 1711.984 
543 2519 1415 13631.265 1707.576 
554 2518 1404 13638.865 1710.518 
538 2513 1415 13630.13 1709.29 
538 2518 1412 13646.571 1709.155 
519 2576 1364 13668.509 1712.109 
496 2566 1395 13642.181 1712.247 
531 2506 1419 13618.458 1707.475 
495 2571 1393 13640.928 1712.841 
532 2541 1416 13661.134 1711.14 
533 2530 1412 13650.614 1712.58 
505 2580 1359 13651.797 1712.382 
514 2575 1377 13672.881 1714.108 
496 2579 1345 13643.08 1712.554 
503 2568 1361 13659.781 1715.834 
510 2563 1394 13640.651 1709.766 
513 2561 1398 13643.964 1709.179 
511 2563 1390 13652.23 1709.054 
