143 686 371 13872.458 1736.828 
152 683 384 13924.438 1750.56 
157 673 361 13906.47 1741.976 
163 667 368 13868.026 1742.249 
159 675 366 13891.127 1746.86 
177 635 376 13803.067 1728.485 
172 649 362 13813.885 1728.326 
174 630 389 13773.508 1723.64 
181 619 369 13746.232 1724.793 
173 643 394 13829.762 1735.698 
174 638 381 13804.448 1735.932 
153 675 372 13869.226 1739.229 
157 676 367 13865.097 1738.019 
147 679 387 13874.805 1746.782 
156 669 396 13897.966 1747.472 
184 618 400 13811.197 1734.972 
146 684 376 13857.558 1741.759 
172 647 399 13829.124 1741.362 
174 636 387 13804.378 1728.69 
163 670 377 13866.547 1747.271 
170 629 400 13818.536 1734.648 
170 645 394 13840.935 1745.69 
167 653 398 13871.93 1748.036 
171 650 371 13827.142 1733.199 
155 674 383 13885.045 1742.369 
156 664 405 13886.84 1743.281 
149 671 414 13882.668 1741.436 
177 634 387 13843.193 1738.707 
178 633 388 13843.417 1738.733 
149 679 399 13864.259 1739.117 
148 676 396 13855.248 1740.05 
158 662 401 13888.295 1747.517 
150 666 403 13853.145 1740.941 
158 652 413 13836.519 1739.101 
164 673 394 13903.02 1739.279 
150 672 391 13939.105 1749.914 
164 663 392 13870.432 1748.946 
165 644 410 13802.665 1730.43 
178 628 390 13784.763 1733.146 
148 669 401 13893.464 1740.874 
162 639 411 13814.679 1739.508 
166 641 421 13829.295 1732.563 
169 663 408 13912.195 1745.126 
154 667 399 13904.103 1744.856 
140 684 379 13905.862 1745.613 
152 674 397 13924.073 1753.475 
130 690 362 13877.902 1746.407 
149 677 391 13882.642 1744.177 
150 676 392 13884.988 1744.332 
156 670 379 13858.227 1742.739 
173 640 405 13810.081 1731.746 
160 674 375 13903.419 1750.09 
155 670 390 13901.37 1744.468 
160 668 390 13862.15 1752.305 
162 674 401 13885.823 1739.737 
154 671 390 13900.57 1744.286 
154 671 391 13900.334 1744.262 
135 687 378 13924.404 1749.314 
154 667 398 13903.732 1745.08 
153 668 396 13904.665 1745.244 
144 678 385 13890.177 1739.261 
147 673 409 13860.208 1742.706 
140 689 383 13886.177 1743.149 
169 657 392 13861.846 1748.713 
143 681 385 13845.355 1742.351 
143 680 399 13880.974 1737.878 
175 636 383 13808.345 1733.272 
171 638 394 13840.752 1740.971 
180 622 398 13820.822 1733.88 
169 631 411 13785.698 1733.306 
169 631 412 13785.36 1733.262 
175 616 405 13773.213 1726.484 
159 671 391 13896.254 1742.087 
135 688 374 13871.422 1744.79 
176 626 396 13752.713 1726.76 
147 683 402 13859.991 1741.86 
180 624 386 13803.84 1733.519 
142 679 389 13835.064 1742.419 
141 680 388 13831.883 1742.304 
135 693 371 13900.98 1736.765 
134 687 399 13874.713 1740.626 
