635 3260 1688 13670.976 1709.123 
632 3255 1694 13681.325 1712.595 
634 3257 1693 13677.335 1711.491 
683 3177 1726 13642.37 1707.226 
683 3176 1730 13634.761 1704.265 
695 3116 1716 13606.146 1700.949 
695 3106 1707 13606.794 1701.819 
696 3066 1707 13578.168 1697.618 
602 3268 1642 13640.628 1711.88 
601 3269 1642 13640.761 1711.903 
630 3241 1717 13669.094 1710.704 
639 3235 1699 13659.35 1713.265 
696 3144 1702 13627.919 1703.664 
687 3164 1677 13632.776 1705.487 
687 3155 1735 13653.236 1709.833 
638 3240 1699 13679.749 1713.034 
670 3200 1750 13680.873 1713.008 
653 3212 1734 13673.442 1712.654 
652 3225 1706 13663.97 1712.368 
661 3223 1730 13672.698 1711.834 
640 3232 1714 13670.406 1710.908 
642 3224 1728 13674.608 1712.612 
635 3239 1685 13661.949 1713.6 
666 3196 1736 13675.744 1713.354 
653 3234 1700 13663.449 1708.894 
598 3276 1689 13663.869 1713.778 
664 3237 1676 13666.51 1710.132 
559 3292 1660 13636.168 1708.327 
677 3195 1733 13651.775 1708.996 
603 3266 1717 13659.273 1711.407 
665 3204 1753 13671.773 1710.331 
656 3171 1766 13645.061 1708.842 
627 3254 1715 13671.073 1711.526 
594 3290 1675 13650.308 1709.441 
638 3233 1672 13668.799 1713.55 
640 3231 1732 13666.611 1708.81 
647 3223 1733 13677.861 1713.204 
609 3265 1680 13674.35 1712.363 
648 3234 1719 13670.812 1710.816 
650 3248 1713 13675.124 1712.335 
638 3236 1745 13677.284 1712.688 
622 3271 1674 13653.474 1710.738 
636 3246 1709 13659.695 1712.376 
646 3236 1717 13670.358 1710.946 
616 3278 1660 13663.183 1710.765 
632 3263 1700 13680.111 1715.741 
674 3204 1741 13667.154 1710.092 
632 3264 1703 13659.093 1712.925 
631 3265 1702 13659.133 1712.772 
662 3222 1748 13671.74 1713.728 
621 3266 1671 13667.502 1713.525 
648 3257 1708 13665.213 1711.746 
636 3221 1753 13662.268 1712.575 
642 3228 1728 13662.024 1711.926 
675 3181 1697 13649.997 1710.488 
597 3290 1661 13650.195 1709.203 
676 3170 1693 13645.003 1710.815 
683 3168 1719 13648.949 1709.392 
680 3174 1698 13641.978 1710.434 
681 3173 1699 13641.891 1710.419 
673 3195 1701 13648.823 1712.014 
654 3248 1668 13668.857 1709.883 
680 3176 1677 13630.218 1709.78 
563 3291 1617 13615.74 1703.261 
669 3201 1742 13651.619 1709.521 
667 3227 1685 13666.049 1706.575 
640 3255 1720 13665.429 1712.217 
664 3230 1734 13676.452 1710.718 
655 3238 1677 13667.669 1711.328 
640 3222 1728 13668.093 1714.076 
668 3210 1724 13681.235 1713.223 
681 3160 1741 13660.506 1710.559 
664 3196 1742 13672.135 1714.432 
691 3159 1739 13645.313 1708.846 
666 3231 1728 13682.687 1711.872 
675 3205 1739 13670.861 1710.485 
682 3172 1739 13646.106 1710.532 
672 3173 1753 13650.081 1704.27 
630 3259 1712 13673.22 1713.297 
684 3164 1746 13639.04 1707.223 
657 3218 1773 13674.405 1708.83 
630 3276 1728 13675.786 1710.497 
636 3233 1715 13665.664 1713.238 
649 3200 1715 13656.397 1714.619 
