163 650 390 13880.36 1742.425 
168 637 386 13838.312 1740.029 
158 649 392 13851.008 1742.586 
166 643 386 13846.114 1738.703 
153 658 414 13849.013 1741.0 
155 662 385 13880.113 1738.874 
143 669 388 13881.542 1742.199 
140 669 410 13815.793 1733.177 
147 667 418 13871.375 1737.231 
145 670 404 13842.538 1739.407 
139 669 407 13817.366 1731.705 
115 698 363 13793.728 1732.959 
161 656 411 13858.946 1738.937 
139 682 397 13879.813 1741.316 
164 653 403 13874.788 1733.545 
137 675 406 13856.016 1736.509 
152 664 406 13841.769 1736.295 
124 687 392 13824.096 1734.798 
128 684 381 13813.217 1734.728 
153 664 393 13835.762 1737.533 
165 647 399 13869.667 1737.588 
151 667 393 13813.245 1730.187 
161 656 412 13858.845 1738.924 
155 662 397 13840.2 1737.757 
155 658 411 13849.664 1737.125 
159 657 407 13847.384 1736.971 
162 643 405 13853.679 1744.005 
149 668 393 13793.17 1733.846 
169 633 407 13846.714 1738.5 
129 677 388 13836.094 1743.188 
143 679 374 13845.117 1737.696 
119 696 364 13806.004 1731.521 
130 684 374 13832.299 1740.551 
157 657 395 13913.355 1744.003 
129 682 383 13871.657 1741.564 
119 695 364 13804.649 1731.643 
151 660 395 13883.302 1748.202 
168 639 390 13836.545 1742.952 
160 658 388 13847.95 1745.13 
142 669 401 13886.424 1745.755 
125 684 381 13806.368 1736.458 
128 677 394 13840.383 1743.965 
150 666 395 13858.343 1734.185 
164 648 397 13843.998 1739.59 
154 661 404 13891.344 1740.982 
151 665 395 13859.434 1734.218 
125 684 380 13806.448 1736.477 
141 671 396 13890.56 1742.316 
140 678 394 13861.998 1735.441 
151 654 397 13878.275 1741.778 
152 663 393 13859.077 1733.632 
155 671 380 13867.581 1747.203 
165 656 390 13837.098 1739.606 
170 644 414 13839.484 1738.504 
168 637 383 13848.933 1749.17 
165 649 396 13837.632 1742.043 
143 679 395 13842.456 1739.113 
150 665 406 13871.812 1741.432 
174 619 406 13819.364 1729.516 
159 657 392 13833.392 1737.94 
157 676 391 13876.493 1745.059 
152 662 393 13834.152 1741.194 
143 667 398 13842.844 1738.219 
144 681 386 13840.313 1737.052 
140 681 383 13843.1 1740.304 
136 687 374 13827.18 1730.199 
139 692 371 13906.24 1743.743 
154 631 417 13756.067 1721.218 
141 673 393 13834.665 1740.538 
147 664 403 13884.953 1745.119 
140 674 392 13830.659 1739.683 
155 646 413 13857.216 1739.244 
156 658 400 13855.047 1743.544 
152 673 390 13848.737 1745.125 
176 647 402 13817.037 1736.06 
159 642 412 13810.075 1741.475 
123 679 361 13822.792 1744.148 
136 684 379 13849.214 1739.584 
135 684 380 13817.447 1734.882 
144 672 397 13823.753 1741.619 
