1106 4947 2730 13572.203 1703.568 
1101 5000 2774 13595.497 1705.611 
1083 5021 2793 13604.713 1705.605 
1075 5027 2789 13613.94 1708.221 
1063 5086 2741 13617.286 1706.135 
1055 5068 2759 13621.332 1709.814 
1085 5048 2766 13623.279 1706.36 
1084 5026 2757 13614.34 1707.592 
1060 5054 2736 13622.968 1709.494 
1090 5024 2788 13613.631 1707.965 
1077 5058 2787 13623.565 1709.264 
1021 5106 2769 13614.571 1706.548 
1070 5051 2754 13617.899 1709.567 
1058 5096 2779 13629.868 1708.695 
1070 5065 2737 13630.775 1708.978 
1013 5112 2717 13608.991 1707.652 
1073 5048 2760 13619.577 1709.361 
1068 5064 2776 13620.091 1709.813 
1065 5070 2714 13627.475 1707.763 
1025 5111 2749 13613.845 1707.207 
1078 5063 2736 13632.604 1708.473 
1100 5034 2738 13622.07 1705.821 
1053 5081 2721 13629.958 1708.832 
1062 5080 2756 13621.073 1707.851 
1095 4974 2782 13602.404 1707.124 
1036 5117 2726 13621.147 1707.081 
1039 5110 2755 13620.823 1707.727 
1038 5113 2714 13623.402 1707.751 
1101 4978 2773 13602.418 1707.092 
1055 5095 2756 13624.58 1709.407 
1057 5097 2760 13622.932 1707.368 
1059 5081 2752 13617.733 1707.566 
1064 5076 2755 13624.862 1707.626 
1099 4960 2793 13589.845 1703.874 
1064 5072 2754 13627.188 1709.041 
1102 4962 2765 13604.589 1704.809 
1072 5023 2785 13626.111 1709.573 
1056 5094 2757 13624.508 1709.403 
1094 4993 2769 13615.946 1707.25 
1091 4960 2792 13593.571 1704.366 
1056 5094 2756 13625.008 1709.466 
1053 5092 2764 13626.857 1709.491 
1039 5113 2723 13614.339 1705.514 
1089 5007 2766 13624.296 1708.386 
1090 5052 2754 13622.506 1709.524 
1080 5060 2774 13620.311 1708.341 
989 5137 2693 13611.027 1707.158 
1000 5120 2689 13606.02 1705.658 
1068 5040 2786 13631.355 1709.103 
1095 5038 2738 13608.341 1706.945 
1070 5065 2761 13632.092 1707.553 
1082 5063 2762 13623.773 1709.036 
1049 5106 2765 13628.18 1709.989 
1104 5022 2762 13618.572 1707.844 
1087 5025 2780 13623.131 1708.138 
1091 4982 2788 13597.757 1705.748 
1063 5072 2753 13627.241 1709.051 
1087 5027 2776 13615.045 1706.849 
1066 5064 2760 13621.093 1708.892 
1073 5046 2781 13633.383 1710.199 
1052 5105 2760 13632.714 1710.771 
1071 5068 2792 13630.684 1708.835 
1075 5040 2784 13634.501 1710.052 
1054 5080 2758 13625.917 1708.789 
