517 2608 1392 13708.261 1717.714 
554 2566 1443 13702.291 1718.573 
554 2566 1444 13702.806 1718.569 
549 2566 1444 13697.944 1719.113 
544 2592 1394 13706.792 1720.435 
540 2595 1434 13699.502 1716.956 
555 2571 1444 13719.313 1716.602 
547 2593 1423 13728.916 1718.645 
524 2604 1415 13707.002 1715.261 
524 2598 1402 13684.891 1718.039 
569 2578 1442 13720.778 1720.823 
519 2600 1406 13687.899 1717.659 
527 2620 1403 13721.459 1717.601 
533 2595 1421 13702.667 1716.377 
545 2592 1434 13696.837 1713.411 
542 2598 1412 13697.011 1714.863 
541 2598 1412 13705.583 1715.576 
528 2603 1409 13693.351 1716.585 
544 2593 1434 13696.842 1713.411 
581 2550 1443 13699.752 1711.909 
541 2586 1444 13698.333 1716.656 
553 2589 1427 13706.468 1711.958 
522 2587 1444 13670.089 1710.941 
539 2574 1453 13684.9 1712.367 
577 2564 1448 13702.851 1717.928 
525 2576 1452 13687.096 1713.926 
546 2562 1449 13692.322 1717.963 
551 2589 1442 13730.652 1723.143 
545 2596 1410 13704.952 1714.834 
578 2561 1428 13699.579 1716.334 
532 2591 1436 13697.881 1717.962 
565 2547 1454 13696.353 1720.458 
548 2567 1443 13706.455 1720.732 
575 2546 1460 13705.774 1719.492 
571 2551 1468 13711.51 1720.045 
574 2555 1459 13717.691 1718.122 
556 2579 1435 13706.084 1718.111 
559 2587 1424 13712.896 1717.224 
573 2560 1463 13719.853 1719.682 
552 2588 1411 13701.718 1716.787 
558 2580 1413 13703.054 1717.482 
517 2625 1371 13697.712 1712.311 
564 2556 1452 13690.189 1719.939 
505 2604 1421 13697.523 1715.699 
565 2555 1445 13722.171 1716.547 
497 2613 1423 13689.301 1713.264 
531 2607 1395 13688.088 1714.207 
579 2552 1444 13699.196 1715.948 
610 2496 1481 13684.085 1712.693 
585 2549 1482 13721.623 1719.292 
573 2566 1447 13715.954 1718.126 
572 2574 1429 13714.197 1720.516 
597 2528 1475 13700.373 1716.847 
586 2548 1445 13707.945 1713.44 
583 2544 1446 13707.981 1720.937 
562 2559 1471 13701.26 1716.562 
596 2545 1481 13725.936 1720.694 
607 2527 1482 13708.28 1717.42 
579 2551 1461 13712.497 1718.903 
574 2558 1443 13721.721 1715.341 
571 2572 1466 13706.48 1717.817 
