986 4859 2503 13471.42 1683.897 
897 4944 2499 13470.468 1688.339 
881 4943 2515 13450.398 1683.5 
966 4870 2513 13441.258 1683.006 
905 4950 2491 13463.063 1683.034 
889 4988 2420 13473.804 1686.302 
885 5001 2486 13482.241 1689.826 
971 4821 2549 13432.278 1681.16 
955 4851 2557 13462.059 1686.159 
939 4758 2573 13421.22 1680.106 
820 5028 2436 13446.19 1681.264 
990 4783 2525 13431.078 1679.094 
992 4753 2508 13422.125 1680.004 
962 4915 2555 13481.871 1687.046 
898 4951 2507 13459.581 1684.578 
876 4991 2518 13481.21 1689.022 
881 4980 2500 13468.502 1685.018 
963 4883 2517 13460.076 1684.651 
907 4955 2485 13445.6 1684.352 
916 4946 2498 13459.664 1682.979 
876 4958 2528 13469.958 1684.427 
876 4959 2528 13469.958 1684.419 
890 4957 2498 13455.794 1685.303 
961 4864 2558 13451.551 1681.405 
893 4947 2544 13464.918 1682.651 
931 4977 2484 13484.749 1687.238 
967 4778 2542 13436.371 1678.204 
976 4819 2513 13454.737 1681.44 
978 4854 2519 13453.86 1680.863 
921 4887 2572 13458.514 1680.357 
947 4941 2570 13493.186 1688.516 
911 4984 2436 13480.128 1684.687 
865 4970 2531 13471.264 1686.531 
975 4834 2519 13435.378 1681.189 
921 4922 2459 13447.81 1688.915 
987 4789 2536 13428.935 1679.72 
962 4779 2570 13409.892 1677.123 
823 5013 2415 13450.33 1684.981 
990 4780 2545 13426.276 1677.633 
867 5012 2472 13469.16 1685.95 
1009 4761 2488 13418.515 1677.663 
809 4999 2494 13450.422 1684.694 
967 4856 2539 13441.254 1683.172 
969 4787 2549 13430.141 1681.584 
984 4749 2552 13413.002 1678.459 
969 4863 2519 13461.656 1686.96 
970 4826 2510 13439.822 1683.026 
888 4958 2523 13451.845 1681.07 
890 4967 2492 13476.699 1685.388 
