364 1914 1002 13581.064 1702.025 
370 1896 963 13548.677 1697.941 
362 1912 1011 13563.733 1703.511 
352 1926 980 13555.819 1700.1 
366 1910 1020 13578.065 1703.357 
367 1909 1021 13577.38 1703.252 
349 1919 984 13562.305 1699.674 
340 1935 976 13557.244 1698.347 
357 1916 983 13591.082 1701.536 
359 1899 979 13582.596 1698.16 
343 1919 983 13562.697 1700.194 
320 1955 932 13551.368 1695.301 
304 1938 960 13563.422 1694.531 
324 1937 945 13567.328 1700.734 
372 1890 969 13562.626 1699.484 
355 1896 1029 13563.498 1700.358 
371 1913 952 13573.347 1701.687 
355 1915 1000 13570.761 1702.333 
376 1896 962 13545.11 1691.475 
370 1891 971 13555.414 1696.913 
337 1938 908 13549.12 1695.016 
369 1892 1010 13582.884 1706.717 
344 1917 965 13565.548 1698.405 
325 1927 943 13555.371 1698.727 
411 1883 1026 13607.567 1706.203 
416 1865 1039 13609.271 1705.729 
416 1859 1031 13604.135 1706.771 
350 1919 985 13562.737 1698.292 
385 1884 997 13566.625 1707.885 
411 1881 1041 13612.714 1707.33 
