518 2425 1321 13484.564 1687.046 
508 2446 1310 13535.82 1690.861 
483 2493 1304 13526.816 1690.651 
452 2537 1262 13525.481 1689.835 
474 2514 1318 13553.502 1697.377 
446 2543 1237 13514.532 1689.501 
440 2530 1285 13507.879 1692.629 
518 2458 1306 13514.742 1693.611 
479 2472 1289 13500.562 1695.828 
457 2490 1320 13520.65 1692.372 
422 2544 1263 13505.157 1686.644 
486 2491 1327 13504.117 1689.172 
520 2410 1254 13456.183 1686.045 
427 2539 1282 13515.151 1689.083 
443 2542 1262 13522.055 1690.963 
467 2517 1255 13533.414 1691.712 
457 2517 1294 13541.937 1691.81 
494 2498 1285 13536.994 1699.118 
462 2535 1263 13515.271 1688.442 
495 2475 1272 13530.052 1690.237 
518 2434 1318 13498.356 1689.788 
445 2535 1300 13532.414 1692.083 
445 2530 1271 13508.716 1692.312 
444 2531 1271 13508.761 1692.228 
497 2440 1335 13513.236 1694.493 
423 2541 1299 13512.459 1694.398 
536 2403 1307 13487.005 1684.93 
537 2402 1308 13487.201 1684.937 
453 2526 1296 13533.727 1693.376 
515 2474 1267 13509.079 1688.607 
481 2503 1293 13517.755 1694.781 
447 2520 1265 13527.759 1699.283 
427 2538 1276 13502.128 1691.624 
426 2539 1275 13501.336 1691.516 
484 2494 1290 13514.008 1690.676 
461 2534 1251 13518.311 1691.589 
493 2452 1286 13503.698 1697.491 
497 2451 1340 13519.291 1688.592 
401 2571 1219 13515.092 1692.501 
409 2569 1220 13512.002 1692.173 
437 2537 1304 13538.464 1693.466 
499 2398 1351 13468.84 1685.97 
495 2476 1277 13499.05 1689.991 
450 2518 1293 13529.346 1694.597 
452 2501 1325 13530.727 1696.531 
444 2526 1322 13553.451 1699.846 
472 2483 1315 13534.515 1697.513 
433 2564 1235 13535.557 1694.244 
484 2465 1306 13524.822 1697.189 
470 2489 1348 13549.122 1696.781 
453 2518 1272 13524.707 1694.95 
482 2504 1266 13513.244 1691.294 
422 2554 1249 13503.93 1689.76 
431 2548 1260 13507.098 1694.732 
463 2522 1289 13536.884 1692.51 
464 2521 1290 13536.294 1692.481 
431 2549 1260 13507.089 1694.741 
510 2437 1312 13495.878 1687.524 
511 2435 1313 13494.857 1687.443 
436 2539 1247 13536.404 1693.355 
496 2473 1309 13528.988 1695.22 
479 2515 1277 13540.005 1696.559 
489 2490 1313 13542.658 1692.983 
434 2543 1263 13507.249 1691.374 
506 2457 1323 13526.153 1689.93 
461 2528 1248 13529.629 1691.889 
466 2522 1285 13513.486 1690.243 
484 2471 1350 13520.888 1690.329 
493 2442 1333 13509.457 1692.151 
488 2491 1314 13542.625 1692.979 
501 2474 1321 13528.79 1693.663 
470 2516 1267 13521.24 1695.281 
506 2459 1317 13493.557 1689.277 
501 2474 1322 13529.187 1693.625 
499 2475 1319 13528.371 1693.599 
476 2501 1302 13518.277 1690.96 
435 2548 1244 13522.293 1688.471 
484 2470 1351 13520.565 1690.111 
503 2470 1332 13529.021 1694.109 
494 2482 1326 13528.524 1694.091 
461 2518 1292 13500.339 1692.192 
462 2517 1292 13500.327 1692.192 
419 2546 1259 13503.034 1695.688 
494 2488 1300 13515.771 1694.389 
475 2497 1295 13535.844 1695.514 
476 2496 1295 13535.898 1695.543 
