243 1252 668 13540.344 1704.731 
229 1273 668 13560.874 1700.017 
228 1274 668 13560.899 1700.029 
216 1275 657 13542.974 1698.156 
254 1217 659 13530.304 1705.18 
286 1188 656 13513.076 1692.497 
239 1260 663 13549.787 1697.535 
263 1211 688 13533.126 1696.629 
249 1241 663 13557.224 1704.773 
241 1249 660 13571.832 1704.532 
247 1249 640 13570.012 1701.766 
224 1271 658 13571.764 1707.538 
231 1267 654 13555.233 1704.537 
233 1261 677 13577.879 1697.258 
206 1288 654 13594.879 1699.769 
255 1203 691 13546.8 1700.087 
239 1272 662 13605.738 1697.947 
245 1266 646 13568.749 1710.669 
245 1261 660 13575.813 1702.828 
214 1285 620 13559.885 1707.48 
222 1255 672 13561.033 1703.688 
266 1240 683 13567.133 1704.523 
233 1275 636 13581.623 1705.255 
229 1254 666 13557.158 1704.653 
279 1218 668 13528.679 1692.099 
251 1265 626 13565.916 1702.629 
276 1219 689 13532.664 1695.116 
279 1204 689 13536.204 1697.793 
234 1283 643 13572.681 1696.165 
229 1262 670 13543.126 1693.678 
236 1281 644 13573.619 1696.311 
246 1252 640 13564.426 1701.694 
235 1282 643 13573.449 1696.307 
252 1250 676 13579.155 1701.681 
237 1261 673 13563.728 1694.529 
246 1260 665 13580.498 1693.8 
234 1285 631 13573.226 1701.403 
243 1243 690 13555.17 1699.503 
222 1272 665 13567.523 1696.291 
274 1232 669 13574.447 1702.048 
249 1263 659 13540.315 1691.878 
229 1306 639 13577.064 1702.851 
248 1267 638 13574.185 1696.951 
246 1236 691 13531.408 1691.11 
241 1291 647 13572.152 1700.241 
283 1194 643 13529.623 1700.953 
248 1267 639 13574.063 1696.928 
269 1258 678 13589.209 1700.946 
246 1274 645 13566.588 1697.651 
231 1285 653 13556.796 1697.22 
252 1263 649 13542.962 1698.521 
232 1284 654 13555.21 1697.03 
234 1277 644 13564.768 1701.028 
234 1277 652 13568.667 1696.985 
226 1277 650 13576.75 1700.301 
240 1275 656 13576.604 1700.452 
255 1251 635 13555.139 1701.161 
255 1252 635 13555.178 1701.128 
255 1251 635 13555.022 1701.238 
286 1181 674 13480.33 1696.408 
285 1192 658 13484.349 1689.164 
246 1224 693 13532.707 1701.054 
248 1253 633 13568.052 1701.226 
229 1272 656 13580.243 1704.112 
249 1252 634 13569.453 1701.45 
275 1210 659 13558.873 1695.042 
256 1246 680 13574.445 1699.821 
257 1245 681 13575.972 1700.196 
244 1254 660 13566.021 1706.347 
250 1248 688 13547.827 1699.339 
255 1247 680 13574.65 1699.822 
247 1238 690 13541.126 1699.303 
254 1248 679 13575.299 1699.557 
253 1251 680 13580.358 1700.051 
235 1278 630 13598.908 1703.242 
208 1290 615 13581.682 1700.659 
222 1290 656 13555.385 1701.901 
254 1248 680 13573.731 1699.69 
252 1243 636 13542.945 1702.3 
230 1257 685 13554.306 1701.225 
230 1260 684 13559.275 1701.435 
280 1203 657 13487.565 1694.263 
248 1266 637 13542.989 1697.471 
242 1270 653 13590.776 1711.653 
241 1271 653 13591.007 1711.677 
226 1280 651 13566.107 1705.99 
243 1269 653 13590.681 1711.639 
244 1262 657 13566.501 1695.942 
244 1268 619 13573.582 1708.047 
244 1246 673 13567.076 1702.585 
259 1267 630 13569.612 1702.58 
229 1280 650 13559.404 1699.442 
236 1270 664 13562.47 1700.313 
233 1260 682 13555.745 1692.398 
233 1260 683 13555.391 1692.511 
227 1279 680 13531.831 1694.22 
251 1226 646 13518.365 1704.807 
227 1292 622 13569.245 1706.232 
