396 1994 1101 13761.915 1727.229 
425 1983 1110 13770.252 1728.432 
418 1976 1112 13771.059 1730.902 
428 1972 1138 13782.577 1725.827 
413 1993 1114 13785.46 1726.17 
447 1955 1143 13774.761 1723.065 
440 1961 1122 13779.19 1728.471 
446 1964 1113 13779.115 1727.423 
440 1975 1115 13792.886 1728.55 
437 1971 1128 13794.991 1729.979 
406 1993 1100 13764.685 1726.966 
409 2000 1118 13782.727 1725.031 
456 1949 1156 13812.065 1732.37 
433 1982 1126 13789.585 1728.938 
427 1987 1124 13793.164 1727.877 
423 1988 1101 13784.105 1725.381 
408 2003 1087 13777.589 1725.651 
395 2002 1106 13773.073 1724.5 
428 1985 1111 13789.075 1726.313 
404 1995 1116 13787.669 1727.104 
422 1975 1132 13781.154 1727.563 
403 1996 1108 13780.533 1725.292 
440 1950 1128 13780.254 1727.22 
403 2006 1095 13771.861 1725.156 
428 1967 1109 13776.532 1730.504 
431 1963 1143 13782.809 1725.74 
426 1967 1121 13759.241 1729.999 
439 1964 1128 13780.126 1727.061 
450 1961 1108 13776.513 1726.716 
438 1976 1115 13783.594 1723.687 
434 1982 1087 13764.442 1721.387 
421 2001 1102 13782.193 1724.004 
424 1978 1096 13779.96 1729.436 
422 2000 1103 13782.051 1723.997 
423 1984 1118 13792.829 1729.822 
423 1988 1134 13782.618 1727.028 
434 1981 1093 13768.549 1727.28 
423 1994 1091 13766.45 1720.892 
438 1967 1121 13767.819 1725.548 
408 1991 1133 13768.277 1726.34 
424 1987 1134 13782.67 1727.031 
432 1951 1130 13774.312 1727.357 
429 1967 1139 13775.275 1726.767 
384 2010 1081 13746.738 1725.281 
437 1980 1135 13788.499 1727.206 
442 1973 1101 13795.905 1728.127 
428 1965 1146 13792.969 1730.479 
420 1977 1138 13791.454 1728.09 
419 1992 1127 13810.336 1729.949 
440 1951 1126 13780.025 1726.846 
420 1988 1102 13787.753 1723.027 
461 1897 1139 13727.674 1722.03 
439 1966 1114 13794.62 1725.585 
424 1949 1160 13768.503 1724.146 
463 1918 1130 13737.385 1720.897 
459 1907 1139 13729.075 1721.871 
466 1910 1135 13729.835 1723.926 
425 1983 1125 13765.82 1728.394 
409 2000 1107 13760.269 1725.821 
429 1983 1105 13784.151 1725.537 
426 1982 1128 13767.078 1728.574 
427 1981 1128 13766.665 1728.415 
424 1985 1127 13769.811 1728.773 
424 1972 1091 13778.751 1729.572 
465 1912 1135 13731.154 1723.983 
393 2009 1091 13770.239 1728.003 
399 1997 1087 13768.035 1727.596 
422 1979 1142 13789.848 1726.496 
426 1977 1138 13778.324 1726.911 
426 1982 1130 13759.527 1726.936 
428 1982 1127 13768.032 1728.697 
466 1906 1139 13715.987 1723.24 
416 1982 1129 13767.135 1727.344 
430 1965 1138 13767.597 1728.62 
447 1950 1140 13771.44 1724.457 
424 1988 1089 13771.543 1729.271 
398 2008 1090 13774.751 1726.452 
420 1991 1106 13777.558 1729.06 
446 1962 1143 13779.539 1727.168 
439 1967 1118 13766.68 1723.639 
458 1937 1119 13750.403 1723.484 
436 1977 1090 13794.879 1728.192 
397 2002 1103 13742.426 1723.0 
421 1983 1100 13794.267 1728.465 
