1053 4836 2605 13494.649 1689.82 
1030 4895 2649 13527.324 1691.805 
962 5013 2623 13539.382 1696.549 
1031 4979 2643 13544.689 1695.398 
983 5032 2617 13533.915 1692.65 
966 5051 2595 13535.52 1691.941 
991 5026 2634 13542.343 1694.803 
984 5031 2617 13533.939 1692.651 
990 5004 2644 13536.888 1692.32 
961 5036 2629 13529.661 1690.585 
924 5045 2571 13529.202 1695.898 
980 5041 2613 13546.855 1694.468 
1002 4976 2629 13539.369 1696.328 
999 5004 2642 13538.46 1692.927 
963 5053 2602 13546.83 1693.441 
987 4999 2652 13536.857 1693.214 
974 5021 2624 13550.188 1695.875 
975 5017 2581 13530.938 1695.512 
984 4982 2643 13535.214 1696.14 
1008 5006 2635 13543.852 1695.239 
964 5029 2588 13541.009 1696.07 
996 5019 2621 13538.575 1692.78 
1014 4967 2692 13540.804 1691.683 
994 4985 2663 13529.744 1691.119 
1028 4943 2669 13536.644 1691.383 
977 5034 2627 13545.665 1693.865 
1014 5024 2608 13555.144 1694.255 
966 5029 2602 13540.452 1694.967 
1000 4997 2653 13551.927 1694.37 
976 5035 2628 13545.663 1693.868 
1004 4994 2644 13555.33 1694.097 
916 5079 2549 13536.822 1693.472 
967 5006 2653 13530.757 1693.224 
966 5046 2594 13541.026 1695.385 
1030 4890 2631 13523.48 1695.881 
930 5059 2575 13526.821 1694.22 
967 4986 2655 13532.075 1693.949 
966 5046 2593 13541.061 1695.388 
1010 4978 2673 13552.55 1693.401 
985 5013 2654 13541.95 1693.186 
991 5005 2661 13530.947 1691.869 
978 5010 2622 13543.625 1693.73 
1000 5027 2585 13548.529 1694.721 
992 4925 2675 13515.963 1692.207 
966 5047 2592 13541.126 1695.424 
1000 5027 2585 13548.619 1694.683 
951 5061 2616 13529.008 1693.198 
960 5055 2670 13545.822 1695.812 
972 5046 2583 13526.914 1692.927 
1010 4988 2641 13550.346 1696.011 
971 5007 2650 13546.369 1694.988 
972 5004 2650 13545.53 1694.86 
1026 4990 2654 13555.86 1694.199 
932 5033 2607 13533.363 1695.844 
1034 4912 2630 13502.245 1692.176 
1036 4890 2650 13513.167 1689.062 
972 4999 2645 13547.167 1693.288 
1031 4933 2660 13526.689 1691.877 
961 4986 2674 13532.834 1695.252 
997 5001 2659 13546.54 1693.079 
989 4996 2656 13539.843 1693.349 
987 4968 2677 13535.797 1693.814 
986 4993 2681 13544.358 1691.63 
986 4998 2676 13541.077 1693.311 
984 5005 2649 13542.327 1693.196 
1049 4881 2680 13517.232 1692.54 
1009 4984 2640 13551.524 1694.903 
961 5030 2653 13544.851 1694.075 
1004 4928 2693 13510.396 1689.852 
1068 4807 2650 13496.239 1688.291 
1004 4980 2645 13552.325 1696.152 
943 5067 2593 13536.557 1692.775 
1021 4996 2623 13551.579 1695.006 
936 5070 2625 13523.446 1691.729 
987 4925 2694 13510.626 1689.38 
