378 1843 952 13524.64 1695.372 
365 1829 1004 13479.255 1689.569 
384 1843 975 13529.89 1691.966 
310 1925 922 13510.032 1694.771 
337 1916 923 13527.091 1694.499 
338 1915 923 13526.975 1694.487 
365 1791 1012 13449.1 1684.409 
322 1907 949 13515.744 1698.193 
388 1822 1001 13513.259 1695.803 
309 1930 909 13478.037 1688.85 
390 1856 973 13529.507 1689.393 
389 1789 1003 13448.764 1680.655 
359 1812 1017 13491.228 1684.978 
383 1842 970 13502.019 1691.994 
297 1930 924 13500.806 1687.371 
390 1788 1005 13450.555 1680.879 
334 1910 952 13515.269 1693.968 
373 1880 970 13550.719 1698.249 
376 1859 989 13540.64 1696.014 
377 1857 988 13539.156 1695.743 
343 1906 972 13538.411 1692.862 
350 1925 964 13524.841 1692.43 
358 1886 983 13551.449 1700.894 
392 1837 991 13515.6 1690.496 
365 1856 993 13498.962 1691.306 
360 1870 986 13513.915 1692.794 
407 1798 976 13468.148 1688.16 
393 1835 990 13514.015 1690.18 
378 1843 979 13514.856 1694.178 
289 1921 903 13509.793 1694.926 
404 1801 939 13464.383 1679.041 
362 1843 992 13511.411 1694.746 
361 1844 991 13510.542 1694.641 
386 1827 1008 13517.222 1690.211 
318 1919 934 13503.419 1693.324 
396 1799 971 13453.475 1685.168 
329 1916 948 13531.627 1693.643 
359 1902 1002 13579.447 1700.193 
378 1871 964 13542.208 1691.339 
328 1917 947 13530.639 1693.612 
388 1836 980 13530.762 1687.946 
382 1855 1001 13533.018 1694.085 
390 1835 981 13530.239 1688.024 
389 1853 947 13530.322 1692.79 
332 1913 979 13560.559 1692.549 
405 1797 983 13506.641 1688.042 
371 1872 971 13565.112 1701.374 
348 1905 948 13563.118 1701.218 
381 1840 983 13547.424 1699.023 
392 1816 986 13515.925 1696.253 
371 1818 1013 13477.378 1681.607 
348 1905 947 13563.819 1701.297 
372 1817 1014 13476.736 1681.588 
375 1838 998 13517.079 1698.361 
376 1868 975 13555.991 1696.067 
367 1884 942 13531.742 1695.326 
409 1760 927 13442.61 1682.535 
360 1866 988 13529.981 1694.153 
390 1819 999 13496.015 1694.514 
405 1776 995 13469.63 1688.236 
405 1776 994 13469.632 1688.236 
361 1892 938 13517.118 1690.267 
333 1908 940 13514.842 1694.774 
363 1889 948 13525.037 1697.283 
365 1859 973 13519.644 1698.746 
387 1860 969 13527.577 1694.163 
366 1858 973 13519.58 1698.733 
350 1856 1015 13488.742 1686.407 
365 1858 973 13519.218 1699.193 
392 1831 941 13508.948 1690.624 
368 1862 978 13530.557 1694.713 
394 1822 1002 13500.387 1692.235 
393 1824 1002 13501.433 1692.342 
365 1863 977 13542.949 1692.595 
369 1860 976 13528.28 1694.953 
