303 1242 742 13668.74 1717.379 
302 1244 725 13669.931 1718.015 
273 1291 740 13721.408 1717.852 
296 1282 727 13731.848 1720.326 
287 1275 729 13695.549 1722.624 
279 1288 732 13706.658 1723.058 
278 1289 732 13718.061 1722.935 
294 1251 741 13661.396 1714.42 
294 1253 740 13675.063 1718.636 
276 1296 738 13720.076 1721.664 
266 1317 714 13728.614 1721.352 
248 1315 718 13707.063 1719.749 
272 1318 719 13722.07 1718.849 
273 1282 735 13713.706 1723.994 
294 1250 740 13677.49 1715.277 
295 1251 737 13666.165 1715.098 
293 1274 752 13719.86 1721.615 
237 1341 669 13655.241 1720.505 
242 1350 674 13694.874 1719.742 
303 1232 760 13670.807 1711.444 
285 1279 731 13691.475 1718.783 
303 1231 760 13670.965 1711.628 
280 1284 733 13708.396 1718.133 
229 1342 690 13679.077 1718.535 
285 1277 732 13688.948 1718.466 
295 1247 734 13657.128 1717.115 
299 1248 746 13673.491 1712.627 
280 1285 735 13699.471 1716.122 
308 1250 719 13674.009 1715.536 
264 1299 732 13714.262 1723.238 
257 1319 713 13725.067 1723.089 
250 1323 710 13701.177 1720.987 
279 1293 739 13735.541 1721.215 
249 1333 709 13708.498 1717.348 
286 1284 728 13729.789 1721.226 
292 1307 724 13761.163 1723.01 
298 1269 723 13687.489 1719.096 
275 1319 721 13719.911 1718.483 
285 1284 734 13682.861 1716.292 
252 1320 714 13706.862 1721.999 
267 1326 703 13709.376 1711.096 
259 1331 700 13709.945 1716.574 
272 1314 712 13740.254 1723.536 
269 1311 732 13732.496 1717.754 
277 1325 708 13735.014 1729.687 
250 1325 717 13675.548 1715.706 
235 1331 727 13685.777 1715.997 
274 1284 742 13714.172 1716.349 
243 1328 696 13712.13 1719.716 
250 1309 736 13677.182 1716.667 
249 1310 735 13675.882 1716.654 
281 1280 734 13700.874 1716.845 
250 1321 713 13698.226 1718.353 
272 1303 735 13697.622 1717.919 
287 1265 761 13695.371 1718.002 
232 1329 679 13700.062 1722.228 
300 1256 743 13693.17 1714.054 
294 1271 730 13706.669 1713.531 
259 1319 713 13727.799 1715.618 
301 1255 706 13637.015 1712.579 
272 1297 740 13688.292 1719.068 
248 1340 698 13698.767 1722.357 
282 1309 731 13737.444 1725.406 
254 1332 693 13706.583 1721.037 
273 1294 732 13714.702 1723.614 
272 1300 722 13731.498 1728.504 
249 1324 714 13694.846 1719.239 
266 1319 711 13708.182 1720.269 
261 1329 684 13697.866 1721.632 
286 1284 710 13701.504 1723.609 
