295 1358 807 13952.816 1757.323 
316 1330 819 13932.233 1748.739 
319 1307 830 13917.483 1747.648 
314 1365 812 13996.643 1755.707 
320 1353 818 14010.761 1759.082 
326 1314 823 13958.359 1755.929 
349 1295 800 13946.52 1751.805 
315 1364 814 13997.926 1755.979 
314 1365 808 13996.825 1755.375 
331 1318 828 13945.442 1750.165 
316 1357 807 13978.058 1754.365 
333 1311 824 13933.865 1748.789 
337 1317 813 13977.048 1756.807 
346 1306 826 13960.15 1756.232 
328 1327 812 13984.438 1758.15 
328 1327 813 13984.382 1758.147 
329 1348 800 13981.473 1754.239 
342 1313 816 13974.542 1754.975 
304 1354 795 13976.847 1759.508 
308 1346 806 13977.451 1760.833 
325 1348 814 13973.856 1755.622 
336 1341 812 13983.76 1759.326 
313 1352 809 13980.671 1760.462 
324 1343 805 13989.197 1758.436 
328 1314 816 13960.068 1754.198 
314 1354 804 13988.684 1757.429 
339 1314 810 13946.494 1749.057 
333 1323 818 13952.825 1753.74 
298 1371 774 13987.557 1760.243 
339 1314 812 13927.503 1748.352 
340 1314 803 13927.957 1750.524 
323 1337 814 13979.203 1756.474 
290 1365 777 13973.919 1756.023 
333 1324 821 13958.005 1752.038 
333 1344 814 13976.102 1757.621 
330 1322 817 13958.841 1752.577 
333 1317 823 13967.802 1751.648 
337 1326 818 13952.452 1753.6 
