560 3191 1630 13539.783 1694.855 
615 3116 1651 13542.98 1697.171 
632 3044 1660 13507.425 1694.042 
657 3000 1594 13452.116 1685.169 
644 3032 1675 13505.275 1689.231 
637 3064 1680 13522.688 1693.447 
626 3095 1653 13524.261 1696.328 
637 3063 1681 13522.289 1693.381 
625 3069 1660 13524.663 1694.906 
626 3126 1655 13532.963 1691.476 
636 3077 1675 13516.464 1692.97 
618 3093 1686 13538.718 1696.749 
644 3084 1616 13516.252 1693.657 
630 3091 1618 13522.029 1692.333 
612 3139 1675 13533.694 1695.404 
589 3149 1603 13565.256 1701.79 
635 3085 1653 13527.283 1692.913 
561 3180 1646 13533.75 1694.91 
608 3113 1686 13556.084 1699.223 
641 3068 1654 13526.441 1692.19 
640 3084 1658 13529.218 1695.693 
643 3085 1648 13536.212 1691.127 
619 3139 1627 13543.934 1696.522 
611 3140 1675 13533.636 1695.392 
584 3176 1633 13525.27 1690.709 
572 3199 1607 13521.542 1692.304 
579 3177 1630 13540.648 1696.24 
612 3148 1654 13545.587 1693.427 
601 3173 1612 13536.764 1693.179 
626 3134 1654 13537.343 1695.298 
627 3133 1654 13537.256 1695.295 
608 3142 1656 13537.332 1696.861 
604 3172 1607 13527.859 1693.391 
607 3153 1703 13582.282 1700.213 
540 3196 1608 13526.351 1694.142 
537 3218 1584 13531.625 1697.421 
559 3180 1621 13533.14 1695.665 
589 3140 1665 13558.253 1700.345 
562 3192 1630 13523.944 1692.421 
559 3195 1646 13533.132 1693.4 
590 3183 1582 13524.795 1694.22 
582 3165 1663 13530.827 1690.338 
583 3185 1614 13549.019 1695.533 
617 3137 1632 13549.425 1699.455 
571 3202 1606 13550.247 1699.023 
588 3178 1615 13537.003 1695.001 
578 3195 1615 13555.344 1701.349 
616 3159 1643 13565.08 1700.241 
637 3088 1630 13511.829 1693.036 
577 3183 1620 13552.903 1696.646 
609 3166 1649 13575.211 1700.616 
628 3119 1664 13530.396 1694.478 
651 3078 1645 13535.838 1698.92 
629 3117 1640 13527.549 1697.433 
626 3114 1654 13525.756 1695.413 
630 3106 1646 13518.001 1694.022 
636 3099 1667 13540.893 1691.461 
635 3100 1666 13540.193 1691.342 
595 3175 1653 13548.493 1695.48 
617 3112 1669 13537.469 1696.777 
621 3115 1667 13526.872 1696.11 
627 3090 1656 13524.55 1697.77 
614 3140 1664 13554.273 1702.561 
620 3134 1693 13549.68 1696.45 
624 3115 1667 13533.827 1694.915 
552 3201 1621 13537.337 1693.276 
628 3113 1641 13545.289 1694.811 
626 3120 1613 13527.559 1695.823 
