115 669 355 13729.413 1724.745 
128 630 373 13678.483 1716.049 
109 672 324 13613.627 1702.472 
157 596 358 13625.626 1704.974 
133 599 375 13527.461 1699.858 
159 569 351 13453.565 1699.268 
110 676 327 13606.557 1702.584 
125 660 331 13672.217 1715.26 
118 667 342 13702.411 1725.273 
160 558 344 13468.376 1698.095 
134 658 340 13746.112 1726.919 
118 663 349 13638.897 1709.537 
145 624 360 13683.964 1722.126 
124 635 379 13623.641 1714.034 
156 599 350 13602.47 1708.066 
146 623 361 13686.263 1722.376 
123 658 346 13678.975 1712.985 
146 622 362 13686.069 1722.406 
122 659 332 13629.187 1709.208 
134 651 371 13708.645 1717.59 
141 656 360 13764.22 1723.74 
140 657 359 13766.75 1723.983 
153 625 346 13647.351 1715.308 
145 644 346 13737.466 1724.974 
146 647 351 13723.933 1722.671 
146 629 373 13676.15 1719.438 
165 588 340 13533.949 1699.663 
148 631 350 13694.353 1713.061 
135 639 355 13696.804 1726.464 
146 636 359 13708.512 1721.966 
131 645 353 13714.444 1727.492 
144 615 354 13664.74 1724.495 
151 627 357 13687.006 1722.986 
150 628 373 13708.493 1720.597 
133 650 348 13741.024 1728.374 
141 639 370 13732.696 1725.969 
143 631 360 13682.402 1718.925 
146 635 358 13705.047 1722.071 
131 650 355 13723.553 1726.128 
138 648 359 13742.642 1725.494 
142 640 363 13721.97 1723.808 
