172 636 401 13866.354 1741.037 
171 637 401 13866.902 1741.128 
173 642 395 13851.355 1737.555 
172 636 402 13866.14 1740.991 
172 639 397 13853.924 1738.233 
177 641 404 13834.62 1743.37 
177 634 388 13858.838 1738.114 
170 657 409 13878.969 1744.218 
178 627 388 13846.665 1742.207 
164 660 406 13913.284 1748.041 
176 639 394 13867.614 1741.489 
172 656 396 13858.624 1741.476 
176 645 389 13833.615 1734.845 
158 667 392 13898.381 1741.486 
160 664 387 13869.295 1747.324 
170 638 412 13847.39 1747.611 
171 639 389 13845.367 1743.795 
159 666 397 13913.42 1752.135 
151 676 392 13894.985 1745.877 
143 684 380 13886.666 1740.394 
148 680 387 13900.076 1750.466 
152 681 378 13892.502 1745.421 
168 657 419 13928.396 1756.2 
175 642 385 13834.609 1738.845 
174 631 407 13834.673 1737.098 
155 675 393 13916.063 1752.618 
175 648 397 13833.682 1738.294 
172 647 393 13874.564 1743.587 
161 662 393 13833.772 1745.109 
165 662 382 13878.511 1750.743 
171 655 386 13872.403 1752.301 
161 662 391 13864.014 1745.068 
158 669 398 13874.773 1741.994 
160 665 390 13887.219 1744.148 
173 632 400 13850.612 1739.5 
154 672 402 13903.111 1743.793 
179 629 396 13831.158 1737.407 
139 688 375 13879.802 1744.116 
157 674 388 13875.279 1748.875 
161 664 389 13841.953 1741.17 
137 690 373 13875.128 1743.249 
172 646 400 13853.376 1735.775 
158 670 396 13873.128 1737.84 
163 660 391 13871.425 1749.05 
165 659 391 13861.722 1743.647 
164 675 384 13883.546 1752.482 
177 643 393 13851.066 1738.183 
153 666 404 13860.715 1738.672 
158 666 399 13895.171 1746.155 
148 676 396 13877.511 1743.472 
159 665 399 13895.615 1746.113 
172 640 401 13841.737 1735.604 
157 668 395 13885.436 1739.37 
160 661 396 13876.304 1745.347 
157 667 402 13903.79 1748.359 
169 653 386 13876.028 1745.248 
172 656 391 13842.082 1742.265 
172 651 395 13870.125 1740.958 
148 670 399 13868.51 1746.221 
160 668 389 13889.321 1746.019 
162 663 393 13905.707 1744.852 
155 675 397 13899.091 1744.387 
154 667 403 13876.478 1743.921 
142 680 394 13871.566 1742.536 
135 688 404 13870.963 1739.114 
144 661 404 13840.27 1741.193 
