397 1985 1044 13723.202 1718.793 
418 1977 1066 13764.716 1723.416 
451 1904 1117 13729.309 1719.056 
458 1917 1101 13730.598 1718.151 
444 1931 1097 13743.153 1718.673 
448 1917 1113 13737.492 1719.411 
406 1972 1083 13760.8 1721.748 
398 1984 1066 13731.065 1721.402 
398 1998 1041 13733.607 1715.39 
387 1996 1041 13721.99 1715.634 
453 1925 1078 13721.691 1717.014 
421 1966 1076 13751.872 1718.135 
413 1976 1073 13756.487 1723.871 
387 1995 1042 13721.633 1715.631 
435 1965 1095 13765.302 1725.339 
415 1976 1083 13746.891 1722.466 
425 1953 1101 13746.036 1722.771 
422 1946 1105 13732.941 1716.046 
446 1949 1088 13768.336 1721.683 
453 1921 1103 13748.436 1719.516 
450 1928 1070 13732.186 1719.317 
448 1945 1084 13764.888 1719.028 
410 1973 1051 13739.432 1724.453 
397 1992 1065 13740.215 1718.462 
423 1978 1043 13759.667 1721.22 
397 1992 1064 13740.274 1718.474 
391 1988 1052 13738.358 1720.245 
460 1905 1086 13732.869 1716.903 
405 1981 1060 13745.413 1721.407 
406 1981 1069 13735.198 1718.816 
405 1984 1070 13734.532 1717.119 
446 1925 1094 13737.193 1721.15 
422 1969 1079 13748.937 1720.551 
418 1967 1080 13740.318 1719.047 
424 1958 1104 13770.246 1723.525 
439 1944 1079 13762.373 1723.44 
449 1931 1078 13740.431 1719.215 
433 1970 1073 13763.143 1723.278 
442 1956 1061 13759.42 1722.881 
419 1978 1076 13758.784 1722.515 
440 1927 1092 13741.881 1722.3 
415 1979 1048 13733.002 1720.124 
410 1992 1050 13748.306 1717.746 
414 1968 1086 13755.143 1722.598 
450 1951 1066 13765.075 1724.104 
419 1957 1072 13750.37 1725.386 
408 1967 1079 13750.248 1723.683 
450 1908 1110 13706.733 1716.83 
434 1951 1097 13757.277 1724.297 
443 1953 1060 13755.794 1722.71 
405 1978 1076 13762.07 1723.951 
432 1953 1097 13758.569 1724.549 
442 1955 1061 13757.994 1723.049 
445 1926 1089 13727.975 1719.235 
436 1944 1109 13747.871 1720.53 
449 1926 1087 13738.261 1722.162 
451 1907 1110 13706.719 1716.829 
441 1919 1068 13733.282 1722.62 
443 1953 1099 13769.774 1719.585 
463 1869 1067 13673.625 1708.463 
462 1886 1080 13689.627 1712.162 
408 1983 1050 13753.03 1719.767 
461 1908 1075 13699.185 1713.204 
470 1871 1067 13668.345 1708.664 
438 1950 1086 13766.583 1722.729 
441 1945 1098 13752.637 1721.495 
462 1890 1070 13696.219 1710.867 
457 1909 1101 13732.154 1720.067 
439 1953 1079 13741.372 1720.737 
436 1926 1090 13746.557 1722.859 
404 1984 1081 13757.631 1719.458 
421 1966 1091 13743.41 1721.499 
444 1922 1104 13732.423 1718.695 
