747 3883 2123 13646.726 1709.931 
796 3867 2112 13672.886 1714.368 
799 3858 2109 13672.288 1714.507 
795 3821 2141 13662.626 1710.037 
839 3747 2094 13633.941 1710.213 
803 3840 2140 13673.227 1713.928 
806 3809 2127 13651.53 1712.258 
799 3870 2115 13677.571 1713.698 
805 3869 2078 13662.424 1711.969 
794 3848 2143 13667.957 1714.241 
808 3860 2107 13673.321 1714.16 
810 3807 2132 13647.62 1710.302 
810 3843 2120 13669.271 1712.214 
796 3880 2113 13680.619 1714.168 
812 3826 2110 13662.333 1713.522 
802 3851 2125 13670.032 1715.946 
803 3851 2124 13657.297 1711.137 
841 3757 2117 13625.481 1707.245 
816 3828 2125 13663.621 1711.421 
820 3825 2130 13666.15 1710.776 
827 3805 2123 13653.221 1711.364 
808 3827 2133 13659.85 1709.7 
821 3824 2130 13666.109 1710.774 
822 3824 2130 13666.066 1710.767 
808 3856 2108 13669.857 1713.365 
818 3790 2135 13635.666 1709.617 
805 3796 2132 13632.549 1711.374 
759 3901 2100 13677.734 1711.38 
800 3860 2088 13675.347 1715.483 
806 3844 2120 13676.301 1712.122 
785 3878 2099 13678.75 1715.298 
760 3900 2101 13679.771 1713.621 
750 3918 2107 13685.768 1712.404 
756 3902 2112 13674.591 1711.787 
842 3727 2116 13604.883 1701.88 
774 3883 2120 13672.846 1710.076 
791 3857 2111 13676.015 1714.759 
835 3773 2118 13651.009 1710.82 
810 3842 2119 13666.432 1712.795 
782 3893 2100 13678.724 1712.485 
785 3889 2090 13684.997 1715.222 
783 3916 2095 13693.694 1715.32 
783 3892 2100 13678.378 1712.394 
767 3893 2096 13681.709 1713.786 
754 3905 2114 13683.62 1713.961 
754 3892 2122 13670.874 1711.826 
772 3895 2121 13686.684 1713.155 
756 3930 2071 13686.649 1714.697 
781 3894 2099 13678.86 1712.477 
773 3885 2098 13682.278 1714.143 
772 3865 2117 13673.906 1714.616 
750 3919 2073 13685.361 1715.204 
813 3850 2105 13676.229 1713.713 
764 3898 2107 13677.765 1714.874 
753 3906 2114 13683.645 1713.966 
803 3869 2098 13683.494 1712.773 
782 3894 2099 13678.934 1712.417 
832 3790 2096 13645.38 1709.506 
769 3881 2110 13670.804 1714.387 
820 3803 2113 13656.849 1712.096 
784 3889 2117 13681.669 1713.678 
827 3804 2121 13656.725 1711.797 
748 3919 2082 13685.171 1714.992 
811 3858 2102 13687.761 1716.491 
809 3867 2106 13677.453 1710.978 
824 3809 2101 13655.441 1712.844 
816 3829 2104 13666.857 1713.051 
789 3854 2138 13664.288 1710.509 
788 3855 2137 13664.185 1710.491 
818 3821 2103 13661.251 1712.945 
824 3828 2089 13677.547 1715.245 
753 3893 2113 13678.413 1714.287 
810 3830 2114 13659.3 1712.941 
821 3823 2111 13654.077 1711.823 
809 3831 2114 13658.974 1712.948 
785 3874 2116 13678.625 1713.497 
817 3810 2117 13662.809 1714.385 
804 3834 2124 13659.045 1710.413 
774 3895 2098 13672.551 1710.711 
815 3832 2090 13660.049 1711.283 
805 3813 2135 13647.742 1710.023 
805 3826 2127 13663.577 1712.985 
764 3870 2118 13665.164 1715.578 
773 3877 2117 13672.95 1717.554 
802 3869 2136 13684.836 1714.219 
769 3883 2115 13665.785 1714.124 
829 3784 2098 13648.706 1709.485 
765 3880 2114 13672.781 1713.892 
801 3871 2089 13673.697 1712.001 
788 3874 2095 13676.003 1714.181 
775 3881 2115 13685.691 1711.908 
789 3876 2097 13682.759 1713.925 
818 3823 2117 13659.664 1713.51 
792 3861 2132 13672.654 1714.529 
767 3888 2101 13672.108 1714.349 
776 3889 2091 13695.139 1715.857 
794 3871 2108 13693.677 1714.828 
787 3875 2101 13674.904 1717.002 
811 3849 2103 13686.808 1714.647 
786 3879 2060 13668.701 1714.741 
