1062 5003 2751 13611.716 1703.244 
1041 5030 2767 13607.33 1700.875 
1051 5043 2737 13608.208 1704.096 
1061 5027 2781 13608.644 1701.457 
1072 4991 2730 13589.851 1699.942 
1051 5044 2736 13608.649 1704.129 
1022 5095 2741 13624.193 1704.174 
1009 5077 2767 13619.505 1703.763 
1029 5044 2766 13606.479 1700.665 
1037 5054 2745 13605.978 1701.405 
1002 5120 2710 13616.425 1703.538 
1022 5046 2777 13610.667 1703.195 
1025 5082 2745 13627.997 1703.816 
1043 5039 2759 13607.904 1703.289 
977 5139 2710 13613.255 1701.51 
971 5123 2685 13610.008 1705.59 
988 5100 2784 13611.802 1702.332 
1058 5037 2709 13609.012 1702.079 
1023 5060 2775 13620.448 1704.329 
958 5134 2765 13605.044 1703.512 
1016 5072 2765 13617.802 1704.064 
1042 5052 2764 13609.791 1702.321 
1031 5069 2753 13612.983 1704.225 
1046 5046 2741 13611.59 1703.331 
1019 5099 2757 13626.878 1704.834 
1008 5122 2709 13621.064 1704.158 
1045 5022 2753 13592.366 1701.785 
1020 5078 2750 13594.625 1700.799 
976 5121 2767 13623.924 1705.581 
1039 5031 2731 13602.294 1704.406 
1022 5093 2744 13624.503 1705.31 
961 5143 2751 13626.252 1705.99 
1064 4952 2770 13588.736 1700.087 
1059 5026 2730 13598.209 1704.025 
1040 5021 2719 13590.88 1704.154 
1003 5105 2762 13612.323 1700.941 
981 5109 2740 13616.077 1703.646 
1011 5106 2749 13626.409 1706.233 
1000 5125 2719 13622.176 1705.168 
980 5134 2707 13626.185 1705.476 
1033 5115 2737 13635.851 1707.706 
1026 5057 2754 13602.376 1704.014 
1034 5036 2706 13593.088 1705.135 
987 5115 2738 13629.883 1705.717 
1021 5117 2718 13627.432 1705.63 
1057 5040 2748 13605.509 1703.553 
1038 5092 2741 13627.421 1705.046 
993 5118 2734 13619.554 1704.619 
984 5119 2726 13611.255 1703.024 
1039 5047 2747 13598.43 1702.896 
1036 5074 2758 13615.481 1702.914 
1031 5069 2745 13617.697 1704.119 
1024 5086 2748 13615.005 1704.489 
1041 5006 2749 13595.852 1703.395 
