159 648 398 13812.215 1742.884 
120 679 386 13772.439 1732.898 
125 691 373 13843.779 1744.281 
116 687 387 13805.265 1724.335 
132 690 378 13839.76 1743.193 
163 645 395 13807.224 1733.94 
136 671 383 13799.993 1740.71 
138 674 381 13838.196 1746.076 
145 682 377 13814.398 1739.245 
148 667 388 13830.042 1742.716 
128 678 394 13812.752 1732.448 
146 666 392 13899.788 1750.628 
133 678 376 13825.433 1737.956 
157 628 407 13715.463 1729.932 
145 661 394 13870.003 1748.801 
144 675 375 13834.284 1743.984 
149 666 388 13830.626 1742.339 
162 645 406 13797.998 1739.069 
161 646 405 13794.838 1738.814 
158 643 399 13802.535 1744.463 
162 645 405 13808.354 1741.207 
168 628 382 13758.704 1742.527 
127 679 393 13811.147 1732.342 
151 662 405 13820.835 1746.971 
154 657 392 13857.518 1741.711 
154 661 387 13902.236 1747.385 
164 640 401 13805.883 1743.436 
162 630 411 13756.054 1728.674 
159 663 390 13862.366 1743.957 
165 626 403 13752.493 1734.54 
143 668 397 13818.308 1735.876 
152 666 389 13823.244 1736.991 
165 635 396 13823.755 1738.259 
151 662 395 13830.655 1746.928 
163 629 410 13754.372 1728.791 
165 644 392 13801.151 1743.339 
148 672 382 13836.033 1740.899 
140 668 392 13860.511 1739.247 
159 649 399 13823.843 1731.044 
141 676 405 13869.953 1739.139 
142 675 406 13869.665 1739.138 
153 635 409 13745.817 1734.294 
162 642 397 13785.805 1741.233 
144 671 384 13843.626 1737.964 
163 651 393 13822.795 1745.1 
157 660 381 13841.199 1744.065 
143 671 379 13817.741 1744.783 
162 654 383 13814.969 1742.946 
152 658 397 13792.666 1739.466 
134 682 380 13806.304 1742.952 
148 665 384 13815.684 1745.316 
131 678 383 13785.85 1733.522 
137 673 387 13803.065 1739.897 
138 679 371 13826.714 1737.096 
163 639 402 13800.815 1736.713 
166 643 374 13783.085 1729.447 
145 670 391 13861.87 1747.299 
150 670 371 13866.837 1748.898 
145 674 381 13810.038 1738.733 
134 675 384 13818.287 1741.742 
157 638 399 13821.51 1744.31 
168 649 364 13797.32 1736.098 
169 648 365 13799.471 1736.294 
160 651 392 13852.499 1749.308 
172 641 385 13816.202 1738.726 
154 658 394 13850.971 1749.173 
160 652 393 13855.182 1748.922 
131 673 388 13822.072 1744.753 
135 664 402 13817.172 1740.384 
166 623 376 13757.177 1742.832 
137 681 379 13798.637 1735.94 
145 673 383 13798.113 1737.95 
151 664 366 13782.82 1739.923 
156 672 362 13794.249 1743.406 
147 668 386 13858.844 1738.757 
157 665 371 13799.238 1738.604 
167 629 395 13806.136 1730.7 
164 661 377 13828.688 1743.047 
155 651 402 13866.982 1746.788 
150 670 374 13868.211 1745.813 
175 623 402 13771.358 1738.034 
148 666 398 13870.019 1743.1 
135 674 389 13849.439 1742.748 
143 654 411 13814.843 1731.573 
172 631 391 13785.188 1738.17 
175 629 396 13788.145 1737.991 
174 612 390 13726.818 1739.645 
142 655 411 13815.164 1731.546 
166 632 389 13777.692 1733.76 
172 627 399 13779.103 1738.219 
143 654 410 13816.648 1731.701 
173 640 385 13811.106 1741.959 
178 613 395 13744.925 1734.13 
177 612 395 13743.208 1734.432 
181 615 386 13737.092 1724.997 
176 618 394 13700.962 1721.209 
134 676 382 13785.841 1740.491 
143 646 406 13786.556 1734.148 
156 646 400 13801.319 1736.955 
161 647 384 13843.243 1746.824 
