602 3061 1587 13489.324 1692.285 
564 3127 1483 13467.619 1690.283 
541 3129 1578 13473.063 1684.091 
550 3106 1617 13482.454 1686.207 
563 3109 1612 13494.882 1685.849 
546 3124 1578 13471.992 1686.82 
526 3115 1610 13466.464 1687.843 
621 3061 1667 13502.564 1688.325 
584 3112 1584 13478.188 1688.615 
624 3059 1575 13481.126 1686.879 
546 3165 1550 13494.605 1687.887 
568 3113 1580 13468.279 1690.375 
558 3136 1555 13484.621 1688.354 
518 3175 1474 13464.983 1683.517 
614 3069 1594 13497.696 1690.397 
550 3156 1545 13496.912 1689.037 
581 3112 1533 13495.338 1687.868 
573 3125 1561 13510.394 1689.2 
575 3119 1549 13506.138 1688.423 
558 3155 1531 13513.439 1691.038 
623 3037 1606 13455.728 1682.766 
558 3140 1554 13496.691 1690.789 
608 3066 1610 13486.005 1687.03 
505 3149 1555 13481.225 1685.442 
556 3134 1576 13467.974 1686.167 
569 3105 1583 13498.627 1693.607 
486 3189 1531 13508.142 1692.766 
617 3037 1585 13464.402 1688.858 
554 3120 1567 13491.351 1689.012 
553 3122 1568 13492.233 1689.178 
518 3159 1495 13471.114 1688.603 
566 3134 1506 13465.856 1683.496 
564 3129 1553 13482.062 1687.997 
518 3158 1496 13470.167 1688.572 
601 3100 1601 13510.646 1693.539 
549 3144 1551 13480.713 1688.584 
543 3122 1570 13471.829 1687.807 
552 3123 1575 13482.96 1687.638 
642 3034 1647 13497.855 1688.788 
624 3044 1580 13478.196 1689.76 
535 3126 1563 13467.722 1686.709 
492 3176 1499 13481.95 1686.767 
533 3130 1562 13474.469 1686.493 
591 3100 1642 13475.171 1686.251 
553 3135 1560 13479.528 1689.059 
574 3107 1584 13479.874 1689.487 
578 3113 1545 13497.66 1687.898 
593 3109 1546 13492.821 1690.906 
575 3117 1602 13505.567 1689.479 
529 3146 1556 13456.626 1682.77 
533 3110 1605 13464.798 1690.056 
628 3051 1574 13475.225 1685.137 
592 3110 1571 13486.422 1685.334 
644 2918 1560 13409.933 1678.387 
583 3123 1560 13474.223 1684.707 
580 3076 1633 13480.694 1690.328 
573 3109 1604 13479.357 1690.685 
604 3073 1584 13461.498 1682.709 
610 3067 1607 13471.083 1686.003 
544 3134 1575 13470.317 1684.703 
555 3119 1579 13487.709 1688.428 
571 3122 1594 13494.121 1687.571 
535 3154 1536 13482.762 1691.644 
565 3103 1604 13483.048 1689.843 
562 3124 1571 13501.453 1685.601 
560 3136 1507 13470.714 1683.089 
607 3080 1578 13478.168 1684.909 
602 3105 1626 13515.907 1689.833 
606 3080 1577 13478.824 1684.979 
