861 4390 2320 13558.53 1694.437 
867 4375 2303 13544.924 1696.913 
832 4442 2284 13544.782 1693.65 
802 4448 2288 13544.404 1695.227 
876 4390 2302 13541.763 1695.666 
791 4458 2235 13529.582 1691.73 
815 4426 2299 13544.966 1693.448 
910 4294 2242 13509.512 1691.889 
834 4422 2287 13544.987 1697.368 
858 4376 2317 13532.936 1695.459 
835 4421 2288 13544.992 1697.368 
899 4312 2276 13523.58 1695.147 
876 4390 2301 13541.776 1695.669 
908 4324 2287 13530.806 1694.446 
875 4390 2300 13541.83 1695.558 
780 4468 2233 13540.185 1693.811 
913 4266 2224 13497.434 1689.856 
831 4443 2290 13545.498 1695.181 
913 4266 2225 13497.403 1689.85 
864 4384 2236 13535.045 1696.407 
882 4353 2251 13532.207 1693.614 
847 4392 2276 13559.289 1696.674 
847 4422 2258 13551.421 1695.465 
879 4381 2253 13550.022 1693.96 
861 4416 2301 13554.986 1698.157 
876 4322 2337 13534.504 1692.119 
881 4368 2300 13531.662 1693.742 
881 4356 2331 13545.132 1693.25 
836 4429 2286 13558.663 1697.248 
864 4356 2331 13540.83 1695.156 
897 4302 2321 13514.599 1691.244 
904 4279 2315 13515.987 1693.392 
788 4455 2259 13517.764 1694.23 
824 4428 2281 13562.548 1697.669 
842 4371 2351 13546.03 1695.38 
881 4346 2292 13543.01 1697.29 
863 4352 2337 13539.575 1694.542 
847 4435 2247 13554.139 1696.819 
853 4413 2307 13549.18 1696.591 
896 4324 2310 13517.154 1693.192 
857 4412 2311 13556.792 1694.932 
910 4259 2292 13485.813 1688.428 
878 4373 2322 13556.531 1698.284 
871 4316 2332 13530.536 1696.915 
824 4445 2264 13549.061 1695.702 
893 4345 2329 13560.345 1698.275 
882 4361 2293 13533.082 1693.194 
821 4426 2282 13547.461 1697.479 
843 4393 2310 13550.442 1696.196 
820 4382 2322 13538.059 1695.431 
856 4360 2327 13533.245 1696.545 
882 4346 2268 13529.699 1696.072 
830 4418 2273 13548.998 1698.05 
834 4442 2275 13562.792 1697.188 
834 4420 2248 13554.309 1698.201 
881 4351 2291 13536.92 1696.441 
833 4404 2321 13539.774 1694.91 
864 4388 2311 13557.726 1695.488 
901 4325 2205 13527.32 1693.114 
817 4405 2314 13538.569 1697.461 
797 4397 2297 13525.256 1698.558 
796 4398 2296 13525.297 1698.559 
897 4280 2303 13520.985 1691.736 
859 4363 2352 13538.005 1693.425 
833 4412 2255 13558.484 1698.278 
808 4453 2248 13551.54 1697.75 
808 4453 2247 13551.769 1697.767 
849 4418 2261 13562.575 1695.042 
853 4398 2293 13542.55 1700.122 
834 4401 2258 13529.726 1698.697 
815 4427 2287 13544.252 1696.203 
816 4426 2288 13544.231 1696.205 
801 4429 2287 13553.36 1697.561 
852 4378 2328 13547.533 1695.219 
825 4384 2325 13534.347 1694.655 
816 4426 2287 13544.594 1696.263 
796 4435 2268 13546.382 1697.807 
821 4452 2260 13566.29 1698.871 
831 4424 2272 13555.981 1697.47 
858 4357 2328 13538.45 1694.747 
894 4275 2326 13509.943 1693.685 
