485 2585 1316 13598.059 1704.47 
556 2508 1358 13600.973 1703.271 
494 2597 1311 13603.689 1702.93 
514 2571 1338 13626.842 1709.45 
553 2506 1374 13594.716 1704.056 
526 2555 1356 13627.311 1707.389 
507 2573 1334 13623.735 1709.074 
525 2555 1356 13627.711 1707.304 
532 2542 1368 13625.035 1709.345 
540 2531 1353 13602.806 1703.966 
539 2526 1378 13604.857 1706.505 
494 2575 1355 13599.565 1704.655 
561 2470 1348 13569.43 1699.299 
561 2469 1348 13568.977 1699.344 
500 2570 1371 13613.772 1703.73 
501 2553 1396 13627.777 1708.766 
500 2570 1370 13613.784 1703.731 
530 2548 1390 13619.113 1704.614 
475 2579 1340 13596.439 1705.911 
537 2528 1398 13618.502 1706.237 
550 2516 1393 13617.682 1705.235 
551 2501 1391 13627.511 1709.611 
464 2598 1325 13599.703 1707.396 
477 2603 1315 13620.415 1707.724 
541 2526 1361 13604.712 1705.82 
562 2471 1374 13562.814 1698.117 
468 2580 1318 13594.774 1705.138 
500 2573 1361 13617.26 1708.038 
545 2513 1389 13622.437 1708.782 
520 2528 1387 13626.076 1710.858 
515 2562 1362 13623.239 1708.056 
545 2504 1392 13611.44 1710.826 
552 2524 1385 13629.728 1711.965 
535 2517 1395 13613.032 1706.421 
551 2525 1384 13629.061 1711.824 
542 2508 1393 13583.542 1705.295 
496 2578 1354 13609.809 1705.346 
537 2529 1374 13616.239 1708.839 
501 2565 1364 13620.527 1706.858 
535 2538 1376 13628.982 1705.616 
496 2579 1353 13611.093 1705.557 
503 2565 1348 13598.612 1706.336 
534 2540 1397 13642.443 1709.21 
524 2561 1393 13642.818 1709.317 
568 2449 1376 13583.436 1700.842 
559 2505 1408 13630.386 1706.564 
569 2448 1377 13583.648 1700.827 
