567 2641 1524 13774.831 1727.557 
581 2629 1518 13785.458 1730.535 
601 2621 1515 13787.649 1724.92 
604 2611 1533 13781.169 1727.693 
597 2622 1539 13798.861 1727.432 
582 2652 1511 13800.502 1730.173 
570 2630 1535 13797.332 1727.851 
576 2641 1519 13809.064 1729.836 
576 2639 1519 13817.965 1731.794 
585 2631 1524 13780.102 1729.255 
578 2636 1516 13781.669 1726.874 
597 2647 1515 13804.649 1731.718 
564 2639 1530 13790.855 1731.029 
594 2603 1537 13797.237 1731.452 
590 2617 1565 13795.773 1730.642 
583 2628 1541 13783.872 1729.627 
615 2575 1551 13779.1 1730.516 
592 2600 1569 13784.541 1729.571 
595 2610 1532 13803.107 1732.986 
578 2630 1526 13797.693 1730.223 
562 2643 1519 13796.435 1730.122 
585 2630 1528 13797.508 1727.815 
579 2627 1534 13789.887 1729.62 
574 2632 1535 13783.339 1728.555 
569 2627 1537 13783.919 1726.481 
574 2624 1540 13784.431 1726.645 
621 2590 1550 13792.593 1727.439 
603 2558 1576 13761.621 1725.645 
604 2606 1550 13805.07 1731.365 
617 2579 1566 13789.769 1728.423 
621 2590 1550 13792.785 1727.38 
624 2568 1563 13780.301 1728.897 
616 2583 1568 13792.781 1728.918 
564 2642 1536 13798.573 1730.107 
598 2606 1560 13781.345 1729.566 
565 2641 1537 13799.179 1730.197 
614 2589 1545 13794.793 1728.425 
572 2624 1551 13786.073 1726.854 
575 2631 1534 13795.83 1731.202 
582 2620 1520 13787.248 1731.164 
609 2593 1563 13793.849 1729.986 
605 2600 1563 13795.323 1730.457 
572 2633 1526 13778.005 1727.61 
603 2613 1538 13794.795 1731.288 
594 2625 1536 13813.438 1730.976 
610 2597 1557 13802.773 1731.388 
583 2619 1553 13790.036 1728.958 
579 2627 1528 13793.614 1729.882 
599 2616 1532 13811.829 1732.472 
598 2595 1577 13794.181 1729.744 
609 2591 1558 13794.335 1729.836 
546 2656 1493 13773.958 1727.207 
630 2572 1560 13783.286 1725.884 
606 2610 1554 13804.828 1731.451 
605 2586 1575 13796.265 1727.779 
613 2605 1548 13796.89 1727.81 
586 2631 1525 13793.953 1728.934 
567 2641 1522 13786.519 1730.661 
601 2592 1572 13792.441 1728.327 
608 2602 1571 13798.867 1728.31 
591 2621 1569 13794.204 1727.57 
605 2607 1559 13792.084 1726.831 
557 2643 1523 13798.142 1728.732 
588 2628 1532 13784.506 1730.012 
599 2618 1571 13800.984 1728.199 
621 2563 1543 13765.921 1728.962 
611 2589 1557 13795.922 1728.328 
613 2602 1545 13799.877 1729.583 
603 2602 1565 13789.267 1728.492 
597 2605 1558 13789.813 1728.388 
598 2623 1552 13797.673 1729.948 
571 2634 1526 13783.875 1727.074 
613 2601 1574 13803.332 1728.122 
578 2630 1542 13783.639 1727.473 
600 2614 1551 13808.864 1729.442 
596 2623 1544 13799.326 1730.569 
588 2629 1531 13784.343 1729.943 
627 2551 1549 13774.353 1726.735 
