199 1356 640 13668.799 1717.82 
244 1306 684 13670.608 1717.771 
217 1342 674 13679.312 1721.025 
261 1288 724 13686.957 1719.083 
297 1222 696 13607.193 1697.908 
225 1337 671 13665.641 1713.955 
216 1343 673 13679.57 1721.073 
260 1287 725 13706.617 1714.708 
252 1316 692 13671.556 1713.456 
242 1334 668 13677.704 1712.826 
277 1272 710 13683.967 1710.46 
244 1313 715 13691.484 1714.284 
261 1285 728 13698.545 1714.757 
269 1283 695 13660.446 1711.388 
249 1310 689 13676.026 1710.543 
241 1326 696 13698.374 1716.288 
246 1326 671 13706.634 1714.692 
248 1313 677 13689.231 1713.375 
277 1290 694 13694.248 1716.023 
265 1291 690 13660.635 1710.519 
262 1308 699 13695.409 1716.725 
296 1221 738 13619.539 1701.54 
260 1309 686 13656.671 1710.249 
261 1300 708 13675.131 1711.758 
241 1319 684 13690.723 1716.982 
240 1320 684 13690.883 1717.0 
268 1289 711 13673.9 1712.897 
269 1284 699 13649.929 1708.718 
254 1307 706 13701.457 1716.853 
299 1195 718 13557.519 1695.842 
283 1278 703 13681.68 1711.763 
260 1302 718 13674.983 1711.915 
257 1306 730 13688.958 1717.675 
265 1286 716 13660.977 1709.242 
264 1294 704 13678.787 1719.423 
255 1300 724 13689.81 1714.915 
261 1290 718 13660.869 1712.232 
247 1306 725 13691.314 1715.218 
291 1222 752 13614.26 1702.409 
236 1307 711 13676.226 1714.655 
261 1294 709 13671.163 1708.972 
225 1308 716 13637.168 1702.824 
287 1260 750 13680.708 1715.214 
244 1300 704 13669.65 1720.681 
268 1277 720 13693.37 1715.065 
282 1264 725 13676.336 1710.974 
293 1253 710 13639.166 1706.205 
257 1296 741 13697.347 1718.954 
238 1302 732 13673.91 1717.026 
238 1302 731 13673.951 1717.027 
230 1313 703 13666.442 1719.76 
256 1297 740 13696.555 1718.927 
297 1221 719 13598.65 1704.532 
296 1222 718 13598.439 1704.491 
276 1270 718 13657.653 1717.633 
271 1282 746 13691.367 1718.924 
242 1287 744 13661.098 1717.663 
297 1222 705 13587.485 1702.734 
294 1243 730 13638.197 1709.381 
270 1285 706 13653.846 1704.363 
228 1321 710 13662.185 1707.702 
290 1261 721 13677.212 1707.861 
242 1305 712 13695.386 1713.091 
236 1333 702 13671.928 1715.436 
272 1269 734 13668.532 1712.954 
260 1297 701 13680.016 1710.047 
260 1293 730 13639.03 1715.539 
240 1321 705 13690.731 1719.039 
266 1285 761 13677.954 1715.468 
250 1298 713 13693.658 1719.42 
241 1316 700 13643.452 1713.583 
239 1322 704 13689.552 1718.85 
239 1323 702 13691.177 1719.256 
244 1314 674 13697.029 1714.209 
296 1231 710 13620.563 1706.716 
262 1291 712 13670.527 1712.561 
267 1277 705 13654.6 1719.313 
277 1276 728 13676.314 1714.29 
249 1306 697 13665.657 1719.117 
245 1296 714 13651.76 1719.313 
248 1307 696 13664.718 1718.786 
289 1279 724 13673.39 1713.205 
298 1208 726 13579.032 1701.966 
290 1251 714 13648.694 1713.126 
278 1262 731 13659.373 1709.318 
