404 1964 1094 13748.305 1727.185 
390 1982 1078 13733.607 1720.973 
437 1925 1114 13752.229 1723.272 
431 1941 1088 13751.469 1724.171 
404 1968 1096 13754.979 1726.83 
441 1918 1115 13755.181 1724.856 
397 1979 1084 13753.58 1726.212 
416 1940 1112 13749.384 1723.628 
423 1932 1116 13746.872 1724.234 
382 1990 1058 13742.133 1719.454 
409 1955 1082 13763.238 1726.834 
453 1877 1091 13687.085 1715.422 
429 1960 1109 13778.649 1726.098 
384 1981 1058 13736.411 1722.155 
385 1988 1057 13753.239 1723.415 
362 1999 1038 13708.502 1719.624 
450 1864 1102 13675.871 1712.612 
413 1943 1114 13729.764 1719.502 
405 1967 1083 13762.655 1725.991 
378 1997 1066 13752.429 1725.363 
453 1849 1099 13676.054 1713.865 
446 1894 1118 13728.9 1721.037 
446 1889 1098 13725.01 1721.355 
447 1890 1089 13721.98 1719.147 
436 1916 1130 13746.73 1725.862 
448 1873 1097 13700.285 1717.029 
437 1934 1113 13741.921 1724.25 
442 1923 1129 13745.461 1724.516 
379 1988 1068 13719.994 1721.191 
423 1938 1116 13741.657 1725.357 
422 1942 1114 13737.924 1720.197 
407 1958 1119 13759.328 1723.855 
421 1943 1111 13736.344 1720.09 
382 1984 1088 13763.223 1727.219 
407 1959 1119 13760.516 1723.817 
413 1950 1110 13753.747 1724.437 
390 1979 1085 13748.408 1723.945 
411 1947 1110 13742.801 1724.569 
412 1937 1108 13749.298 1727.273 
401 1953 1102 13730.948 1727.157 
400 1959 1101 13749.122 1727.011 
419 1936 1115 13764.266 1726.971 
411 1956 1104 13748.756 1727.021 
412 1945 1121 13749.701 1723.549 
398 1958 1116 13744.204 1724.692 
384 1985 1079 13722.459 1723.048 
413 1973 1107 13769.751 1725.753 
421 1940 1110 13738.679 1723.798 
432 1942 1097 13739.038 1723.804 
410 1957 1104 13748.76 1727.062 
401 1974 1090 13773.396 1727.082 
400 1978 1099 13753.155 1725.2 
417 1951 1109 13755.165 1726.158 
414 1972 1108 13770.625 1725.847 
