167 636 423 13806.503 1732.647 
179 624 372 13778.587 1724.993 
179 623 377 13740.859 1725.356 
151 646 426 13796.124 1738.797 
144 680 396 13835.21 1741.658 
133 683 396 13853.141 1739.729 
172 632 410 13805.801 1734.195 
172 632 411 13805.472 1734.155 
187 614 390 13740.829 1726.069 
153 644 427 13795.478 1738.667 
154 643 427 13795.122 1738.612 
143 684 391 13886.933 1744.542 
191 609 391 13731.494 1720.889 
176 642 407 13829.141 1739.609 
161 641 426 13816.248 1737.66 
165 647 375 13823.098 1746.196 
148 654 424 13793.399 1729.809 
164 657 406 13890.097 1750.559 
133 674 405 13817.716 1738.735 
163 659 406 13894.862 1751.534 
137 679 400 13836.377 1739.165 
145 675 393 13873.668 1739.607 
174 620 419 13767.245 1732.406 
144 674 397 13866.339 1740.582 
142 686 392 13895.768 1748.689 
139 674 401 13868.115 1748.228 
162 651 416 13858.224 1746.134 
125 684 397 13774.925 1733.771 
139 675 400 13868.013 1748.737 
126 682 397 13770.658 1733.831 
155 670 413 13863.625 1750.113 
135 689 388 13846.572 1746.091 
136 676 406 13828.006 1735.986 
151 673 396 13882.844 1753.803 
147 676 399 13846.855 1748.252 
136 688 389 13846.607 1746.092 
147 676 391 13886.808 1747.899 
172 632 396 13803.654 1743.955 
127 696 376 13796.779 1738.838 
150 662 421 13831.586 1745.889 
137 677 396 13840.839 1746.432 
173 631 395 13803.372 1743.663 
131 691 378 13831.745 1740.564 
130 692 375 13847.058 1743.286 
130 693 375 13847.773 1743.219 
160 673 407 13911.616 1752.729 
169 662 408 13899.5 1746.085 
160 662 413 13892.523 1751.446 
161 664 404 13851.481 1743.991 
172 640 408 13807.611 1733.678 
125 692 388 13836.517 1735.893 
161 661 412 13877.794 1746.186 
154 672 400 13921.684 1753.864 
161 660 415 13874.959 1746.474 
161 660 414 13875.135 1746.514 
169 645 414 13825.373 1743.861 
153 675 364 13807.752 1741.34 
167 654 411 13842.297 1737.318 
171 642 398 13853.527 1739.272 
168 644 411 13877.224 1741.236 
184 622 406 13787.139 1738.461 
165 660 418 13883.38 1742.683 
