1045 4913 2639 13536.805 1693.855 
937 5038 2622 13551.834 1696.939 
946 5058 2639 13568.613 1696.422 
1017 4978 2650 13549.4 1695.591 
930 5018 2665 13540.633 1693.85 
1056 4898 2696 13529.18 1694.436 
975 4996 2667 13552.734 1698.472 
1017 4978 2651 13549.391 1695.59 
1030 4887 2738 13520.978 1693.541 
998 5003 2652 13554.588 1696.932 
1010 4999 2646 13546.874 1693.308 
1040 4917 2670 13541.37 1698.082 
1035 4922 2652 13529.02 1697.78 
1016 4976 2645 13550.815 1695.556 
1013 4949 2653 13544.695 1699.122 
1060 4882 2676 13530.181 1698.671 
1047 4887 2674 13542.432 1699.589 
1031 4919 2689 13524.174 1692.944 
1050 4892 2729 13546.204 1699.067 
951 5079 2602 13564.511 1696.975 
942 5066 2645 13548.787 1697.772 
1027 4928 2721 13551.138 1695.076 
1057 4823 2694 13503.049 1691.63 
1028 4963 2696 13555.942 1694.6 
985 5003 2695 13557.455 1695.671 
1027 4865 2749 13522.822 1691.08 
984 5024 2657 13570.837 1698.526 
1035 4910 2698 13529.517 1691.907 
1035 4947 2684 13551.358 1693.467 
996 5021 2662 13566.505 1698.079 
1037 4911 2680 13529.583 1690.206 
1020 4940 2650 13551.509 1696.417 
1022 4938 2707 13551.472 1695.594 
1041 4908 2711 13528.476 1692.021 
1018 4969 2688 13566.186 1698.155 
983 5002 2668 13548.971 1696.198 
1011 4993 2698 13567.188 1697.526 
1023 4950 2682 13547.285 1696.61 
1022 4920 2706 13535.376 1696.235 
1013 4986 2728 13566.283 1698.266 
1013 4988 2727 13566.88 1698.335 
1016 4975 2670 13551.506 1696.062 
982 5008 2687 13550.259 1698.057 
1014 4927 2700 13540.323 1697.077 
1005 4965 2722 13559.4 1699.322 
1015 4946 2703 13538.641 1697.259 
1018 4974 2663 13541.614 1695.917 
1005 4997 2705 13549.693 1698.976 
948 5027 2591 13548.437 1698.167 
1014 4931 2715 13532.739 1695.978 
996 4968 2694 13554.154 1699.226 
996 4969 2693 13554.157 1699.262 
1015 4928 2717 13537.78 1696.761 
1021 4938 2686 13533.65 1696.504 
1030 4911 2731 13539.771 1695.118 
987 5023 2652 13550.201 1693.802 
1075 4792 2652 13476.361 1686.468 
1041 4904 2695 13529.683 1695.576 
1026 4956 2643 13544.76 1696.143 
1073 4885 2687 13528.561 1694.372 
1006 4996 2641 13549.2 1694.904 
1014 4981 2608 13544.617 1696.36 
1029 4960 2660 13546.663 1694.689 
1021 4971 2676 13551.241 1695.8 
1017 4979 2652 13547.149 1694.36 
1018 4978 2654 13547.619 1694.447 
1003 5012 2625 13551.542 1696.353 
1002 5013 2624 13551.214 1696.33 
1025 4970 2663 13548.715 1697.307 
1044 4938 2679 13546.4 1696.667 
1034 4897 2696 13533.369 1695.724 
1017 4940 2700 13545.782 1693.287 
1027 4899 2726 13533.01 1696.448 
975 5034 2664 13554.22 1697.15 
1021 4897 2737 13542.02 1695.344 
1029 4913 2706 13539.961 1697.111 
1014 4939 2690 13539.233 1695.261 
1033 4915 2723 13539.89 1692.031 
1016 4953 2692 13555.053 1695.029 
1046 4894 2687 13550.759 1696.357 
1039 4919 2679 13546.564 1697.899 
975 5026 2632 13561.968 1698.931 
1052 4874 2659 13533.299 1694.591 
1024 4924 2679 13551.094 1695.807 
1037 4919 2626 13547.334 1696.856 
1034 4900 2700 13541.42 1695.139 
936 5036 2646 13540.873 1693.813 
1021 4942 2595 13551.684 1697.198 
