419 2574 1280 13548.383 1696.462 
532 2445 1367 13529.886 1695.333 
530 2424 1369 13517.356 1693.165 
507 2478 1314 13548.553 1699.598 
460 2490 1345 13545.21 1702.244 
507 2511 1309 13568.336 1696.858 
529 2441 1333 13541.008 1697.454 
469 2532 1316 13553.67 1699.736 
509 2486 1312 13548.82 1697.235 
492 2494 1383 13566.366 1700.963 
483 2516 1344 13560.704 1698.988 
492 2513 1327 13560.126 1700.932 
501 2463 1335 13548.523 1698.738 
431 2573 1244 13560.294 1700.745 
499 2488 1345 13563.71 1700.929 
498 2473 1380 13560.341 1702.697 
494 2495 1366 13535.123 1690.786 
506 2503 1339 13547.843 1696.933 
506 2529 1321 13585.987 1695.311 
486 2521 1355 13558.038 1693.85 
461 2512 1339 13560.691 1699.116 
508 2459 1385 13546.378 1699.502 
494 2499 1346 13541.065 1697.167 
489 2525 1330 13560.347 1701.521 
506 2502 1340 13547.781 1696.847 
505 2530 1320 13585.867 1695.301 
500 2491 1357 13538.002 1692.881 
512 2505 1291 13550.14 1692.812 
521 2468 1330 13539.947 1694.648 
499 2508 1353 13557.198 1696.313 
521 2469 1329 13541.31 1694.806 
486 2527 1341 13547.148 1696.768 
505 2492 1354 13544.15 1695.696 
519 2501 1346 13562.896 1697.079 
510 2482 1368 13549.059 1695.135 
487 2535 1306 13571.899 1698.75 
520 2464 1350 13543.642 1688.692 
492 2527 1332 13554.773 1701.097 
483 2559 1305 13584.905 1699.094 
454 2540 1301 13559.419 1699.416 
542 2379 1325 13468.78 1685.911 
500 2490 1336 13562.367 1698.648 
489 2529 1312 13570.57 1697.735 
524 2453 1330 13540.654 1689.876 
490 2509 1355 13549.665 1693.648 
502 2481 1320 13552.773 1700.742 
517 2473 1315 13550.614 1701.083 
453 2537 1351 13546.363 1694.029 
520 2474 1334 13548.806 1698.118 
487 2508 1358 13552.887 1693.822 
456 2567 1319 13556.03 1695.392 
489 2535 1334 13560.806 1696.206 
480 2529 1340 13553.905 1693.15 
490 2521 1345 13571.267 1696.28 
474 2540 1313 13567.924 1693.952 
466 2554 1335 13562.595 1696.15 
454 2565 1274 13564.827 1695.899 
420 2592 1272 13538.784 1694.757 
414 2568 1292 13529.355 1691.508 
460 2542 1333 13567.978 1694.279 
507 2494 1342 13564.405 1698.382 
482 2519 1336 13556.039 1697.078 
501 2510 1344 13558.783 1698.633 
497 2502 1315 13560.551 1697.229 
480 2518 1357 13549.49 1692.841 
457 2535 1302 13542.063 1700.814 
454 2536 1334 13531.723 1697.332 
479 2535 1367 13573.233 1697.88 
472 2499 1369 13530.936 1694.155 
453 2562 1267 13550.529 1696.831 
463 2545 1311 13565.73 1695.242 
500 2516 1307 13554.665 1696.491 
467 2530 1317 13577.454 1704.168 
517 2462 1377 13574.874 1698.868 
527 2459 1279 13518.05 1687.449 
503 2494 1329 13577.046 1699.041 
489 2536 1291 13565.36 1694.95 
522 2461 1375 13555.802 1700.277 
507 2480 1349 13558.703 1697.852 
536 2392 1300 13465.459 1691.469 
535 2393 1299 13465.446 1691.467 
523 2464 1290 13525.975 1692.912 
538 2399 1295 13497.309 1691.597 
