496 2444 1245 13484.464 1693.515 
494 2433 1331 13517.038 1693.778 
481 2485 1297 13542.699 1693.122 
462 2514 1227 13492.112 1696.487 
486 2495 1274 13548.294 1693.828 
452 2521 1318 13516.59 1691.422 
469 2490 1335 13519.649 1690.915 
433 2538 1316 13541.674 1693.972 
436 2536 1318 13542.964 1694.032 
434 2537 1317 13541.783 1693.89 
451 2488 1323 13512.799 1692.465 
443 2525 1293 13531.78 1698.757 
471 2454 1330 13502.111 1692.393 
437 2544 1210 13489.091 1692.161 
446 2541 1238 13517.696 1692.693 
500 2408 1347 13452.063 1682.71 
501 2481 1252 13494.498 1693.235 
487 2430 1347 13504.05 1692.281 
500 2463 1290 13497.283 1689.788 
499 2464 1290 13497.064 1689.735 
501 2496 1285 13495.22 1688.111 
426 2558 1229 13492.757 1689.626 
478 2500 1314 13529.613 1692.207 
481 2435 1329 13481.221 1685.964 
498 2466 1300 13514.021 1688.87 
430 2549 1270 13501.739 1689.899 
493 2481 1303 13536.42 1691.699 
484 2491 1294 13518.605 1689.029 
475 2521 1260 13513.33 1691.421 
500 2479 1280 13502.952 1687.997 
449 2538 1256 13512.363 1688.858 
473 2491 1294 13538.596 1699.928 
473 2512 1312 13516.78 1689.178 
495 2489 1304 13513.661 1690.073 
460 2511 1294 13496.969 1691.646 
533 2427 1294 13490.346 1687.8 
486 2475 1310 13502.668 1691.293 
523 2415 1296 13472.07 1683.642 
463 2516 1295 13517.537 1690.022 
533 2434 1285 13500.64 1689.468 
485 2501 1268 13497.222 1692.257 
474 2529 1291 13524.058 1692.576 
507 2461 1313 13515.278 1691.089 
492 2496 1274 13520.523 1692.734 
479 2520 1290 13529.521 1692.924 
420 2561 1226 13499.192 1691.687 
473 2530 1291 13523.991 1692.56 
457 2497 1294 13511.031 1693.377 
461 2525 1293 13508.432 1688.544 
479 2520 1291 13529.492 1693.047 
441 2540 1261 13516.277 1689.45 
525 2394 1312 13496.674 1687.163 
441 2551 1264 13511.892 1689.519 
482 2480 1305 13501.37 1689.82 
480 2518 1290 13528.548 1692.885 
467 2533 1281 13528.328 1694.763 
483 2498 1299 13527.006 1692.028 
487 2485 1294 13518.048 1690.858 
477 2483 1296 13538.233 1696.52 
511 2472 1271 13494.223 1685.982 
509 2443 1324 13497.4 1689.477 
522 2457 1317 13527.727 1691.885 
502 2464 1325 13507.073 1689.449 
481 2489 1318 13512.694 1691.353 
470 2505 1278 13524.215 1694.112 
481 2489 1318 13513.012 1691.201 
501 2490 1279 13531.749 1693.15 
497 2473 1325 13518.063 1691.934 
498 2464 1311 13502.101 1690.45 
451 2534 1253 13511.947 1690.396 
497 2476 1298 13526.149 1692.152 
484 2485 1287 13516.246 1692.281 
470 2502 1253 13507.48 1695.929 
474 2504 1296 13537.339 1692.095 
472 2474 1301 13506.105 1694.855 
515 2462 1289 13511.666 1692.184 
498 2471 1285 13499.391 1688.017 
445 2535 1245 13527.446 1693.247 
476 2474 1302 13521.583 1693.364 
487 2496 1279 13537.598 1696.822 
496 2481 1289 13504.871 1691.397 
481 2481 1323 13513.184 1687.867 
486 2521 1257 13513.528 1694.623 
460 2526 1283 13534.974 1695.67 
483 2501 1271 13533.185 1693.77 
464 2516 1292 13518.916 1689.521 
461 2525 1284 13534.97 1695.67 
475 2497 1302 13508.002 1694.428 
