263 1205 672 13544.78 1701.932 
245 1248 666 13597.558 1707.619 
243 1274 671 13587.371 1705.996 
210 1298 645 13557.966 1696.211 
260 1253 651 13565.899 1700.926 
251 1271 671 13595.382 1705.016 
259 1250 634 13584.072 1706.015 
233 1286 635 13561.523 1702.468 
234 1285 635 13562.44 1702.929 
247 1270 669 13597.363 1701.089 
233 1234 696 13504.317 1692.885 
231 1257 692 13560.731 1697.827 
248 1270 644 13614.001 1701.512 
231 1236 696 13505.31 1692.625 
251 1261 675 13612.78 1704.172 
196 1317 638 13555.467 1699.071 
257 1243 677 13556.61 1700.215 
252 1257 664 13589.141 1702.967 
266 1231 656 13550.517 1701.547 
259 1241 676 13590.149 1705.176 
215 1293 641 13552.423 1692.05 
268 1231 662 13583.595 1699.07 
252 1257 617 13592.77 1704.837 
265 1242 652 13565.815 1700.538 
279 1195 687 13494.249 1694.554 
261 1237 666 13556.73 1704.071 
278 1228 649 13530.049 1694.273 
236 1278 650 13584.727 1699.467 
235 1279 649 13586.296 1699.571 
267 1218 653 13540.636 1700.535 
212 1300 637 13575.338 1702.413 
262 1239 677 13549.691 1703.142 
255 1246 657 13553.257 1704.598 
287 1194 655 13491.273 1688.492 
262 1250 640 13549.996 1696.283 
215 1293 647 13529.684 1688.503 
268 1198 702 13505.417 1689.946 
281 1204 678 13518.47 1688.169 
214 1289 639 13558.182 1701.492 
214 1289 640 13558.178 1701.491 
249 1211 694 13512.256 1697.709 
233 1246 686 13507.832 1686.383 
244 1249 684 13562.277 1695.973 
235 1270 668 13587.871 1707.36 
220 1281 678 13588.786 1703.867 
264 1230 688 13556.725 1696.558 
259 1242 662 13567.182 1701.737 
245 1234 684 13526.266 1700.215 
242 1248 684 13558.634 1697.939 
221 1296 630 13549.122 1695.652 
243 1240 686 13530.045 1696.565 
210 1293 659 13577.285 1702.01 
235 1279 655 13563.324 1696.389 
237 1279 655 13527.152 1695.174 
248 1242 676 13560.313 1702.468 
260 1206 694 13531.729 1698.957 
225 1285 684 13589.59 1702.528 
213 1286 654 13559.161 1703.268 
227 1278 664 13546.387 1696.413 
270 1233 647 13554.711 1704.262 
236 1278 656 13563.13 1696.355 
230 1271 674 13548.225 1693.03 
238 1278 648 13562.13 1697.342 
265 1248 654 13556.228 1693.053 
260 1238 689 13544.291 1690.143 
241 1253 667 13556.059 1706.362 
260 1237 690 13544.448 1690.145 
265 1248 654 13556.28 1693.051 
253 1259 648 13568.147 1696.442 
193 1301 597 13526.614 1701.421 
232 1287 655 13597.502 1697.995 
273 1186 655 13489.516 1700.748 
245 1284 647 13576.82 1705.074 
245 1268 678 13569.44 1706.295 
226 1286 654 13575.726 1700.702 
241 1268 685 13581.647 1704.39 
243 1213 696 13499.454 1694.715 
232 1276 663 13579.644 1700.567 
252 1221 689 13482.704 1690.505 
280 1202 668 13531.5 1698.671 
276 1232 683 13550.399 1699.384 
255 1253 667 13548.911 1705.95 
231 1285 656 13557.908 1702.233 
260 1246 668 13541.835 1694.432 
259 1258 667 13582.714 1700.961 
