536 2503 1392 13597.99 1703.988 
556 2476 1394 13594.591 1704.456 
563 2453 1416 13584.287 1699.983 
568 2440 1391 13570.42 1698.363 
550 2489 1370 13601.028 1700.636 
563 2454 1416 13585.563 1699.934 
495 2535 1390 13609.701 1705.207 
520 2509 1399 13602.42 1701.982 
558 2495 1382 13592.538 1700.458 
553 2495 1366 13576.575 1700.497 
564 2474 1379 13595.518 1700.342 
559 2494 1382 13592.309 1700.409 
514 2524 1399 13582.97 1701.537 
490 2554 1383 13609.12 1706.01 
554 2490 1377 13594.984 1702.491 
562 2470 1340 13583.939 1702.7 
558 2453 1372 13588.096 1705.877 
565 2445 1382 13563.661 1701.12 
513 2563 1322 13593.656 1702.503 
570 2422 1367 13529.713 1696.78 
559 2454 1363 13576.429 1704.316 
527 2522 1392 13625.14 1707.234 
512 2511 1412 13601.17 1703.935 
558 2448 1384 13569.538 1703.966 
538 2483 1383 13611.683 1704.216 
566 2432 1359 13571.999 1698.025 
508 2521 1401 13600.753 1705.484 
504 2554 1358 13624.509 1708.959 
526 2515 1396 13623.797 1704.793 
503 2555 1357 13624.009 1708.942 
566 2442 1364 13545.553 1696.381 
537 2514 1385 13618.994 1706.317 
553 2492 1393 13595.08 1703.387 
531 2522 1372 13599.306 1707.895 
546 2492 1360 13576.033 1704.394 
541 2548 1374 13616.479 1707.719 
504 2573 1351 13611.052 1704.676 
534 2538 1388 13614.239 1705.649 
503 2587 1364 13605.052 1704.059 
503 2558 1361 13612.504 1705.344 
545 2511 1406 13598.832 1703.113 
545 2523 1380 13604.034 1703.564 
459 2594 1333 13593.588 1701.182 
499 2585 1371 13638.397 1711.016 
506 2555 1335 13616.225 1706.794 
528 2505 1396 13597.472 1704.52 
540 2496 1377 13586.585 1704.899 
508 2527 1398 13573.416 1700.75 
470 2596 1329 13593.745 1704.934 
516 2559 1355 13595.764 1702.67 
502 2551 1391 13597.497 1703.418 
502 2551 1391 13597.558 1703.404 
478 2602 1315 13602.794 1707.193 
528 2557 1372 13631.207 1706.154 
485 2594 1321 13614.014 1705.014 
500 2556 1344 13603.728 1706.582 
525 2528 1363 13610.744 1709.141 
500 2560 1327 13597.737 1706.202 
541 2526 1390 13623.42 1703.961 
494 2562 1375 13595.882 1702.454 
502 2559 1317 13593.523 1707.478 
516 2554 1345 13618.366 1706.973 
527 2545 1375 13617.424 1705.218 
500 2566 1356 13607.127 1704.662 
516 2558 1355 13611.535 1702.773 
449 2603 1310 13564.116 1699.377 
549 2514 1381 13584.569 1699.823 
519 2547 1363 13620.328 1706.809 
536 2513 1405 13589.147 1702.051 
554 2490 1391 13576.41 1698.394 
469 2563 1376 13573.712 1698.612 
506 2546 1399 13613.912 1705.016 
528 2471 1412 13586.603 1699.388 
514 2511 1397 13592.47 1705.905 
514 2512 1395 13592.745 1705.986 
515 2511 1396 13592.64 1705.935 
507 2517 1394 13593.871 1707.01 
474 2602 1324 13605.096 1704.613 
502 2529 1392 13592.249 1706.257 
513 2496 1416 13577.64 1704.202 
480 2560 1372 13598.782 1702.734 
530 2480 1412 13584.733 1702.401 
516 2511 1396 13592.349 1705.962 
506 2519 1408 13616.691 1708.545 
532 2469 1395 13574.723 1705.343 
