142 644 348 13667.238 1706.561 
148 622 349 13656.675 1718.182 
119 675 340 13689.836 1709.225 
157 621 347 13678.113 1712.287 
118 672 342 13659.289 1703.749 
140 653 350 13678.718 1715.921 
150 639 354 13694.416 1714.792 
113 680 339 13689.484 1717.888 
130 663 345 13716.157 1714.761 
138 655 330 13675.695 1719.267 
103 690 346 13739.116 1726.563 
114 677 336 13696.317 1722.41 
118 670 333 13732.483 1709.689 
151 615 376 13607.903 1699.429 
146 629 348 13704.217 1713.505 
123 667 345 13700.876 1725.977 
112 670 361 13670.301 1710.633 
151 632 358 13680.475 1710.163 
142 641 363 13701.729 1726.219 
124 667 351 13702.92 1724.299 
131 661 357 13718.401 1721.723 
121 665 367 13716.321 1715.277 
141 642 362 13702.47 1726.239 
140 642 372 13704.949 1721.886 
104 672 365 13688.068 1710.917 
105 673 362 13672.484 1710.699 
139 652 334 13693.092 1723.731 
116 669 374 13718.808 1720.85 
116 669 373 13719.372 1720.882 
143 631 364 13645.975 1717.479 
140 651 354 13706.9 1721.6 
130 664 343 13702.248 1714.742 
120 666 362 13689.501 1715.596 
120 674 340 13716.509 1723.345 
151 631 368 13685.728 1716.07 
144 630 371 13629.813 1707.447 
137 657 377 13781.397 1731.593 
118 666 346 13705.005 1725.035 
130 663 342 13723.265 1726.056 
122 659 362 13754.214 1721.835 
125 663 355 13740.844 1726.301 
125 659 359 13704.188 1727.561 
146 635 351 13674.712 1717.028 
118 665 333 13719.446 1722.134 
148 622 374 13635.828 1712.826 
124 664 356 13742.869 1726.561 
111 669 365 13722.984 1724.536 
118 641 381 13584.283 1701.932 
121 665 356 13685.915 1718.211 
122 665 354 13674.053 1717.191 
118 669 343 13640.689 1711.57 
141 662 374 13716.777 1714.231 
156 628 358 13674.457 1711.931 
128 663 350 13690.451 1712.553 
139 649 364 13720.733 1722.031 
139 653 368 13728.96 1721.341 
114 665 358 13714.512 1723.139 
139 632 378 13688.837 1716.247 
125 668 365 13670.313 1715.045 
148 639 356 13688.806 1712.613 
114 685 344 13704.53 1713.067 
111 692 336 13693.129 1712.179 
107 692 317 13659.87 1718.291 
148 623 367 13640.2 1716.879 
140 644 366 13662.934 1720.866 
144 643 362 13696.357 1714.524 
145 642 363 13697.764 1714.486 
123 672 338 13679.257 1708.657 
153 599 361 13565.226 1700.515 
142 642 344 13690.36 1717.485 
117 673 344 13726.404 1726.313 
117 679 350 13715.146 1721.681 
117 673 350 13721.166 1722.749 
145 626 352 13666.316 1722.359 
141 649 352 13686.342 1716.26 
143 626 352 13694.025 1721.839 
130 669 336 13742.652 1720.021 
127 663 365 13725.037 1719.914 
97 674 361 13660.431 1708.635 
122 670 342 13706.497 1724.846 
116 670 357 13723.721 1727.806 
149 649 346 13712.611 1708.787 
141 636 375 13662.102 1716.904 
119 663 375 13688.853 1707.776 
118 664 375 13693.602 1708.062 
95 697 323 13690.193 1719.94 
117 661 367 13724.35 1732.865 
116 662 366 13724.39 1733.023 
112 682 357 13752.701 1730.315 
136 658 364 13735.066 1718.372 
