178 635 394 13857.266 1741.439 
165 649 410 13895.606 1738.997 
145 677 395 13865.475 1737.137 
188 623 415 13887.199 1738.933 
136 688 387 13883.998 1742.126 
166 669 388 13902.575 1747.188 
146 682 393 13875.573 1737.909 
146 678 393 13921.52 1744.289 
166 674 380 13947.388 1751.061 
174 653 399 13893.177 1747.55 
156 667 389 13923.429 1753.375 
169 646 403 13886.127 1751.682 
166 671 403 13934.273 1746.795 
162 672 398 13926.154 1748.871 
165 664 407 13913.82 1744.545 
165 663 406 13910.176 1744.705 
163 674 408 13938.176 1746.355 
162 659 409 13896.864 1747.725 
156 667 388 13923.611 1753.296 
174 650 393 13908.737 1749.255 
142 697 382 13923.837 1744.284 
155 672 402 13900.183 1746.78 
155 676 400 13919.084 1748.124 
172 648 410 13891.599 1742.813 
171 648 410 13887.568 1742.821 
152 681 391 13931.559 1755.661 
147 676 403 13929.874 1745.886 
147 686 389 13946.948 1752.544 
182 634 411 13889.868 1742.827 
161 667 395 13945.285 1746.728 
177 645 404 13870.465 1739.561 
174 661 396 13935.936 1745.166 
168 640 411 13863.362 1738.888 
160 666 409 13923.999 1744.837 
178 635 404 13835.739 1735.233 
166 654 408 13873.932 1740.205 
164 676 393 13912.665 1751.948 
149 673 407 13897.993 1747.788 
161 667 402 13893.607 1748.265 
165 662 389 13941.409 1751.076 
141 682 396 13897.056 1748.876 
165 646 411 13849.512 1732.116 
174 652 397 13932.471 1747.89 
169 627 412 13795.325 1724.912 
176 649 407 13912.859 1747.826 
163 645 416 13846.813 1741.154 
157 645 412 13853.881 1739.145 
149 697 381 13907.059 1747.811 
157 662 410 13888.569 1744.306 
159 685 371 13898.981 1750.995 
158 685 390 13939.208 1749.157 
154 690 380 13885.116 1742.458 
158 684 391 13938.462 1749.092 
163 646 414 13843.244 1740.574 
179 644 371 13848.124 1735.497 
180 648 364 13834.769 1727.792 
180 643 371 13848.607 1735.574 
154 654 397 13872.349 1751.412 
174 654 405 13914.192 1746.407 
172 626 418 13824.095 1740.24 
173 664 405 13962.312 1750.727 
166 668 395 13936.464 1747.456 
151 654 414 13859.685 1736.831 
182 637 399 13872.12 1737.919 
154 654 396 13870.48 1751.449 
169 665 396 13922.505 1746.364 
185 614 406 13813.68 1744.618 
182 630 408 13866.001 1747.219 
183 633 405 13867.791 1743.708 
158 676 396 13926.841 1749.795 
193 621 406 13870.31 1740.084 
183 622 420 13868.32 1738.166 
185 633 409 13915.795 1737.583 
179 640 393 13882.422 1744.45 
178 643 376 13807.934 1734.958 
177 644 403 13892.215 1738.383 
158 676 382 13964.916 1743.431 
187 635 395 13834.92 1730.942 
184 636 390 13873.129 1742.194 
181 642 389 13866.381 1739.731 
