985 4725 2547 13408.988 1676.123 
880 4984 2402 13456.731 1681.685 
881 4981 2540 13475.292 1686.465 
880 4982 2540 13475.369 1686.478 
865 4992 2544 13486.244 1690.736 
931 4934 2579 13460.445 1685.813 
915 4938 2519 13442.362 1684.487 
931 4935 2579 13460.377 1685.789 
940 4942 2445 13454.19 1686.672 
940 4865 2524 13451.288 1684.633 
940 4865 2523 13451.323 1684.636 
884 4968 2443 13457.011 1683.571 
916 4918 2528 13460.61 1685.204 
982 4833 2551 13427.14 1681.167 
909 4943 2410 13449.834 1687.001 
921 4931 2504 13457.17 1686.289 
844 5000 2422 13444.735 1684.436 
935 4899 2526 13458.977 1684.584 
953 4833 2522 13450.08 1684.401 
954 4856 2601 13442.815 1682.689 
889 4976 2539 13464.82 1682.536 
903 4906 2545 13464.042 1685.498 
932 4918 2521 13466.172 1684.331 
911 4951 2446 13455.479 1682.302 
958 4856 2500 13450.682 1682.648 
981 4837 2505 13438.095 1682.129 
985 4832 2499 13457.327 1685.746 
928 4931 2523 13473.45 1685.874 
948 4935 2502 13481.696 1686.725 
943 4862 2534 13454.021 1684.653 
974 4779 2565 13420.596 1679.078 
955 4912 2521 13468.309 1688.155 
942 4863 2534 13453.773 1684.61 
942 4863 2533 13454.031 1684.654 
954 4913 2520 13468.217 1688.151 
951 4862 2526 13444.394 1684.736 
926 4890 2540 13461.006 1682.817 
918 4883 2528 13451.972 1686.965 
920 4930 2490 13473.96 1687.276 
956 4891 2432 13443.956 1681.112 
947 4954 2438 13467.594 1683.392 
930 4917 2515 13472.491 1684.085 
936 4872 2578 13471.335 1683.928 
847 4993 2483 13456.255 1681.802 
956 4839 2507 13456.864 1686.794 
969 4855 2544 13477.472 1683.747 
945 4868 2533 13455.285 1681.593 
982 4859 2542 13450.724 1681.189 
925 4933 2508 13473.055 1686.066 
941 4889 2542 13445.377 1680.18 
940 4890 2541 13445.289 1680.174 
986 4822 2539 13432.02 1678.615 
922 4942 2517 13468.394 1683.748 
833 5012 2472 13464.367 1682.164 
961 4874 2530 13431.635 1675.679 
867 4989 2422 13441.277 1680.337 
908 4967 2531 13469.62 1685.533 
857 5014 2463 13457.626 1683.514 
991 4809 2446 13416.296 1678.969 
923 4940 2496 13456.369 1684.398 
904 4945 2468 13471.671 1685.585 
900 4950 2557 13467.713 1687.947 
876 4953 2519 13478.296 1685.616 
911 4896 2577 13457.102 1686.918 
933 4862 2554 13449.337 1685.485 
885 4965 2526 13477.682 1685.977 
897 4965 2460 13456.682 1685.877 
957 4871 2479 13433.684 1680.091 
900 4943 2538 13485.597 1687.481 
947 4839 2561 13455.517 1683.72 
914 4862 2538 13449.161 1685.947 
888 4962 2422 13453.992 1686.301 
