587 2461 1450 13638.656 1706.35 
539 2547 1430 13674.403 1715.03 
567 2522 1440 13685.413 1713.712 
544 2553 1429 13671.567 1713.226 
546 2545 1445 13663.85 1709.944 
548 2551 1437 13681.105 1711.366 
549 2556 1415 13672.817 1710.5 
543 2558 1417 13688.946 1716.485 
537 2559 1424 13677.749 1715.261 
571 2526 1437 13671.323 1713.1 
553 2546 1431 13673.061 1711.004 
532 2581 1415 13691.147 1714.937 
592 2508 1430 13672.597 1713.551 
544 2566 1407 13680.811 1714.807 
538 2563 1418 13684.2 1716.157 
574 2545 1396 13684.845 1714.826 
575 2529 1432 13681.653 1712.251 
578 2520 1420 13663.015 1709.674 
553 2552 1412 13674.929 1713.457 
559 2547 1413 13682.808 1715.671 
567 2544 1431 13687.592 1712.948 
554 2551 1413 13675.583 1713.505 
568 2536 1427 13694.2 1709.877 
562 2533 1432 13666.796 1710.36 
563 2525 1447 13680.843 1712.176 
564 2550 1429 13673.615 1712.875 
577 2539 1396 13684.246 1712.937 
577 2516 1432 13673.096 1715.539 
580 2521 1399 13668.342 1712.99 
563 2548 1424 13690.188 1714.2 
576 2519 1441 13677.364 1715.58 
554 2549 1416 13678.405 1712.275 
544 2570 1417 13675.578 1712.821 
558 2544 1447 13680.587 1714.661 
582 2516 1416 13653.869 1711.671 
550 2542 1448 13680.527 1715.415 
532 2579 1404 13693.412 1716.655 
583 2477 1458 13639.909 1709.155 
602 2463 1408 13636.526 1711.102 
570 2517 1452 13667.726 1713.807 
597 2496 1412 13669.388 1715.32 
548 2555 1412 13658.328 1710.538 
577 2500 1452 13655.08 1710.456 
573 2509 1451 13667.941 1713.317 
585 2480 1448 13641.693 1710.932 
601 2513 1445 13686.504 1713.404 
546 2555 1423 13685.307 1711.724 
586 2504 1427 13681.566 1715.562 
555 2550 1409 13685.182 1717.517 
561 2528 1440 13665.941 1712.398 
579 2515 1425 13659.949 1709.871 
543 2565 1427 13676.137 1711.377 
577 2521 1400 13646.605 1706.712 
537 2568 1388 13679.249 1713.774 
575 2544 1429 13684.43 1715.754 
582 2517 1417 13663.151 1708.531 
591 2453 1454 13611.66 1703.558 
