693 3895 1946 13594.343 1706.068 
798 3859 2058 13672.288 1713.915 
791 3856 2082 13672.265 1710.792 
774 3875 2050 13660.032 1712.325 
772 3878 2044 13658.919 1714.162 
755 3882 2047 13656.528 1713.391 
789 3865 2074 13657.831 1710.655 
860 3758 2115 13637.898 1710.427 
782 3862 2063 13676.292 1713.62 
799 3847 2079 13657.58 1713.503 
847 3780 2108 13649.533 1711.938 
773 3856 2041 13666.366 1714.058 
855 3765 2109 13635.592 1710.684 
746 3894 2042 13638.417 1709.405 
840 3767 2112 13646.535 1707.212 
809 3850 2100 13667.578 1713.274 
828 3805 2121 13647.652 1709.104 
839 3805 2103 13652.285 1711.892 
807 3861 2109 13669.417 1713.19 
816 3847 2087 13667.599 1712.332 
814 3848 2085 13666.787 1712.25 
811 3844 2112 13665.613 1714.105 
811 3850 2091 13664.756 1712.331 
810 3828 2106 13664.793 1714.652 
850 3787 2086 13644.992 1710.941 
840 3795 2099 13651.366 1711.716 
854 3750 2113 13642.796 1708.739 
840 3805 2086 13658.167 1711.929 
817 3845 2100 13666.808 1711.928 
810 3846 2084 13661.521 1712.711 
855 3749 2113 13643.107 1708.726 
836 3805 2107 13664.704 1711.805 
857 3765 2102 13637.219 1708.653 
791 3864 2069 13656.12 1712.594 
784 3871 2089 13669.18 1712.547 
789 3871 2039 13661.602 1711.613 
817 3817 2121 13669.367 1713.305 
840 3799 2100 13640.099 1707.389 
796 3850 2060 13669.444 1712.958 
824 3812 2124 13665.763 1710.59 
836 3805 2100 13666.115 1710.462 
842 3785 2126 13642.24 1710.466 
846 3755 2117 13625.02 1708.39 
845 3785 2064 13646.181 1710.229 
778 3868 2068 13668.771 1713.001 
803 3840 2131 13675.448 1713.146 
793 3863 2072 13665.015 1712.663 
852 3778 2096 13648.603 1709.832 
826 3762 2127 13622.459 1705.396 
853 3777 2097 13648.737 1709.843 
839 3797 2106 13646.067 1709.477 
797 3853 2074 13673.855 1712.432 
742 3884 2045 13649.557 1711.925 
814 3839 2093 13667.607 1712.45 
841 3788 2097 13648.446 1707.726 
854 3785 2090 13642.831 1711.091 
743 3885 2029 13636.046 1711.5 
835 3838 2120 13675.817 1713.683 
865 3743 2080 13624.053 1704.611 
841 3800 2104 13638.286 1708.108 
835 3838 2119 13675.839 1713.686 
