502 2432 1315 13499.322 1688.719 
469 2441 1324 13454.811 1680.553 
490 2430 1239 13474.474 1694.529 
490 2456 1272 13498.832 1694.126 
502 2416 1317 13473.105 1687.873 
481 2492 1255 13507.068 1689.555 
476 2504 1297 13520.593 1691.299 
486 2494 1257 13498.179 1689.74 
432 2553 1242 13513.183 1691.185 
448 2532 1303 13507.608 1685.896 
383 2551 1244 13479.579 1685.328 
449 2531 1304 13508.053 1685.908 
492 2453 1291 13512.905 1693.345 
473 2489 1294 13514.6 1695.502 
438 2508 1275 13519.076 1691.367 
505 2466 1262 13498.342 1691.583 
456 2517 1279 13505.302 1691.418 
515 2414 1249 13448.865 1685.984 
501 2471 1260 13520.641 1689.681 
496 2456 1322 13504.405 1692.312 
495 2485 1292 13513.71 1689.373 
494 2486 1291 13512.961 1689.239 
488 2476 1268 13516.777 1694.057 
462 2497 1283 13505.925 1694.986 
437 2535 1199 13501.838 1692.753 
439 2543 1212 13501.81 1692.492 
525 2340 1280 13415.527 1678.798 
399 2559 1191 13455.69 1683.173 
484 2482 1258 13488.862 1690.284 
496 2464 1298 13480.851 1681.822 
481 2477 1323 13530.46 1695.336 
458 2479 1318 13504.246 1691.007 
463 2495 1282 13504.245 1694.82 
418 2528 1250 13481.413 1689.181 
468 2505 1313 13527.279 1694.667 
470 2501 1279 13528.786 1691.442 
510 2341 1323 13382.059 1676.387 
507 2428 1335 13486.418 1686.601 
478 2486 1301 13521.797 1698.369 
507 2428 1334 13486.482 1686.603 
508 2427 1335 13486.647 1686.604 
519 2408 1254 13436.976 1684.66 
474 2502 1276 13495.654 1691.802 
486 2480 1306 13528.102 1695.814 
494 2438 1324 13494.978 1687.97 
462 2495 1256 13521.887 1695.014 
470 2538 1255 13520.842 1688.616 
489 2476 1253 13500.926 1690.846 
457 2509 1273 13530.59 1694.794 
452 2514 1292 13504.591 1690.423 
459 2518 1271 13530.841 1698.562 
425 2549 1250 13501.05 1687.867 
515 2408 1313 13490.653 1692.023 
489 2464 1296 13491.188 1686.592 
421 2554 1226 13509.752 1692.348 
491 2434 1327 13493.438 1688.243 
464 2506 1288 13520.272 1691.458 
471 2526 1270 13529.353 1693.644 
481 2486 1271 13503.494 1692.016 
480 2486 1270 13503.169 1692.075 
503 2409 1316 13479.965 1693.476 
471 2526 1271 13528.987 1693.579 
475 2498 1266 13513.812 1692.56 
512 2444 1313 13514.544 1694.04 
511 2446 1313 13515.63 1694.188 
522 2399 1318 13471.189 1688.024 
500 2460 1321 13534.176 1692.802 
501 2459 1321 13534.109 1692.79 
500 2460 1320 13534.215 1692.803 
