153 676 362 13842.211 1746.371 
154 671 371 13864.678 1744.095 
135 696 371 13883.886 1751.414 
137 693 368 13864.491 1748.44 
134 698 363 13870.764 1745.417 
141 690 385 13883.388 1751.407 
163 663 391 13929.423 1753.369 
163 663 392 13931.047 1753.323 
162 664 392 13930.759 1753.268 
140 686 387 13904.062 1746.02 
151 670 371 13907.747 1754.973 
152 681 402 13934.439 1750.846 
157 655 390 13898.567 1755.841 
156 670 369 13854.636 1743.569 
151 682 402 13933.923 1750.769 
160 669 372 13868.367 1744.379 
157 666 400 13948.971 1750.749 
152 673 394 13891.516 1751.369 
145 689 384 13901.787 1749.355 
155 672 368 13856.978 1744.114 
157 664 400 13897.539 1753.657 
131 697 362 13916.541 1748.893 
155 667 387 13888.572 1755.544 
154 670 386 13891.43 1755.237 
133 696 385 13907.579 1744.727 
154 667 388 13860.344 1750.83 
170 642 390 13881.814 1747.76 
162 648 405 13905.027 1751.888 
178 620 384 13819.546 1741.526 
161 649 405 13904.268 1751.707 
135 691 368 13885.837 1751.934 
171 649 393 13865.516 1747.08 
164 655 391 13860.986 1744.915 
138 686 380 13917.257 1747.603 
163 653 404 13907.676 1755.126 
156 669 389 13905.621 1744.902 
158 661 397 13878.591 1744.433 
167 661 389 13930.554 1756.119 
148 682 387 13912.817 1753.787 
159 655 400 13890.162 1743.157 
156 669 387 13906.988 1750.502 
153 671 391 13918.901 1749.917 
155 670 387 13907.981 1750.805 
154 668 408 13890.003 1749.152 
171 628 406 13844.44 1748.015 
150 672 393 13922.056 1751.679 
155 662 414 13870.197 1745.453 
164 652 418 13913.732 1746.18 
170 645 394 13839.184 1741.792 
174 634 398 13840.875 1737.883 
169 652 409 13926.652 1748.332 
173 645 408 13855.453 1734.706 
176 634 395 13878.609 1741.432 
186 583 379 13660.195 1715.217 
177 631 400 13839.142 1745.419 
160 659 400 13878.395 1740.327 
159 658 403 13883.392 1752.855 
155 659 402 13881.353 1753.778 
159 666 394 13934.286 1746.831 
128 690 374 13888.255 1747.894 
163 656 396 13906.16 1746.142 
154 669 387 13908.11 1745.893 
163 665 392 13922.097 1746.649 
164 654 396 13900.615 1745.482 
145 681 403 13910.363 1754.171 
157 663 407 13889.12 1735.812 
164 655 401 13884.856 1741.58 
172 639 376 13853.859 1744.45 
172 634 407 13806.431 1739.769 
173 633 408 13807.149 1739.772 
164 646 409 13893.168 1749.42 
160 654 394 13886.089 1752.219 
156 667 396 13886.748 1749.054 
175 639 416 13845.364 1734.158 
128 684 372 13844.527 1752.145 
184 609 387 13736.81 1725.778 
181 630 424 13881.673 1738.508 
153 675 382 13874.813 1746.592 
165 653 414 13888.459 1742.835 
181 629 425 13880.224 1738.504 
161 656 396 13874.055 1748.165 
153 671 387 13942.262 1750.513 
163 647 408 13893.904 1749.445 
164 646 407 13893.669 1749.51 
183 616 393 13791.202 1727.183 
168 631 425 13841.118 1739.949 
169 640 424 13858.481 1743.54 
170 629 404 13854.484 1743.063 
164 651 393 13854.232 1750.732 
159 654 406 13889.096 1748.41 
149 675 392 13894.424 1752.469 
174 642 396 13847.954 1752.376 
174 629 401 13785.427 1741.463 
