654 3152 1678 13600.339 1704.908 
641 3168 1695 13611.294 1705.742 
635 3177 1663 13598.58 1701.92 
655 3151 1698 13615.742 1706.64 
612 3193 1672 13586.639 1702.355 
603 3196 1651 13596.827 1701.802 
589 3200 1644 13588.218 1704.026 
635 3157 1698 13590.864 1705.456 
604 3193 1633 13592.308 1704.467 
632 3177 1690 13606.707 1704.123 
620 3178 1718 13598.366 1703.349 
629 3148 1703 13586.44 1704.982 
587 3210 1655 13596.622 1702.883 
611 3206 1646 13588.193 1703.616 
611 3192 1644 13596.785 1702.064 
598 3226 1643 13604.415 1701.572 
658 3108 1726 13567.482 1702.094 
612 3191 1645 13596.939 1701.992 
627 3170 1657 13598.75 1706.102 
620 3177 1665 13597.635 1704.68 
651 3156 1677 13603.009 1705.766 
596 3193 1692 13586.774 1704.514 
684 3104 1726 13599.563 1701.92 
650 3080 1744 13547.961 1696.628 
610 3188 1665 13610.027 1702.105 
619 3188 1681 13603.525 1704.847 
652 3125 1726 13592.075 1707.04 
618 3152 1705 13588.086 1706.605 
613 3180 1672 13586.962 1706.135 
618 3151 1704 13587.516 1706.646 
601 3160 1720 13584.074 1699.873 
619 3150 1705 13588.078 1706.694 
617 3190 1708 13609.599 1704.601 
607 3164 1719 13583.961 1703.83 
644 3131 1737 13591.245 1701.758 
603 3185 1683 13608.386 1705.722 
599 3214 1604 13570.159 1699.416 
595 3194 1704 13590.727 1700.457 
608 3203 1681 13596.052 1703.653 
664 3133 1726 13588.89 1700.747 
650 3158 1727 13602.888 1702.87 
650 3158 1728 13602.883 1702.87 
660 3103 1727 13569.03 1699.4 
623 3133 1734 13560.646 1696.713 
632 3168 1717 13600.486 1701.566 
632 3167 1718 13600.23 1701.524 
603 3206 1684 13591.625 1701.565 
672 3070 1735 13549.32 1698.495 
671 3071 1734 13549.318 1698.494 
593 3225 1687 13616.41 1702.32 
601 3208 1661 13590.994 1703.419 
617 3143 1731 13558.098 1699.836 
651 3082 1728 13538.593 1696.526 
603 3193 1692 13592.463 1703.087 
559 3229 1672 13579.378 1698.433 
655 3081 1729 13540.357 1695.577 
689 3016 1710 13519.344 1690.411 
643 3146 1727 13586.907 1703.396 
641 3147 1726 13585.281 1703.116 
670 3146 1692 13606.303 1704.305 
652 3173 1690 13615.9 1704.61 
669 3144 1694 13604.736 1704.151 
626 3169 1666 13591.275 1706.038 
625 3184 1675 13585.447 1703.403 
641 3162 1698 13612.539 1705.357 
626 3186 1658 13598.328 1702.382 
652 3160 1711 13602.534 1703.592 
658 3147 1709 13601.35 1704.155 
673 3149 1688 13603.996 1705.87 
687 3143 1725 13620.08 1707.752 
607 3191 1699 13589.549 1704.344 
640 3175 1712 13612.884 1704.928 
625 3184 1674 13585.451 1703.403 
