911 4327 2302 13544.063 1697.543 
912 4326 2303 13543.987 1697.528 
914 4320 2284 13540.67 1697.149 
910 4332 2284 13542.5 1697.77 
939 4266 2328 13522.792 1693.253 
867 4425 2349 13591.732 1698.197 
833 4441 2336 13582.026 1698.005 
941 4217 2338 13508.885 1687.931 
845 4383 2367 13557.513 1694.102 
861 4379 2370 13573.862 1695.638 
905 4369 2340 13558.443 1698.36 
906 4368 2340 13558.299 1698.332 
908 4336 2337 13557.036 1696.855 
897 4348 2350 13528.072 1693.216 
898 4367 2349 13552.614 1697.124 
835 4440 2289 13566.161 1695.184 
902 4330 2360 13537.898 1693.58 
899 4378 2320 13557.587 1697.953 
889 4376 2304 13558.578 1697.731 
774 4468 2294 13546.678 1697.212 
794 4444 2320 13553.504 1698.448 
909 4336 2346 13563.894 1694.834 
919 4336 2350 13556.856 1695.835 
901 4331 2358 13552.898 1694.204 
861 4358 2357 13557.208 1697.675 
890 4367 2338 13559.984 1696.2 
892 4341 2358 13536.542 1693.602 
873 4375 2340 13548.34 1698.546 
924 4262 2333 13511.105 1693.326 
926 4285 2346 13529.396 1693.279 
902 4364 2343 13568.845 1697.556 
894 4372 2352 13558.927 1692.742 
913 4301 2342 13535.661 1696.571 
915 4328 2388 13555.482 1696.083 
922 4307 2407 13553.59 1694.524 
914 4299 2342 13535.102 1696.491 
891 4386 2362 13570.504 1695.487 
869 4397 2315 13571.971 1697.241 
885 4378 2313 13569.23 1697.957 
871 4394 2355 13566.627 1695.932 
888 4377 2332 13559.314 1695.567 
926 4307 2361 13538.915 1689.534 
806 4444 2241 13530.848 1691.684 
873 4403 2307 13573.611 1699.323 
842 4389 2357 13558.757 1693.723 
883 4404 2326 13568.961 1698.029 
873 4403 2306 13574.387 1699.428 
