730 3664 1891 13482.381 1688.795 
755 3578 1866 13418.813 1678.194 
732 3678 1921 13479.077 1686.227 
706 3673 1935 13489.264 1687.402 
717 3681 1933 13498.733 1687.182 
747 3617 1903 13467.088 1686.792 
690 3711 1952 13465.806 1685.742 
706 3711 1891 13503.352 1686.432 
678 3760 1871 13487.154 1689.038 
740 3619 1894 13458.446 1686.162 
741 3618 1895 13458.554 1686.172 
754 3565 1915 13437.407 1680.345 
754 3566 1914 13437.965 1680.449 
695 3716 1920 13501.644 1690.644 
753 3600 1960 13446.747 1682.669 
694 3717 1919 13501.6 1690.64 
760 3535 1887 13434.249 1683.599 
751 3624 1928 13463.067 1685.303 
679 3732 1939 13500.593 1687.758 
682 3712 1944 13455.252 1683.364 
771 3573 1950 13433.899 1682.028 
704 3741 1833 13465.831 1687.96 
708 3739 1895 13492.471 1692.615 
767 3576 1897 13413.543 1678.738 
677 3759 1915 13501.858 1690.419 
707 3690 1922 13485.726 1685.037 
717 3694 1888 13485.069 1685.948 
687 3761 1911 13495.941 1687.174 
740 3660 1905 13459.61 1682.843 
718 3697 1892 13460.446 1683.891 
700 3712 1939 13511.183 1691.998 
700 3712 1941 13511.325 1691.85 
700 3711 1942 13511.543 1691.941 
748 3630 1973 13481.266 1685.87 
690 3729 1938 13486.785 1686.766 
711 3687 1947 13473.752 1688.427 
672 3728 1919 13507.55 1693.259 
660 3742 1947 13486.423 1687.956 
690 3753 1850 13488.675 1689.586 
675 3747 1924 13471.593 1687.136 
678 3746 1932 13507.822 1691.183 
674 3748 1923 13470.842 1686.996 
692 3709 1954 13494.742 1687.363 
701 3710 1942 13510.767 1691.788 
738 3673 1959 13480.562 1688.976 
673 3761 1864 13469.131 1687.923 
672 3774 1855 13495.372 1689.243 
673 3707 1925 13507.739 1692.064 
693 3752 1919 13503.449 1692.91 
728 3697 1876 13483.336 1684.962 
739 3675 1888 13492.34 1687.717 
712 3673 1954 13477.824 1689.043 
671 3798 1893 13516.757 1692.31 
703 3677 1942 13484.85 1689.09 
732 3685 1917 13486.747 1688.338 
703 3687 1912 13490.722 1688.37 
727 3685 1889 13490.379 1688.238 
702 3699 1942 13468.39 1688.801 
699 3702 1950 13492.991 1686.901 
674 3758 1919 13507.367 1687.956 
703 3689 1911 13492.073 1688.557 
726 3699 1870 13479.19 1686.623 
754 3605 1907 13457.457 1687.795 
727 3686 1888 13490.282 1688.238 
696 3733 1927 13476.291 1689.99 
711 3729 1896 13491.122 1689.96 
717 3702 1935 13479.9 1691.136 
709 3648 1964 13469.874 1687.238 
741 3654 1860 13445.278 1681.177 
741 3644 1885 13476.749 1682.401 
747 3644 1873 13457.409 1681.051 
661 3763 1899 13500.653 1688.467 
726 3689 1902 13480.081 1687.272 
660 3775 1898 13505.768 1690.08 
704 3711 1940 13492.685 1687.162 
697 3678 1958 13459.265 1684.917 
696 3679 1958 13459.683 1685.011 
709 3700 1941 13478.549 1686.804 
719 3684 1919 13483.632 1685.109 
693 3680 1959 13455.436 1683.373 
696 3678 1958 13459.748 1684.916 
745 3636 1903 13454.982 1683.936 
680 3714 1951 13472.526 1688.355 
729 3669 1892 13486.83 1689.43 
752 3614 1853 13440.726 1679.44 
746 3634 1904 13458.816 1681.305 
705 3683 1919 13481.725 1685.539 
740 3686 1909 13472.131 1682.571 
718 3708 1890 13482.537 1684.912 
706 3703 1917 13467.103 1683.797 
716 3716 1909 13501.674 1691.668 
701 3723 1900 13488.165 1685.062 
