878 3804 2175 13688.198 1711.443 
853 3852 2201 13716.941 1715.637 
874 3835 2162 13710.53 1714.792 
824 3873 2199 13713.501 1715.43 
841 3884 2176 13726.201 1715.66 
833 3882 2193 13717.423 1713.85 
832 3871 2199 13721.154 1714.922 
845 3875 2160 13720.44 1715.781 
854 3870 2173 13721.645 1716.024 
838 3885 2157 13720.553 1716.751 
811 3915 2149 13726.303 1715.175 
848 3878 2164 13712.643 1713.136 
847 3881 2162 13721.195 1714.646 
844 3881 2161 13722.872 1715.019 
840 3879 2185 13730.137 1716.494 
841 3877 2186 13729.642 1716.539 
856 3865 2180 13714.721 1714.798 
847 3885 2147 13723.955 1716.053 
831 3895 2179 13725.836 1716.472 
826 3891 2174 13725.432 1718.086 
873 3834 2205 13712.412 1714.54 
835 3870 2207 13722.042 1717.731 
877 3814 2199 13709.714 1714.255 
846 3876 2164 13716.025 1716.045 
873 3833 2206 13711.962 1714.4 
882 3796 2183 13691.741 1711.175 
866 3862 2200 13733.318 1718.303 
871 3849 2184 13712.869 1712.849 
837 3892 2189 13730.574 1716.697 
855 3866 2185 13712.468 1716.132 
875 3827 2214 13710.547 1714.336 
844 3866 2177 13722.09 1717.242 
808 3917 2176 13730.23 1717.277 
850 3866 2201 13717.169 1716.678 
855 3852 2203 13709.605 1714.254 
836 3901 2147 13719.606 1716.801 
842 3874 2176 13716.917 1715.7 
857 3866 2161 13711.543 1716.147 
848 3879 2150 13709.325 1714.971 
850 3865 2173 13722.466 1717.014 
876 3836 2202 13715.541 1714.328 
869 3848 2216 13724.878 1716.065 
847 3879 2152 13713.249 1715.355 
818 3908 2142 13712.518 1715.605 
816 3905 2161 13715.115 1715.483 
843 3879 2171 13719.93 1716.192 
839 3879 2186 13725.157 1716.808 
829 3871 2203 13721.229 1715.759 
846 3872 2198 13728.741 1716.882 
847 3875 2166 13712.936 1716.455 
848 3873 2150 13713.502 1714.471 
841 3884 2168 13726.908 1716.561 
858 3851 2221 13726.27 1716.703 
840 3893 2167 13716.058 1714.884 
847 3877 2172 13718.397 1714.476 
870 3843 2201 13721.877 1715.294 
840 3887 2186 13723.708 1716.041 
841 3891 2167 13715.267 1714.821 
853 3864 2178 13722.72 1716.999 
851 3864 2198 13724.283 1715.67 
840 3890 2185 13714.459 1715.125 
849 3872 2187 13716.439 1714.711 
855 3866 2189 13722.885 1716.055 
825 3875 2195 13713.251 1715.745 
857 3863 2174 13716.117 1713.162 
830 3884 2158 13724.851 1718.674 
839 3879 2173 13721.719 1717.319 
843 3876 2195 13719.281 1714.862 
831 3904 2189 13723.48 1716.149 
828 3910 2175 13719.784 1715.259 
847 3866 2186 13718.612 1716.175 
811 3915 2171 13712.039 1713.703 
863 3851 2201 13712.565 1715.518 
838 3885 2194 13710.168 1714.298 
