972 4977 2623 13527.67 1696.281 
951 4941 2659 13518.846 1693.92 
1004 4938 2610 13523.014 1694.986 
994 4961 2599 13518.131 1688.657 
1011 4930 2592 13516.027 1690.162 
986 4968 2581 13515.466 1693.722 
988 4959 2618 13532.299 1692.309 
979 4931 2660 13496.352 1687.981 
1049 4850 2634 13503.754 1690.744 
998 4969 2583 13514.569 1691.125 
1023 4913 2642 13535.521 1696.288 
989 4961 2553 13531.27 1695.028 
1053 4829 2616 13501.741 1688.23 
1002 4939 2648 13544.965 1694.582 
999 4950 2569 13533.545 1694.856 
1010 4942 2558 13512.2 1691.26 
995 4927 2658 13526.255 1693.612 
1001 4942 2648 13545.994 1694.674 
993 4954 2584 13529.815 1695.072 
1049 4877 2606 13533.642 1691.491 
949 4947 2637 13502.509 1693.425 
933 4963 2629 13503.794 1692.55 
976 4944 2628 13522.769 1689.638 
992 4959 2611 13534.386 1696.175 
973 4964 2613 13534.665 1693.223 
1000 4949 2615 13544.183 1697.485 
980 4961 2572 13526.782 1697.038 
1017 4915 2574 13521.419 1690.607 
988 5031 2578 13559.256 1695.716 
1002 4973 2544 13517.884 1691.964 
1028 4908 2614 13525.379 1692.07 
1006 4917 2646 13529.496 1695.583 
962 4962 2634 13520.325 1691.875 
930 4981 2610 13513.501 1693.495 
993 4964 2550 13530.193 1693.698 
1034 4910 2618 13524.338 1693.166 
966 4964 2624 13520.384 1693.677 
1010 4918 2605 13516.114 1691.702 
945 5051 2502 13541.461 1694.242 
983 4964 2627 13533.708 1691.675 
1013 4918 2632 13499.024 1689.782 
958 4982 2607 13528.094 1694.235 
932 5021 2611 13530.155 1693.385 
991 4976 2579 13514.965 1688.995 
928 5013 2623 13531.783 1696.597 
965 4956 2625 13519.865 1693.176 
1013 4924 2582 13529.906 1692.951 
984 4972 2596 13515.135 1689.643 
986 4981 2586 13524.471 1689.984 
1005 4928 2617 13514.687 1689.608 
1002 4951 2599 13536.289 1694.435 
1007 4939 2602 13507.035 1692.744 
944 4993 2615 13520.406 1692.984 
974 4978 2597 13525.699 1694.926 
943 5005 2606 13518.051 1690.334 
966 4956 2643 13534.335 1693.11 
895 5036 2568 13509.573 1688.803 
986 4962 2604 13518.642 1693.167 
977 4976 2600 13529.852 1689.551 
936 5009 2608 13523.514 1693.185 
1047 4898 2673 13540.597 1694.006 
963 5018 2605 13552.073 1694.549 
982 4977 2596 13529.769 1692.325 
966 4985 2587 13503.248 1693.833 
991 4954 2565 13538.914 1697.277 
1007 4921 2621 13507.545 1688.408 
930 4997 2629 13527.23 1690.099 
966 5000 2592 13521.887 1693.317 
1002 4928 2649 13528.092 1692.642 
974 4970 2615 13516.823 1691.362 
936 5042 2525 13523.326 1692.817 
935 4981 2616 13516.102 1687.323 
