534 2576 1389 13657.038 1709.01 
544 2563 1369 13653.176 1708.637 
541 2570 1389 13652.607 1706.829 
541 2581 1386 13656.616 1708.105 
540 2582 1386 13656.597 1708.101 
538 2572 1420 13670.847 1714.026 
533 2572 1403 13663.687 1714.277 
542 2554 1431 13666.005 1711.941 
525 2589 1412 13656.373 1712.28 
544 2562 1412 13663.201 1710.261 
545 2561 1413 13663.161 1710.257 
557 2549 1387 13661.596 1715.081 
542 2557 1435 13661.543 1710.121 
532 2581 1422 13683.92 1712.528 
549 2547 1439 13677.111 1712.492 
566 2525 1434 13663.615 1709.171 
515 2605 1412 13678.747 1711.781 
532 2587 1419 13678.834 1712.435 
568 2537 1427 13661.064 1711.201 
539 2540 1453 13650.751 1709.526 
568 2538 1415 13662.663 1710.856 
561 2530 1443 13673.261 1711.391 
553 2559 1390 13649.512 1713.006 
542 2557 1435 13661.466 1710.122 
557 2543 1427 13678.649 1717.854 
527 2581 1425 13666.021 1708.754 
518 2582 1420 13643.496 1704.646 
544 2566 1414 13657.898 1708.369 
542 2558 1435 13662.446 1710.117 
518 2594 1417 13663.345 1708.757 
517 2556 1449 13640.197 1704.978 
573 2492 1453 13636.767 1708.843 
566 2540 1391 13643.496 1710.14 
549 2550 1434 13682.758 1713.213 
540 2564 1394 13654.586 1712.394 
540 2541 1452 13662.507 1707.759 
569 2527 1435 13657.477 1714.791 
568 2528 1433 13656.916 1714.782 
537 2565 1437 13676.405 1712.498 
543 2555 1416 13662.614 1712.286 
539 2555 1407 13662.145 1713.685 
551 2554 1428 13662.397 1714.559 
540 2554 1429 13666.504 1713.161 
568 2523 1452 13658.555 1713.49 
579 2513 1438 13656.965 1710.708 
545 2558 1387 13661.022 1713.245 
549 2538 1458 13663.931 1711.66 
551 2538 1456 13647.061 1705.089 
564 2540 1442 13679.014 1712.34 
552 2551 1437 13659.937 1710.294 
561 2553 1434 13682.006 1714.825 
570 2506 1430 13633.171 1710.892 
533 2582 1413 13675.033 1710.538 
519 2620 1406 13692.302 1714.363 
510 2597 1424 13669.257 1711.735 
563 2544 1429 13660.279 1708.735 
522 2589 1410 13675.768 1714.824 
540 2559 1411 13659.345 1712.304 
545 2557 1421 13666.075 1708.517 
588 2497 1400 13630.882 1707.931 
576 2517 1402 13636.474 1706.313 
581 2491 1417 13630.289 1710.849 
568 2512 1462 13648.015 1710.034 
597 2501 1406 13634.809 1706.393 
582 2511 1447 13642.37 1708.644 
529 2555 1427 13653.172 1712.824 
531 2575 1374 13644.854 1713.917 
527 2573 1427 13665.872 1711.743 
548 2552 1439 13667.64 1711.56 
549 2551 1440 13667.503 1711.542 
524 2568 1432 13654.338 1707.827 
591 2494 1422 13637.674 1708.033 
591 2494 1423 13637.868 1708.022 
543 2534 1443 13651.382 1712.531 
513 2589 1420 13671.642 1712.524 
549 2559 1428 13665.228 1710.218 
541 2567 1421 13664.211 1710.884 
603 2491 1452 13661.676 1709.597 
577 2513 1448 13653.867 1710.707 
593 2485 1420 13624.291 1709.982 
553 2531 1443 13636.906 1709.357 
550 2544 1442 13652.307 1707.33 
509 2603 1426 13674.558 1711.567 
584 2516 1437 13660.974 1710.502 
575 2527 1418 13658.306 1711.72 
560 2554 1402 13669.771 1711.035 
541 2557 1411 13652.604 1713.525 
