650 3087 1695 13532.599 1696.582 
627 3102 1704 13549.652 1695.552 
626 3148 1700 13567.105 1699.027 
640 3128 1692 13553.598 1696.072 
650 3103 1677 13527.479 1692.058 
619 3144 1707 13559.944 1697.09 
673 3050 1729 13521.831 1693.287 
623 3123 1705 13546.021 1693.551 
643 3086 1682 13548.718 1701.086 
649 3097 1689 13544.15 1698.022 
687 3056 1702 13529.53 1693.863 
652 3102 1687 13542.272 1693.532 
651 3103 1674 13547.606 1694.804 
647 3102 1649 13544.275 1698.581 
599 3199 1686 13578.122 1702.234 
664 3063 1722 13526.398 1694.727 
686 3057 1701 13528.482 1693.723 
643 3103 1697 13548.591 1697.735 
615 3153 1660 13563.039 1701.721 
636 3152 1681 13580.396 1701.791 
649 3103 1679 13536.141 1693.209 
634 3091 1712 13544.636 1695.421 
651 3060 1735 13535.314 1694.92 
643 3089 1736 13544.645 1696.11 
604 3136 1708 13556.089 1694.54 
627 3115 1705 13549.373 1696.01 
611 3117 1720 13542.431 1696.587 
679 3085 1703 13564.03 1701.604 
622 3147 1706 13575.317 1699.27 
649 3084 1713 13551.442 1697.633 
676 3045 1707 13530.56 1695.926 
655 3100 1668 13552.091 1699.964 
662 3078 1707 13530.249 1695.313 
640 3098 1709 13547.346 1697.01 
647 3089 1706 13533.916 1697.982 
631 3134 1687 13564.06 1698.87 
668 3060 1710 13535.11 1693.421 
651 3105 1650 13540.752 1695.856 
660 3091 1689 13548.644 1697.349 
601 3166 1664 13540.348 1695.22 
624 3143 1687 13544.831 1699.602 
662 3085 1714 13549.715 1694.892 
669 3026 1719 13536.16 1693.811 
641 3122 1682 13552.399 1698.256 
646 3098 1688 13547.317 1694.438 
644 3099 1710 13544.064 1699.518 
658 3085 1708 13538.47 1696.137 
653 3083 1705 13546.579 1695.061 
646 3115 1670 13568.003 1696.393 
609 3149 1685 13567.146 1700.011 
638 3126 1695 13556.048 1697.809 
633 3129 1688 13558.59 1697.435 
651 3065 1704 13530.194 1697.878 
617 3124 1694 13558.726 1699.589 
663 3058 1720 13536.966 1691.969 
651 3091 1677 13542.277 1698.198 
678 3022 1712 13524.485 1695.086 
665 3050 1722 13521.021 1696.143 
637 3127 1652 13534.834 1698.834 
650 3091 1699 13542.028 1693.367 
642 3121 1706 13547.404 1699.179 
