120 679 370 13872.79 1742.057 
128 666 371 13856.054 1742.148 
130 681 366 13852.098 1735.974 
129 674 373 13779.69 1728.695 
146 649 388 13847.149 1743.447 
154 648 392 13823.705 1735.477 
169 639 375 13766.182 1720.433 
168 630 380 13851.95 1734.285 
154 655 383 13806.109 1736.102 
153 656 382 13802.878 1735.424 
170 623 376 13738.966 1719.547 
161 642 394 13838.21 1742.514 
141 662 381 13850.635 1737.813 
168 631 388 13835.958 1730.204 
138 667 376 13816.05 1727.722 
154 654 384 13817.135 1735.737 
144 666 387 13851.201 1732.539 
134 673 364 13831.333 1727.116 
140 671 367 13839.428 1732.649 
143 648 397 13807.255 1729.669 
116 680 377 13801.951 1727.92 
140 671 366 13836.524 1732.782 
148 661 366 13850.366 1737.042 
161 614 403 13770.65 1730.397 
138 662 385 13870.923 1742.293 
127 676 367 13856.554 1736.905 
142 660 393 13785.803 1732.298 
110 689 355 13819.764 1735.623 
132 669 377 13831.909 1735.113 
154 650 384 13825.783 1739.138 
150 654 362 13811.379 1739.132 
150 653 390 13845.063 1741.041 
173 614 381 13755.218 1727.534 
145 659 396 13840.373 1735.209 
167 631 388 13818.474 1730.599 
127 674 377 13812.115 1738.072 
168 625 392 13804.557 1728.971 
171 610 387 13732.015 1719.529 
175 595 379 13720.808 1723.435 
170 616 371 13757.08 1729.229 
169 624 378 13781.513 1732.667 
131 671 380 13838.563 1741.592 
146 655 380 13858.447 1740.279 
126 683 360 13828.578 1737.469 
134 666 377 13832.568 1734.566 
170 604 390 13720.687 1716.949 
147 632 405 13749.231 1722.793 
129 682 362 13836.242 1737.104 
125 675 370 13830.467 1730.354 
135 668 379 13832.048 1741.404 
150 642 381 13817.903 1742.739 
156 648 379 13811.032 1733.081 
174 594 387 13691.363 1720.758 
150 652 396 13869.987 1742.032 
157 648 372 13861.005 1741.266 
137 672 376 13872.147 1739.68 
133 678 355 13832.918 1738.713 
136 667 363 13825.999 1739.735 
148 660 378 13848.653 1740.665 
157 627 402 13760.588 1723.642 
119 673 380 13781.095 1729.577 
168 641 377 13841.835 1734.662 
151 652 376 13837.33 1742.38 
122 678 368 13848.631 1741.096 
115 683 363 13827.879 1737.818 
160 657 372 13848.382 1735.27 
165 647 398 13868.908 1740.168 
166 646 400 13871.492 1740.145 
133 665 382 13844.693 1741.179 
154 664 361 13851.647 1735.57 
142 664 364 13823.683 1732.983 
144 659 383 13852.655 1742.198 
154 646 387 13813.57 1741.208 
115 680 380 13816.746 1737.164 
140 654 384 13782.284 1739.397 
147 663 357 13826.1 1739.847 
154 651 378 13832.355 1732.984 
139 667 372 13827.473 1729.582 
141 666 353 13783.382 1734.166 
155 645 388 13816.355 1741.811 
167 635 386 13790.994 1734.732 
130 666 370 13819.902 1741.612 
119 682 366 13812.446 1738.704 
138 664 386 13840.464 1744.86 
148 657 378 13843.331 1742.161 
131 667 387 13822.439 1740.201 
122 664 388 13776.259 1726.567 
146 661 379 13844.731 1744.702 
145 662 378 13843.065 1744.332 
136 665 360 13854.81 1744.824 
141 664 349 13825.801 1740.669 
134 678 365 13819.858 1744.939 
104 694 356 13796.648 1738.42 
138 663 358 13845.013 1740.99 
146 660 359 13863.472 1735.993 
138 663 357 13845.186 1741.029 
142 656 367 13851.541 1743.275 
125 681 333 13758.766 1738.848 
131 668 358 13827.349 1743.011 
137 673 353 13825.74 1739.989 
