950 4294 2366 13550.473 1699.637 
926 4370 2407 13594.185 1706.461 
936 4343 2390 13588.824 1705.579 
912 4406 2404 13595.503 1706.863 
906 4395 2437 13594.311 1705.643 
916 4395 2377 13581.913 1704.402 
913 4422 2381 13600.826 1706.524 
926 4374 2396 13583.546 1703.64 
910 4438 2387 13602.482 1706.922 
905 4404 2422 13590.085 1703.273 
908 4435 2392 13610.39 1706.273 
922 4384 2399 13595.917 1706.942 
922 4384 2401 13595.783 1706.919 
869 4489 2329 13616.726 1707.998 
915 4402 2421 13606.442 1705.578 
942 4301 2408 13557.401 1697.927 
920 4313 2432 13556.402 1698.952 
847 4513 2344 13619.069 1706.266 
904 4430 2390 13614.506 1706.875 
921 4312 2433 13556.219 1698.986 
922 4311 2433 13556.113 1698.981 
863 4486 2353 13612.508 1706.535 
836 4487 2359 13599.393 1706.778 
903 4422 2408 13609.914 1709.531 
832 4515 2336 13608.812 1705.907 
903 4421 2408 13609.979 1709.456 
896 4443 2423 13612.366 1707.958 
902 4364 2424 13587.205 1707.076 
852 4490 2334 13601.63 1707.692 
886 4405 2436 13596.967 1707.594 
903 4413 2409 13600.284 1708.748 
887 4456 2414 13620.075 1709.29 
895 4390 2429 13598.061 1704.033 
906 4391 2420 13602.914 1705.729 
914 4386 2408 13598.249 1707.138 
901 4452 2361 13614.558 1708.428 
919 4392 2356 13600.935 1703.743 
891 4465 2415 13608.8 1707.323 
872 4452 2429 13609.812 1705.051 
933 4364 2417 13578.204 1701.013 
861 4502 2358 13617.754 1707.585 
921 4389 2400 13591.031 1703.294 
889 4440 2435 13601.507 1704.033 
809 4500 2365 13584.293 1703.414 
920 4373 2413 13592.711 1704.51 
932 4346 2427 13602.855 1708.821 
796 4539 2292 13591.577 1704.233 
910 4420 2385 13606.335 1705.155 
847 4482 2362 13609.51 1707.889 
918 4418 2413 13615.036 1703.637 
876 4472 2412 13623.466 1708.404 
873 4482 2388 13617.957 1707.629 
892 4451 2399 13625.682 1709.495 
885 4463 2398 13624.013 1710.182 
894 4450 2404 13619.164 1708.413 
829 4491 2360 13601.583 1703.304 
894 4454 2422 13620.146 1706.785 
884 4468 2405 13629.625 1709.327 
896 4458 2357 13614.98 1707.643 
902 4452 2410 13618.986 1707.501 
851 4476 2399 13605.11 1705.535 
919 4313 2433 13544.238 1700.456 
907 4436 2419 13610.313 1706.988 
878 4465 2381 13608.81 1710.699 
905 4438 2404 13605.794 1707.811 
910 4425 2355 13601.18 1707.629 
900 4425 2409 13610.258 1711.129 
840 4498 2359 13606.423 1705.429 
895 4441 2400 13607.295 1708.161 
898 4414 2435 13596.954 1705.068 
896 4442 2374 13598.899 1708.601 
882 4475 2409 13630.699 1709.474 
909 4403 2408 13594.341 1707.412 
906 4397 2409 13592.728 1707.839 
