1023 5079 2754 13615.275 1709.001 
999 5116 2701 13617.952 1709.57 
1058 5048 2785 13622.285 1709.133 
1073 5028 2797 13620.286 1709.119 
1037 5083 2745 13617.957 1708.461 
1021 5129 2743 13626.807 1708.828 
1061 5056 2793 13619.221 1708.256 
1059 5059 2781 13633.782 1710.348 
1055 5081 2790 13625.24 1708.832 
1049 5062 2775 13624.331 1708.854 
1021 5119 2751 13622.81 1705.942 
1062 5050 2778 13627.467 1710.141 
1063 5066 2769 13623.205 1710.718 
1037 5124 2724 13624.469 1706.453 
1057 5073 2761 13623.94 1710.652 
1065 5044 2778 13609.781 1706.802 
1043 5077 2749 13617.307 1710.511 
1033 5101 2743 13618.908 1708.013 
1055 5057 2791 13623.948 1710.477 
1044 5109 2735 13638.495 1709.372 
1049 5091 2692 13620.684 1706.908 
1030 5102 2758 13621.701 1707.446 
1040 5091 2766 13624.518 1708.402 
1040 5090 2744 13628.364 1708.224 
1066 5034 2783 13599.445 1704.272 
1053 5083 2767 13620.925 1708.403 
1065 5026 2799 13620.355 1708.698 
1086 5016 2746 13604.742 1703.937 
1047 5107 2737 13629.195 1708.319 
1067 5053 2774 13619.868 1706.998 
1058 5045 2795 13613.206 1706.495 
1034 5097 2736 13619.204 1709.863 
1070 5036 2766 13603.299 1707.223 
1028 5095 2771 13624.109 1708.646 
1050 5060 2779 13624.441 1709.252 
1087 5008 2815 13616.923 1708.145 
1024 5103 2747 13615.027 1707.92 
1003 5140 2717 13624.783 1707.537 
1051 5044 2793 13619.416 1707.148 
1087 5009 2814 13617.182 1708.18 
1045 5095 2761 13624.912 1706.285 
1037 5097 2758 13618.553 1707.963 
1025 5116 2741 13622.13 1708.225 
1043 5063 2780 13616.623 1709.308 
1066 5078 2774 13629.819 1709.921 
1082 5013 2776 13613.66 1705.822 
1073 5052 2765 13622.264 1708.071 
1065 5037 2794 13618.14 1708.478 
1057 5067 2765 13620.299 1710.146 
1026 5138 2734 13623.166 1707.415 
1097 5005 2781 13621.308 1708.201 
1022 5108 2737 13625.253 1708.362 
1062 5045 2788 13605.183 1704.67 
1048 5050 2794 13609.221 1707.675 
1031 5096 2777 13620.391 1705.791 
1019 5141 2698 13625.98 1708.558 
1020 5140 2699 13626.458 1708.624 
