554 3200 1644 13565.251 1697.94 
557 3187 1655 13552.06 1697.207 
534 3211 1575 13519.012 1691.23 
610 3150 1668 13550.205 1695.966 
629 3113 1663 13538.161 1693.223 
604 3121 1673 13535.576 1694.939 
610 3143 1644 13554.248 1695.556 
642 3092 1666 13533.133 1692.652 
640 3064 1668 13530.218 1694.441 
599 3163 1606 13541.207 1698.937 
600 3142 1637 13548.039 1696.025 
637 3077 1671 13503.978 1691.454 
650 3034 1662 13492.364 1683.677 
643 3105 1661 13554.031 1696.67 
624 3110 1677 13537.237 1692.924 
641 3118 1658 13551.664 1697.339 
577 3168 1625 13539.137 1695.731 
661 3063 1648 13517.639 1689.289 
640 3120 1658 13552.258 1697.366 
524 3205 1561 13524.558 1694.713 
644 3088 1597 13512.446 1689.495 
649 3068 1632 13497.755 1689.426 
614 3140 1641 13555.007 1696.121 
567 3172 1621 13537.185 1697.08 
594 3135 1677 13540.402 1693.986 
598 3157 1664 13559.03 1694.235 
664 3054 1658 13506.306 1691.14 
654 3021 1679 13485.246 1684.247 
584 3176 1604 13546.638 1693.408 
605 3172 1623 13556.826 1694.695 
637 3094 1669 13534.424 1693.829 
647 3102 1641 13526.486 1689.039 
586 3193 1612 13559.037 1692.927 
641 3115 1663 13544.752 1689.43 
662 3030 1678 13506.221 1691.13 
606 3161 1616 13535.925 1689.89 
647 3062 1706 13525.274 1695.223 
634 3098 1670 13519.691 1688.295 
644 3081 1687 13526.76 1691.153 
588 3174 1616 13543.181 1689.769 
643 3082 1686 13526.752 1691.325 
617 3113 1684 13548.064 1695.172 
653 3053 1648 13530.055 1691.933 
656 3011 1681 13476.156 1685.273 
625 3144 1664 13560.673 1695.336 
594 3116 1644 13538.352 1698.584 
624 3145 1663 13560.204 1695.311 
587 3165 1650 13544.303 1695.508 
639 3133 1659 13573.183 1698.292 
574 3184 1649 13531.799 1694.499 
566 3164 1636 13552.177 1694.561 
601 3153 1663 13545.055 1696.099 
589 3137 1675 13541.022 1698.062 
590 3158 1656 13554.671 1697.615 
568 3171 1660 13534.891 1694.817 
578 3169 1632 13538.797 1691.291 
613 3126 1666 13527.777 1692.058 
581 3131 1678 13534.437 1693.21 
614 3098 1665 13528.518 1695.699 
571 3189 1627 13554.826 1694.73 
570 3190 1626 13554.899 1694.742 
670 2982 1635 13496.8 1686.564 
657 3039 1656 13521.232 1689.005 
568 3159 1618 13547.538 1695.206 
597 3160 1610 13559.73 1697.042 
648 3087 1664 13558.977 1697.414 
614 3113 1685 13531.004 1690.845 
607 3122 1670 13549.542 1693.503 
575 3164 1625 13545.832 1695.761 
611 3115 1678 13533.39 1692.213 
573 3178 1617 13569.375 1697.58 
632 3094 1686 13551.698 1694.563 
599 3146 1664 13560.258 1693.324 
608 3105 1676 13551.109 1692.838 
623 3067 1669 13527.836 1694.9 
617 3104 1694 13549.378 1693.104 
610 3148 1626 13560.839 1695.927 
654 3029 1645 13507.402 1690.522 
609 3150 1625 13561.18 1695.948 
606 3153 1607 13556.057 1697.574 
