585 3096 1617 13477.254 1687.666 
590 3076 1577 13477.379 1689.313 
579 3122 1573 13500.95 1686.417 
584 3081 1517 13476.729 1690.823 
515 3184 1554 13466.024 1682.965 
582 3111 1572 13498.048 1689.124 
600 3087 1627 13490.807 1688.316 
627 3029 1593 13465.702 1685.598 
606 3072 1580 13473.837 1686.906 
594 3067 1581 13492.659 1690.224 
625 3031 1591 13465.602 1685.576 
595 3080 1573 13477.882 1690.371 
623 3039 1574 13472.415 1685.263 
628 3032 1577 13451.927 1687.212 
592 3072 1605 13492.313 1689.228 
579 3079 1555 13489.506 1690.502 
624 2995 1618 13425.47 1681.204 
638 2980 1602 13465.945 1685.821 
625 2993 1628 13453.825 1682.879 
580 3068 1625 13483.89 1691.81 
605 3088 1576 13502.246 1688.815 
585 3102 1583 13483.672 1689.096 
596 3050 1545 13470.433 1690.282 
600 3099 1569 13510.033 1689.792 
593 3129 1606 13495.783 1688.559 
574 3101 1589 13512.111 1692.435 
570 3141 1596 13540.05 1694.188 
637 2997 1578 13445.801 1682.939 
614 3074 1575 13462.449 1686.784 
563 3099 1619 13488.065 1690.733 
559 3132 1626 13506.621 1691.6 
573 3057 1635 13459.961 1684.306 
575 3080 1630 13497.412 1689.824 
590 3050 1633 13458.115 1687.408 
574 3133 1544 13500.072 1689.217 
583 3064 1593 13484.242 1691.739 
647 2943 1554 13424.342 1680.982 
616 3058 1623 13492.661 1690.046 
524 3165 1549 13466.627 1684.935 
554 3160 1543 13497.013 1690.507 
596 3097 1598 13493.76 1687.123 
555 3159 1543 13497.715 1690.584 
631 2999 1595 13460.581 1687.502 
623 3048 1587 13470.034 1684.87 
592 3093 1627 13496.689 1687.437 
591 3096 1627 13497.785 1687.561 
586 3104 1572 13481.406 1689.146 
589 3086 1588 13482.244 1690.002 
586 3103 1572 13480.432 1689.179 
613 3067 1588 13473.273 1685.128 
530 3143 1546 13474.565 1689.732 
628 3022 1595 13461.556 1685.453 
586 3081 1589 13489.106 1689.876 
589 3051 1656 13473.466 1684.777 
638 2991 1569 13427.273 1680.597 
531 3160 1561 13479.18 1687.214 
645 2976 1562 13434.339 1682.894 
559 3151 1558 13489.407 1684.189 
577 3118 1584 13491.689 1689.412 
601 3067 1592 13494.683 1689.387 
574 3102 1613 13492.437 1688.892 
631 3037 1613 13465.742 1685.021 
579 3099 1605 13481.752 1689.417 
623 3030 1590 13470.902 1686.626 
608 3038 1605 13460.563 1690.837 
609 3034 1637 13476.536 1688.215 
606 3058 1632 13475.712 1688.868 
611 3032 1636 13473.09 1687.902 
608 3035 1636 13476.546 1688.217 
636 3002 1583 13425.97 1679.624 
587 3049 1563 13459.31 1690.941 
607 3061 1598 13495.109 1687.714 
628 3001 1573 13462.253 1686.341 
601 3049 1584 13485.308 1690.257 
630 3034 1575 13470.037 1685.814 
564 3122 1643 13494.399 1689.378 
597 3012 1644 13434.596 1682.344 
577 3110 1561 13482.935 1689.432 
