889 4373 2264 13547.752 1690.819 
889 4373 2264 13547.783 1690.79 
885 4382 2260 13548.744 1696.325 
881 4362 2320 13532.766 1693.935 
867 4390 2301 13544.183 1690.411 
866 4392 2301 13544.403 1690.502 
887 4370 2305 13536.834 1693.458 
876 4373 2314 13533.675 1691.775 
892 4360 2332 13542.636 1691.432 
892 4369 2309 13555.838 1698.52 
881 4342 2337 13532.891 1691.705 
933 4324 2348 13572.428 1699.366 
943 4255 2313 13517.21 1691.257 
906 4342 2311 13559.84 1698.055 
878 4380 2265 13541.38 1692.252 
903 4345 2312 13560.433 1698.084 
903 4344 2313 13560.065 1698.123 
903 4344 2313 13560.155 1698.014 
906 4342 2313 13560.067 1698.045 
914 4365 2312 13552.634 1694.526 
888 4343 2323 13530.23 1693.58 
881 4335 2362 13540.713 1693.57 
918 4353 2319 13552.385 1694.804 
869 4384 2260 13558.319 1697.843 
858 4372 2353 13543.443 1699.98 
819 4439 2244 13529.133 1693.931 
872 4347 2325 13529.702 1697.034 
872 4347 2324 13529.688 1697.036 
883 4370 2235 13555.119 1695.886 
887 4331 2319 13546.881 1698.042 
890 4325 2352 13546.303 1698.027 
905 4344 2310 13560.05 1698.032 
848 4391 2314 13535.068 1698.135 
861 4391 2276 13536.179 1692.472 
904 4345 2309 13559.871 1698.011 
882 4375 2285 13527.177 1691.379 
890 4325 2351 13546.313 1698.029 
889 4326 2351 13546.282 1698.026 
856 4400 2339 13533.849 1693.559 
883 4378 2261 13531.292 1694.24 
934 4270 2321 13517.099 1689.613 
840 4416 2223 13514.711 1693.395 
871 4383 2330 13557.125 1697.257 
899 4358 2299 13550.19 1696.711 
855 4374 2345 13548.718 1696.701 
865 4388 2331 13565.646 1700.535 
882 4360 2319 13552.029 1693.066 
862 4410 2242 13538.303 1693.555 
895 4337 2347 13564.775 1697.391 
894 4341 2323 13538.922 1694.918 
869 4372 2308 13543.089 1697.65 
846 4400 2318 13558.985 1697.925 
873 4353 2349 13549.194 1696.712 
846 4400 2319 13558.941 1697.916 
876 4371 2308 13544.462 1696.091 
900 4334 2323 13537.182 1693.561 
879 4361 2338 13538.214 1695.64 
836 4431 2285 13562.308 1697.832 
868 4365 2332 13538.118 1697.833 
913 4336 2314 13557.468 1696.506 
858 4404 2327 13553.179 1696.44 
916 4322 2365 13541.104 1694.028 
849 4415 2288 13558.711 1695.999 
907 4335 2382 13543.276 1692.469 
869 4367 2321 13549.229 1698.388 
914 4331 2336 13540.355 1693.506 
915 4323 2364 13541.082 1694.024 
873 4371 2310 13547.532 1697.971 
825 4412 2307 13543.376 1694.872 
907 4301 2350 13531.848 1695.303 
868 4369 2322 13549.888 1698.436 
880 4341 2325 13546.938 1697.817 
873 4387 2347 13551.369 1696.313 
