864 4508 2279 13595.926 1701.373 
875 4485 2284 13594.798 1700.766 
917 4384 2367 13584.752 1699.848 
919 4398 2336 13579.813 1702.483 
918 4428 2331 13599.599 1702.188 
850 4499 2307 13606.138 1702.753 
861 4458 2336 13598.64 1703.489 
869 4469 2316 13599.101 1703.434 
848 4501 2305 13605.613 1702.66 
924 4409 2318 13587.487 1702.349 
866 4460 2317 13589.754 1703.367 
867 4459 2317 13597.424 1703.4 
929 4376 2343 13587.558 1701.429 
930 4383 2340 13585.071 1700.193 
906 4436 2346 13612.311 1703.716 
876 4463 2298 13603.295 1703.258 
929 4398 2307 13587.83 1700.739 
895 4457 2342 13609.471 1704.925 
922 4397 2346 13600.642 1704.595 
916 4429 2365 13616.921 1707.491 
885 4455 2293 13606.32 1706.086 
908 4433 2344 13610.486 1706.01 
922 4390 2357 13585.277 1700.578 
870 4475 2350 13598.814 1702.211 
848 4506 2289 13607.854 1705.866 
915 4404 2370 13596.452 1702.614 
918 4427 2338 13587.909 1702.104 
854 4525 2301 13604.472 1704.601 
830 4509 2304 13579.024 1699.359 
856 4476 2333 13584.133 1702.847 
922 4424 2342 13604.505 1701.458 
877 4467 2297 13587.387 1702.324 
919 4386 2353 13574.115 1700.845 
918 4405 2352 13594.367 1703.186 
901 4449 2390 13607.593 1704.968 
883 4452 2364 13594.366 1704.087 
857 4502 2295 13602.475 1703.276 
900 4429 2382 13597.134 1705.063 
907 4413 2376 13590.548 1702.53 
859 4465 2356 13599.316 1703.412 
874 4493 2312 13605.756 1705.583 
876 4468 2312 13595.306 1703.614 
880 4453 2359 13594.782 1703.607 
895 4443 2378 13603.349 1706.332 
888 4466 2347 13597.524 1701.726 
917 4408 2341 13593.574 1702.846 
844 4482 2322 13600.153 1702.022 
929 4357 2372 13575.189 1699.26 
927 4397 2333 13596.21 1702.811 
926 4394 2345 13588.452 1701.783 
906 4409 2367 13581.395 1702.93 
929 4362 2372 13570.873 1697.612 
918 4407 2341 13593.59 1702.847 
883 4468 2352 13606.851 1702.046 
915 4394 2384 13590.503 1704.246 
930 4379 2358 13579.696 1700.098 
904 4433 2352 13603.793 1703.976 
925 4391 2328 13586.559 1702.961 
931 4315 2349 13553.99 1698.25 
932 4314 2340 13550.028 1697.318 
865 4457 2345 13592.472 1702.917 
894 4444 2378 13603.584 1706.249 
918 4429 2332 13592.621 1703.277 
917 4430 2331 13592.394 1703.257 
