844 4422 2266 13556.86 1693.093 
846 4389 2290 13550.227 1699.094 
862 4374 2287 13568.382 1700.29 
923 4252 2276 13513.3 1690.773 
846 4410 2307 13562.171 1697.361 
866 4398 2248 13559.014 1694.717 
866 4398 2249 13558.979 1694.71 
874 4375 2317 13556.311 1698.056 
904 4309 2327 13538.73 1693.799 
804 4437 2289 13565.245 1697.521 
805 4436 2290 13565.494 1697.522 
874 4374 2318 13556.085 1698.05 
803 4450 2275 13558.952 1698.716 
832 4435 2282 13566.314 1699.35 
798 4475 2246 13565.9 1696.378 
864 4394 2288 13552.206 1696.692 
886 4322 2352 13544.068 1693.854 
888 4315 2377 13535.441 1695.18 
871 4353 2329 13552.246 1697.274 
922 4274 2331 13522.252 1693.099 
879 4305 2381 13524.607 1692.115 
851 4404 2331 13570.169 1698.288 
861 4401 2332 13563.474 1696.378 
843 4362 2359 13526.361 1690.941 
924 4237 2335 13513.206 1690.86 
860 4402 2332 13563.582 1696.395 
891 4354 2300 13544.899 1693.64 
873 4384 2276 13538.632 1694.903 
891 4358 2273 13535.219 1692.636 
851 4410 2309 13549.833 1697.014 
874 4380 2278 13544.299 1694.52 
872 4377 2309 13545.476 1694.003 
778 4440 2312 13554.536 1697.012 
778 4440 2311 13554.553 1697.015 
777 4441 2310 13554.549 1697.014 
814 4441 2295 13538.879 1695.439 
853 4403 2321 13558.382 1697.11 
867 4393 2338 13569.156 1697.172 
813 4421 2298 13535.76 1694.998 
901 4347 2326 13562.628 1698.613 
810 4451 2225 13529.465 1696.528 
815 4440 2295 13538.889 1695.441 
845 4419 2320 13568.637 1699.373 
912 4291 2368 13543.302 1696.203 
896 4318 2356 13529.61 1691.771 
851 4377 2343 13542.267 1694.724 
858 4394 2314 13554.452 1697.064 
917 4300 2305 13517.983 1693.589 
890 4355 2318 13546.648 1696.261 
871 4362 2287 13562.471 1699.208 
882 4360 2271 13541.644 1694.088 
873 4355 2280 13558.056 1697.573 
852 4376 2344 13542.053 1694.771 
872 4356 2279 13557.695 1697.482 
877 4362 2314 13551.138 1694.611 
870 4370 2341 13552.376 1695.983 
805 4446 2288 13554.036 1698.064 
776 4459 2275 13528.767 1692.527 
814 4420 2286 13535.22 1695.573 
804 4448 2245 13541.213 1697.016 
885 4358 2369 13556.337 1695.994 
902 4322 2337 13537.535 1695.111 
829 4408 2329 13548.325 1696.247 
820 4446 2279 13545.124 1692.269 
789 4448 2279 13547.091 1694.818 
810 4460 2272 13551.501 1693.75 
877 4359 2325 13550.004 1695.433 
888 4358 2316 13554.452 1695.841 
782 4454 2257 13559.408 1698.904 
783 4453 2257 13559.452 1698.899 
908 4303 2329 13544.805 1695.227 
882 4355 2291 13538.408 1697.357 
869 4384 2270 13542.857 1695.88 
775 4444 2294 13536.501 1691.967 
