939 4467 2454 13639.687 1708.808 
915 4499 2461 13636.926 1707.238 
895 4502 2465 13644.829 1709.33 
860 4543 2429 13653.441 1710.453 
896 4508 2471 13643.571 1708.568 
912 4505 2460 13652.045 1709.516 
900 4491 2471 13655.033 1712.162 
914 4518 2464 13650.168 1709.846 
914 4518 2463 13650.238 1709.859 
895 4543 2473 13660.436 1709.113 
932 4486 2500 13649.391 1708.703 
942 4479 2489 13646.108 1706.425 
937 4482 2513 13662.605 1711.293 
912 4487 2493 13655.158 1710.618 
961 4392 2519 13632.075 1707.808 
921 4498 2459 13656.113 1710.827 
957 4455 2517 13662.827 1710.744 
957 4456 2516 13663.494 1710.831 
901 4470 2522 13637.758 1707.547 
921 4498 2460 13655.691 1710.826 
879 4502 2539 13644.789 1708.552 
874 4529 2449 13654.691 1710.533 
923 4488 2479 13653.227 1710.926 
942 4455 2498 13654.831 1710.881 
949 4448 2532 13662.411 1710.454 
954 4458 2498 13645.652 1708.544 
924 4476 2519 13656.843 1711.357 
910 4499 2480 13654.576 1710.045 
918 4496 2496 13652.737 1708.818 
949 4449 2533 13662.917 1710.45 
912 4498 2468 13652.355 1711.145 
961 4448 2518 13656.065 1710.026 
891 4509 2484 13647.805 1710.63 
869 4557 2437 13651.344 1708.785 
937 4457 2520 13653.105 1708.502 
896 4514 2481 13636.011 1707.177 
874 4532 2461 13652.079 1709.727 
939 4467 2480 13643.95 1707.886 
892 4506 2503 13648.218 1710.584 
973 4380 2498 13619.651 1705.854 
873 4539 2434 13647.382 1709.788 
903 4522 2459 13655.958 1710.151 
894 4518 2476 13657.957 1710.428 
910 4486 2500 13647.211 1709.063 
924 4483 2497 13648.098 1709.968 
908 4519 2450 13649.445 1708.128 
894 4500 2495 13659.1 1710.961 
890 4520 2465 13655.64 1709.757 
913 4487 2471 13654.856 1708.509 
913 4474 2448 13642.35 1711.609 
907 4499 2464 13655.21 1708.952 
916 4505 2459 13650.934 1709.477 
912 4515 2457 13656.95 1710.295 
909 4513 2454 13659.065 1711.081 
906 4520 2464 13664.681 1712.994 
