407 1954 1097 13747.442 1721.268 
415 1941 1116 13728.034 1721.165 
421 1929 1115 13712.941 1718.545 
397 1971 1070 13735.42 1725.475 
404 1964 1101 13760.448 1726.978 
405 1952 1088 13751.886 1721.566 
390 1993 1038 13706.233 1723.312 
392 1979 1089 13731.049 1721.964 
433 1926 1106 13712.365 1718.459 
400 1970 1108 13740.398 1724.532 
406 1958 1112 13734.786 1721.723 
413 1953 1088 13745.84 1725.183 
403 1977 1087 13755.339 1723.843 
422 1960 1104 13745.303 1722.818 
425 1950 1113 13750.21 1725.157 
396 1983 1085 13745.423 1722.319 
411 1960 1092 13738.553 1724.055 
393 1976 1100 13734.982 1722.506 
408 1966 1094 13749.241 1724.805 
411 1946 1086 13724.514 1725.46 
428 1949 1097 13736.069 1723.92 
398 1948 1114 13715.488 1716.575 
416 1974 1078 13737.964 1720.112 
407 1980 1057 13755.144 1722.08 
438 1943 1101 13743.17 1723.16 
388 1994 1092 13736.563 1720.048 
412 1967 1099 13743.463 1721.808 
433 1958 1078 13753.328 1722.008 
430 1940 1102 13720.296 1716.394 
418 1951 1091 13735.328 1723.072 
413 1961 1091 13717.57 1717.107 
387 1997 1056 13735.41 1722.289 
413 1967 1093 13714.389 1718.047 
401 1971 1111 13715.435 1717.671 
422 1965 1077 13722.681 1719.185 
395 1995 1099 13723.19 1717.746 
397 1980 1094 13724.544 1720.982 
384 1975 1112 13711.466 1716.555 
399 2003 1088 13741.469 1721.667 
397 1993 1099 13722.336 1717.728 
407 1990 1077 13753.18 1721.446 
406 1988 1085 13741.07 1719.053 
426 1959 1080 13753.766 1722.138 
408 1984 1078 13733.212 1720.088 
419 1962 1087 13734.472 1720.492 
407 1978 1063 13756.259 1719.793 
382 2006 1041 13725.467 1720.527 
414 1967 1071 13740.213 1718.723 
426 1960 1078 13754.165 1722.18 
453 1915 1100 13732.595 1718.292 
418 1952 1107 13716.874 1714.255 
433 1945 1082 13746.905 1721.234 
441 1903 1110 13720.038 1720.485 
398 1978 1056 13736.755 1724.002 
376 2010 1058 13742.603 1721.607 
438 1916 1107 13718.228 1722.594 
440 1939 1092 13754.818 1723.45 
430 1947 1089 13753.152 1721.325 
435 1934 1104 13719.578 1716.435 
440 1939 1092 13754.751 1723.455 
436 1942 1092 13750.062 1719.849 
456 1884 1090 13684.774 1710.977 
408 1981 1057 13743.262 1718.4 
413 1973 1085 13754.337 1724.942 
441 1938 1093 13755.518 1723.489 
424 1952 1047 13751.182 1722.233 
429 1952 1085 13748.277 1720.697 
436 1933 1104 13742.69 1716.384 
414 1967 1042 13747.28 1719.091 
420 1953 1099 13745.758 1720.367 
