313 1263 741 13688.628 1719.416 
315 1238 757 13694.971 1721.348 
317 1241 735 13676.849 1720.568 
303 1287 749 13756.128 1728.123 
289 1322 742 13797.307 1731.172 
306 1269 746 13758.225 1725.234 
297 1306 745 13806.707 1730.492 
285 1324 746 13804.233 1731.168 
315 1265 739 13736.547 1723.449 
296 1293 729 13781.848 1734.166 
278 1335 721 13789.0 1731.707 
293 1298 715 13783.04 1731.927 
305 1293 752 13774.51 1726.111 
315 1273 733 13748.724 1722.386 
294 1309 737 13779.002 1732.603 
288 1323 729 13785.711 1726.021 
258 1354 736 13787.907 1725.711 
284 1330 745 13811.102 1736.193 
267 1333 727 13792.63 1735.427 
277 1331 735 13792.342 1729.394 
257 1335 736 13787.751 1734.724 
276 1332 734 13791.779 1729.182 
277 1328 747 13786.14 1731.235 
272 1331 739 13797.745 1731.175 
297 1299 761 13769.599 1727.361 
271 1338 745 13794.226 1732.258 
299 1291 748 13769.472 1726.617 
259 1337 731 13804.658 1729.497 
260 1349 727 13807.834 1731.527 
302 1295 749 13776.078 1725.351 
301 1304 749 13790.498 1725.174 
307 1290 756 13788.703 1725.053 
302 1294 756 13747.456 1719.949 
276 1329 746 13783.573 1730.914 
294 1317 719 13812.526 1729.08 
307 1258 765 13724.184 1721.657 
307 1292 742 13746.542 1724.975 
311 1247 764 13716.161 1720.349 
305 1308 737 13785.667 1729.06 
300 1311 726 13787.456 1730.525 
300 1309 735 13745.734 1723.373 
246 1352 706 13765.915 1726.056 
312 1276 752 13734.334 1724.778 
280 1351 739 13791.791 1727.328 
300 1291 750 13753.715 1729.007 
289 1293 749 13752.603 1732.28 
274 1339 741 13792.15 1729.377 
279 1324 750 13800.502 1728.555 
301 1263 767 13737.091 1719.12 
282 1331 740 13806.205 1727.544 
291 1322 756 13776.014 1729.283 
282 1335 739 13785.75 1726.761 
319 1260 742 13728.135 1718.915 
321 1259 738 13742.24 1720.254 
287 1325 750 13777.127 1726.23 
314 1246 742 13719.044 1720.326 
295 1321 768 13805.504 1731.547 
288 1323 750 13775.765 1726.11 
303 1292 735 13787.349 1731.2 
298 1307 735 13809.923 1726.784 
310 1287 756 13760.702 1725.043 
278 1322 731 13814.882 1728.908 
291 1321 738 13825.002 1736.031 
302 1286 759 13787.156 1725.08 
310 1286 757 13759.231 1725.096 
303 1298 754 13766.5 1725.449 
278 1322 732 13814.802 1728.908 
305 1305 739 13761.332 1725.892 
288 1319 759 13802.974 1731.948 
308 1289 734 13719.957 1718.076 
302 1301 751 13794.767 1724.663 
298 1317 757 13791.569 1729.977 
308 1259 758 13708.535 1721.5 
292 1319 741 13812.595 1731.622 
262 1331 748 13771.371 1727.292 
316 1286 729 13761.543 1727.756 
264 1346 720 13796.046 1723.051 
297 1290 762 13761.334 1724.071 
307 1271 731 13751.197 1733.552 
291 1323 715 13752.985 1728.915 
291 1322 729 13787.905 1728.621 
298 1283 765 13802.186 1730.238 
294 1322 731 13778.788 1729.172 
289 1323 728 13784.869 1728.462 
292 1322 729 13785.407 1728.9 
304 1268 759 13732.487 1717.796 
271 1335 725 13788.065 1734.357 
287 1314 739 13766.246 1733.41 
285 1328 733 13810.127 1733.071 
290 1330 721 13796.215 1733.891 
308 1302 717 13755.017 1726.567 
306 1303 726 13781.664 1729.743 
293 1295 769 13780.486 1724.87 
293 1273 774 13729.059 1718.676 
288 1272 771 13753.503 1722.553 
