112 683 339 13735.268 1734.897 
144 640 369 13733.989 1722.351 
150 638 369 13679.776 1716.105 
142 648 377 13715.088 1733.525 
152 634 384 13669.563 1719.439 
144 639 377 13717.737 1731.882 
140 648 378 13743.707 1735.588 
164 627 371 13751.181 1720.061 
149 633 377 13670.85 1725.433 
136 663 371 13764.359 1735.594 
135 667 349 13812.006 1735.886 
161 624 358 13699.963 1725.254 
144 640 380 13699.411 1730.869 
132 660 358 13756.634 1739.981 
143 659 359 13778.128 1741.131 
152 647 366 13755.336 1731.198 
152 637 367 13724.447 1729.72 
157 636 354 13714.65 1724.802 
156 644 355 13738.447 1730.417 
153 638 365 13711.612 1729.888 
155 637 374 13696.638 1725.266 
140 655 381 13743.458 1737.345 
145 659 351 13785.801 1736.823 
136 671 349 13794.011 1738.126 
152 641 362 13778.807 1740.988 
149 638 373 13659.046 1719.177 
155 654 364 13784.449 1739.217 
124 675 347 13782.176 1736.732 
160 619 372 13677.105 1721.927 
152 655 351 13760.859 1731.642 
149 653 364 13790.211 1736.841 
144 657 357 13774.211 1731.39 
158 635 360 13690.669 1718.827 
154 637 349 13784.742 1732.617 
125 674 348 13782.266 1736.754 
147 660 350 13800.957 1737.792 
145 638 377 13696.033 1728.234 
158 626 366 13741.262 1733.354 
153 633 368 13707.658 1727.578 
166 601 359 13628.177 1717.145 
160 625 373 13698.689 1721.447 
165 610 364 13675.005 1722.754 
159 628 352 13772.266 1729.506 
143 651 351 13803.083 1737.06 
149 649 359 13800.07 1731.752 
161 627 355 13762.219 1731.675 
145 653 353 13801.506 1737.891 
150 645 358 13817.992 1740.717 
138 666 369 13772.509 1720.436 
119 672 356 13731.57 1721.596 
135 655 360 13783.42 1738.14 
138 658 367 13749.754 1734.928 
159 617 356 13718.614 1732.295 
141 659 371 13741.968 1727.717 
144 661 349 13795.112 1733.968 
146 640 377 13731.377 1725.014 
156 621 368 13685.784 1723.886 
151 629 370 13708.718 1723.11 
155 627 387 13750.827 1725.419 
155 626 367 13740.129 1728.052 
144 661 354 13782.093 1736.773 
141 670 365 13778.092 1733.235 
133 673 352 13772.043 1725.423 
156 635 364 13722.353 1728.92 
160 620 366 13704.956 1723.227 
125 672 353 13742.024 1723.825 
157 613 371 13703.083 1724.112 
137 658 366 13778.683 1738.052 
163 626 343 13708.47 1724.282 
132 665 359 13764.288 1734.888 
124 669 374 13720.536 1721.685 
141 665 358 13810.427 1731.506 
142 646 370 13726.704 1728.112 
161 604 380 13625.198 1715.785 
141 652 367 13753.231 1735.995 
156 634 364 13750.71 1726.132 
156 614 378 13662.089 1722.955 
148 632 371 13698.63 1720.486 
142 645 372 13756.414 1728.318 
141 652 367 13791.574 1731.614 
149 638 370 13781.616 1737.531 
152 622 374 13694.428 1729.88 
156 610 368 13670.397 1724.847 
158 608 375 13682.809 1726.877 
156 611 368 13669.462 1724.794 
143 655 368 13758.876 1726.941 
134 669 373 13804.582 1730.515 
150 629 376 13726.084 1724.286 
121 676 345 13764.615 1731.459 
119 676 352 13755.785 1733.825 
136 641 383 13762.851 1727.295 
