286 1307 734 13767.594 1725.936 
310 1261 750 13710.672 1718.789 
294 1266 768 13722.454 1718.092 
301 1278 747 13745.447 1722.443 
306 1262 765 13740.241 1722.113 
307 1261 767 13741.432 1722.327 
303 1272 755 13750.001 1721.914 
280 1284 767 13726.862 1725.249 
312 1254 733 13701.915 1721.664 
300 1276 759 13745.376 1723.059 
293 1288 749 13742.328 1724.145 
304 1267 756 13734.836 1721.19 
312 1264 740 13736.747 1721.593 
298 1282 758 13750.744 1724.389 
260 1315 698 13716.086 1720.413 
304 1269 754 13726.863 1719.687 
276 1293 766 13741.515 1723.369 
289 1286 762 13754.58 1727.539 
276 1295 766 13746.932 1723.363 
286 1312 734 13764.591 1723.233 
296 1304 740 13783.424 1725.03 
300 1271 764 13740.31 1726.245 
308 1266 743 13746.73 1719.599 
305 1277 737 13738.108 1722.957 
293 1284 751 13751.777 1726.664 
295 1282 750 13745.106 1726.328 
258 1318 684 13720.705 1721.904 
295 1282 749 13745.195 1726.332 
300 1278 741 13743.101 1726.249 
256 1319 697 13721.975 1720.839 
279 1298 761 13758.474 1724.828 
309 1268 762 13731.808 1721.576 
295 1278 756 13734.334 1725.375 
304 1268 753 13748.323 1724.39 
280 1297 760 13757.648 1724.895 
279 1298 760 13758.382 1724.958 
305 1271 745 13710.473 1718.011 
304 1271 752 13748.521 1725.521 
300 1288 725 13732.126 1722.569 
301 1267 753 13738.76 1725.465 
288 1297 757 13752.132 1726.538 
300 1289 723 13733.838 1722.576 
292 1301 742 13759.052 1726.762 
262 1317 721 13711.348 1721.863 
307 1261 759 13732.522 1722.958 
292 1292 747 13743.108 1724.358 
286 1277 763 13733.086 1723.99 
302 1257 760 13724.718 1722.41 
295 1286 756 13753.848 1720.245 
280 1301 752 13745.464 1723.232 
300 1277 753 13757.872 1724.338 
279 1299 755 13742.74 1723.32 
292 1290 755 13754.839 1727.91 
292 1294 744 13759.391 1728.01 
301 1282 743 13738.956 1719.861 
264 1303 756 13732.498 1719.395 
297 1297 742 13755.023 1725.177 
295 1278 749 13760.209 1725.838 
301 1275 744 13736.163 1724.042 
302 1282 747 13724.774 1723.006 
304 1272 745 13715.671 1716.991 
281 1302 756 13764.009 1720.673 
298 1286 748 13766.337 1727.197 
276 1306 745 13727.072 1719.405 
297 1287 747 13766.053 1727.159 
300 1280 752 13724.822 1722.435 
296 1278 754 13748.64 1725.139 
271 1314 736 13755.541 1725.216 
288 1282 763 13736.693 1719.221 
308 1267 742 13742.64 1721.093 
293 1289 747 13775.434 1726.598 
298 1280 767 13754.783 1723.458 
283 1305 746 13785.338 1729.07 
284 1305 745 13741.263 1723.506 
289 1281 765 13739.178 1719.463 
315 1257 774 13719.816 1720.547 
299 1273 739 13773.441 1725.992 
291 1296 761 13789.943 1728.667 
270 1308 737 13723.977 1720.197 
299 1282 754 13775.927 1723.055 
308 1258 759 13733.156 1724.525 
309 1270 751 13740.277 1723.246 
