613 3158 1683 13551.073 1698.859 
607 3198 1601 13575.922 1704.578 
672 3062 1662 13532.273 1693.02 
622 3153 1663 13558.206 1697.92 
657 3126 1685 13586.238 1701.471 
637 3130 1694 13570.381 1699.068 
615 3182 1635 13573.229 1702.977 
641 3145 1671 13565.594 1698.534 
628 3137 1684 13536.476 1696.027 
655 3127 1684 13580.355 1701.628 
633 3167 1660 13588.879 1703.202 
656 3140 1683 13586.658 1704.075 
636 3144 1673 13565.981 1699.923 
657 3138 1663 13570.695 1703.49 
622 3151 1680 13585.132 1697.952 
619 3150 1693 13560.327 1700.107 
569 3216 1593 13538.628 1692.995 
610 3158 1672 13552.468 1698.992 
570 3224 1588 13554.252 1698.001 
604 3163 1666 13562.919 1701.127 
573 3218 1582 13541.611 1696.65 
639 3156 1656 13576.621 1698.711 
574 3199 1648 13566.094 1702.026 
647 3152 1636 13569.665 1700.768 
614 3175 1638 13564.972 1704.314 
663 3132 1674 13574.981 1702.825 
615 3173 1639 13565.049 1704.282 
588 3199 1599 13567.986 1704.84 
663 3141 1658 13572.812 1700.308 
606 3201 1633 13578.338 1703.808 
616 3172 1639 13565.342 1704.448 
604 3203 1632 13578.11 1703.707 
629 3179 1642 13581.219 1698.649 
614 3174 1642 13560.681 1703.384 
601 3194 1627 13571.24 1703.995 
605 3167 1650 13573.183 1704.408 
632 3151 1672 13579.985 1701.657 
601 3212 1657 13598.503 1701.079 
638 3161 1648 13589.496 1701.312 
600 3213 1657 13598.525 1701.084 
610 3188 1664 13591.207 1703.126 
648 3141 1629 13567.314 1703.003 
673 3083 1640 13530.495 1693.395 
672 3037 1667 13501.982 1692.684 
650 3136 1618 13575.041 1706.223 
640 3167 1629 13588.963 1704.987 
645 3148 1645 13577.666 1700.175 
623 3180 1638 13574.275 1700.582 
649 3142 1621 13562.081 1702.229 
644 3148 1616 13580.352 1702.8 
646 3148 1644 13577.698 1700.181 
620 3200 1611 13593.565 1703.131 
644 3176 1639 13594.473 1702.723 
609 3158 1678 13551.213 1696.867 
648 3145 1611 13569.636 1700.236 
644 3175 1640 13594.131 1702.757 
641 3166 1631 13589.423 1705.024 
646 3163 1634 13584.401 1702.238 
643 3178 1639 13595.46 1702.872 
635 3157 1642 13580.396 1701.899 
567 3220 1600 13555.135 1699.41 
614 3190 1627 13577.384 1701.332 
624 3174 1652 13567.572 1698.042 
606 3207 1616 13571.525 1701.107 
619 3190 1622 13577.264 1699.575 
622 3181 1655 13584.372 1702.664 
629 3174 1646 13567.407 1698.962 
671 3112 1656 13567.863 1700.304 
642 3164 1646 13577.436 1700.918 
634 3151 1637 13588.689 1704.467 
621 3182 1654 13583.999 1702.638 
621 3164 1659 13587.948 1704.802 
639 3189 1634 13592.646 1704.634 
555 3236 1588 13571.139 1703.061 
652 3144 1621 13582.123 1701.215 
637 3149 1646 13576.145 1703.828 
623 3174 1649 13573.834 1699.369 
613 3199 1645 13590.739 1701.917 
637 3122 1694 13568.138 1699.407 
677 3065 1617 13518.978 1693.425 
633 3151 1662 13562.519 1697.316 
621 3187 1649 13586.1 1702.286 
565 3217 1582 13565.345 1700.401 
602 3208 1621 13569.988 1702.086 
581 3208 1621 13563.625 1703.111 
678 3039 1666 13517.133 1696.793 
587 3197 1652 13575.803 1702.536 
591 3194 1637 13564.726 1702.006 
658 3123 1680 13570.85 1698.067 
664 3124 1670 13569.559 1699.157 
620 3160 1667 13555.488 1697.532 
601 3163 1663 13574.316 1705.771 
649 3160 1606 13575.944 1701.141 
586 3183 1635 13571.288 1704.014 
623 3140 1710 13568.019 1696.596 
664 3077 1683 13542.37 1695.646 
644 3141 1687 13569.611 1694.913 
644 3144 1661 13576.407 1701.818 
617 3153 1663 13558.613 1696.948 
638 3149 1677 13567.762 1696.031 
