405 1911 1068 13664.929 1713.456 
414 1908 1070 13671.883 1714.726 
421 1887 1076 13638.537 1708.654 
404 1908 1075 13682.284 1715.516 
421 1899 1046 13656.728 1708.852 
420 1888 1075 13637.899 1708.648 
395 1934 1070 13678.207 1711.879 
394 1947 998 13665.028 1716.334 
429 1882 1019 13629.347 1702.766 
413 1923 1039 13683.36 1709.617 
412 1921 1059 13657.397 1708.308 
407 1943 1038 13706.723 1715.918 
405 1942 1044 13672.644 1712.208 
398 1917 1038 13668.121 1715.924 
351 1992 981 13674.961 1717.055 
408 1922 1038 13673.682 1714.895 
389 1923 1027 13681.461 1717.016 
418 1915 1013 13649.723 1710.573 
424 1878 1057 13636.106 1708.102 
413 1914 1031 13663.087 1714.355 
425 1876 1056 13650.331 1706.323 
409 1932 1064 13671.044 1713.44 
421 1899 1018 13661.735 1708.785 
408 1899 1079 13678.618 1710.842 
416 1917 1019 13635.596 1709.388 
422 1887 1056 13638.504 1706.45 
413 1912 1034 13652.183 1711.369 
433 1881 1055 13659.099 1711.065 
402 1939 1052 13688.304 1712.267 
422 1895 1019 13654.372 1710.406 
423 1891 1049 13658.691 1710.639 
417 1903 1026 13657.094 1706.05 
338 2000 973 13668.415 1710.068 
415 1928 1028 13678.538 1717.211 
378 1989 972 13692.984 1712.267 
397 1914 1051 13670.868 1714.266 
389 1968 1039 13699.389 1715.304 
405 1925 1055 13677.237 1709.176 
408 1934 1034 13671.379 1709.497 
406 1923 1055 13675.872 1708.955 
405 1925 1055 13677.542 1709.099 
394 1940 1021 13684.967 1717.023 
397 1916 1052 13657.047 1714.625 
370 1995 1018 13699.713 1712.336 
398 1940 1044 13673.266 1714.389 
396 1960 1039 13692.516 1715.343 
402 1946 1032 13687.208 1710.904 
412 1923 1048 13670.33 1708.483 
413 1922 1048 13670.148 1708.601 
405 1938 1054 13692.113 1711.788 
419 1908 1065 13654.979 1707.747 
404 1940 1053 13692.407 1711.82 
389 1951 1073 13679.143 1713.46 
393 1967 1035 13689.427 1714.25 
346 2000 973 13640.47 1708.331 
409 1916 1065 13662.824 1708.099 
402 1934 1060 13683.959 1709.75 
420 1898 1064 13667.534 1712.715 
408 1915 1041 13658.559 1713.819 
401 1961 1035 13705.64 1713.915 
405 1914 1073 13657.388 1710.043 
397 1957 1049 13692.707 1714.821 
394 1967 1035 13684.198 1712.301 
388 1986 1052 13708.742 1717.964 
405 1923 1067 13666.112 1709.482 
425 1883 1040 13617.113 1707.528 
412 1930 1028 13660.436 1714.592 
402 1937 1048 13676.284 1715.352 
402 1920 1055 13684.963 1711.984 
427 1879 1069 13633.704 1709.25 
418 1894 1068 13633.931 1703.861 
397 1945 1063 13691.535 1711.43 
424 1890 1039 13630.56 1708.883 
418 1895 1067 13634.652 1703.881 
438 1875 1045 13630.991 1711.063 
398 1944 1064 13692.176 1711.541 
418 1895 1068 13634.051 1703.811 
427 1892 1025 13623.88 1708.122 
427 1880 1070 13626.831 1706.104 
419 1895 1051 13668.103 1711.281 
399 1947 1060 13687.676 1711.148 
389 1954 1053 13681.284 1712.435 
413 1909 1055 13660.63 1709.54 
397 1925 1068 13648.781 1705.946 
415 1908 1060 13661.984 1709.521 
414 1915 1056 13658.083 1708.113 
