841 4278 2233 13480.901 1685.697 
853 4264 2195 13464.316 1685.259 
740 4394 2161 13467.861 1684.618 
822 4277 2223 13459.671 1689.406 
821 4279 2221 13459.234 1689.238 
748 4391 2185 13477.995 1682.807 
753 4390 2143 13475.98 1685.767 
823 4326 2206 13482.69 1684.697 
847 4300 2271 13469.973 1687.998 
822 4327 2205 13482.406 1684.639 
819 4281 2220 13472.392 1686.208 
784 4329 2213 13465.858 1688.433 
761 4387 2116 13473.147 1684.683 
824 4290 2175 13480.724 1684.724 
852 4249 2230 13474.827 1686.871 
759 4390 2160 13471.949 1686.499 
730 4396 2209 13477.589 1688.53 
730 4395 2210 13477.449 1688.537 
758 4392 2159 13472.18 1686.558 
856 4209 2232 13420.478 1680.275 
862 4177 2230 13409.722 1677.756 
819 4303 2235 13463.848 1682.57 
845 4278 2200 13470.491 1682.77 
805 4311 2257 13479.767 1685.235 
820 4330 2209 13488.055 1688.666 
804 4312 2256 13479.883 1685.256 
815 4357 2239 13495.875 1688.177 
732 4379 2169 13457.242 1684.193 
799 4357 2184 13491.638 1688.767 
825 4301 2214 13469.217 1680.182 
807 4361 2217 13484.254 1685.432 
699 4412 2081 13428.66 1682.023 
803 4359 2118 13480.329 1687.452 
849 4255 2229 13455.71 1684.134 
850 4254 2229 13455.711 1684.134 
824 4301 2174 13456.708 1687.957 
871 4152 2231 13414.114 1681.642 
871 4219 2215 13449.227 1682.017 
859 4231 2224 13452.319 1683.745 
881 4096 2190 13379.033 1674.662 
886 4088 2193 13396.668 1680.183 
854 4277 2178 13466.349 1685.302 
863 4253 2223 13476.279 1688.049 
854 4277 2179 13466.293 1685.335 
858 4255 2144 13450.505 1683.655 
782 4387 2147 13461.804 1685.172 
778 4368 2182 13482.424 1684.394 
783 4386 2147 13461.969 1685.214 
848 4237 2232 13445.186 1683.819 
824 4295 2169 13472.022 1685.565 
824 4293 2170 13470.963 1685.442 
797 4378 2174 13491.539 1690.135 
832 4285 2208 13474.751 1684.632 
853 4241 2258 13453.629 1683.148 
