259 1262 708 13622.614 1708.893 
266 1270 677 13643.665 1708.039 
277 1253 698 13624.273 1712.264 
293 1213 664 13558.927 1701.494 
290 1242 683 13590.756 1710.745 
289 1243 683 13590.417 1710.74 
286 1226 690 13565.792 1702.211 
285 1212 707 13563.176 1703.363 
242 1301 642 13662.78 1715.585 
272 1242 705 13592.292 1712.031 
272 1241 707 13591.71 1711.91 
270 1274 677 13611.108 1712.102 
261 1235 723 13582.223 1703.841 
283 1236 710 13617.658 1704.853 
229 1318 643 13618.937 1714.49 
252 1291 694 13670.854 1716.566 
247 1304 674 13647.028 1712.704 
240 1299 680 13641.137 1714.933 
290 1210 694 13548.39 1694.733 
251 1274 713 13627.462 1708.827 
286 1231 709 13584.958 1698.241 
245 1284 708 13619.423 1708.003 
246 1303 693 13655.846 1709.194 
254 1295 698 13670.281 1711.913 
254 1294 699 13669.39 1711.739 
253 1296 697 13669.289 1711.877 
262 1280 696 13644.463 1710.832 
276 1265 702 13636.047 1712.237 
275 1278 676 13652.074 1714.706 
257 1269 701 13634.078 1709.634 
257 1296 647 13629.524 1710.506 
240 1301 680 13628.465 1710.987 
268 1230 719 13559.131 1699.69 
297 1210 681 13565.485 1700.172 
257 1266 703 13657.325 1714.762 
264 1241 709 13595.614 1710.584 
262 1229 721 13574.431 1702.949 
274 1262 693 13647.814 1709.902 
260 1285 696 13638.349 1710.616 
281 1264 715 13650.699 1707.157 
263 1277 695 13610.921 1705.892 
298 1201 681 13573.789 1702.529 
265 1267 708 13599.085 1699.286 
262 1272 704 13591.936 1704.608 
245 1321 666 13646.09 1712.532 
287 1220 699 13530.083 1692.343 
235 1309 669 13644.913 1707.755 
292 1206 688 13554.412 1705.373 
261 1272 706 13592.608 1704.628 
268 1270 692 13608.262 1711.711 
262 1282 703 13600.582 1704.224 
253 1286 701 13610.621 1702.068 
259 1298 697 13639.19 1708.162 
249 1275 706 13597.564 1698.778 
289 1276 670 13601.979 1704.134 
264 1296 670 13613.921 1706.123 
237 1327 643 13641.969 1707.501 
239 1305 686 13663.732 1716.163 
235 1291 652 13635.246 1717.395 
233 1328 665 13649.143 1712.793 
244 1283 651 13637.345 1716.71 
278 1226 721 13577.641 1698.12 
283 1262 706 13628.226 1711.801 
274 1271 684 13607.02 1704.436 
276 1269 686 13631.083 1705.275 
269 1292 691 13641.228 1712.776 
278 1273 679 13636.504 1710.594 
235 1307 686 13647.738 1709.701 
234 1314 663 13648.826 1711.421 
256 1296 653 13633.569 1709.829 
266 1266 697 13624.291 1704.236 
252 1301 688 13643.423 1707.452 
253 1300 689 13645.124 1707.847 
264 1245 710 13606.208 1707.806 
256 1259 716 13586.804 1699.276 
279 1264 671 13637.135 1715.012 
292 1207 688 13549.146 1700.305 
267 1276 695 13611.467 1703.898 
261 1258 678 13617.29 1713.382 
265 1238 717 13586.769 1709.045 
259 1283 674 13647.4 1709.571 
242 1298 675 13645.702 1713.84 
219 1339 655 13664.349 1711.774 
240 1304 676 13648.672 1715.01 
232 1323 668 13675.831 1712.67 
244 1299 667 13661.516 1711.57 
285 1259 706 13637.706 1711.526 
249 1281 705 13627.585 1706.697 
255 1290 683 13655.046 1705.373 
247 1275 701 13603.656 1708.872 
234 1307 671 13620.083 1710.055 
250 1305 692 13661.539 1709.805 
256 1282 683 13630.024 1717.178 
246 1293 677 13631.601 1713.308 
257 1291 674 13671.64 1712.533 
257 1278 679 13652.075 1716.319 
262 1268 682 13638.912 1712.788 
257 1276 680 13652.053 1716.045 
259 1284 661 13642.007 1707.783 
255 1279 678 13648.909 1715.719 
