938 4303 2420 13576.879 1703.806 
943 4373 2417 13612.833 1704.424 
950 4404 2373 13606.313 1704.111 
951 4361 2409 13608.191 1705.953 
924 4449 2373 13629.602 1709.04 
935 4321 2443 13573.941 1702.098 
950 4412 2362 13618.663 1707.805 
925 4447 2374 13629.199 1709.033 
921 4456 2378 13640.624 1710.683 
942 4436 2375 13621.511 1708.994 
924 4432 2420 13630.181 1707.929 
939 4409 2404 13620.339 1706.198 
929 4428 2368 13626.061 1709.073 
948 4428 2381 13626.09 1707.871 
933 4420 2388 13636.412 1710.659 
924 4433 2388 13618.75 1707.824 
952 4404 2369 13619.577 1706.683 
921 4459 2416 13643.647 1710.191 
920 4417 2428 13620.694 1709.109 
908 4501 2416 13660.445 1712.606 
923 4402 2392 13627.032 1709.63 
920 4400 2415 13616.853 1710.375 
916 4465 2417 13640.606 1711.262 
916 4483 2404 13658.543 1711.957 
917 4435 2427 13634.348 1707.821 
926 4444 2378 13644.691 1710.703 
910 4399 2442 13616.552 1708.638 
941 4394 2389 13622.144 1707.416 
920 4436 2424 13623.84 1708.854 
924 4421 2409 13614.7 1708.509 
915 4456 2436 13640.395 1710.667 
929 4403 2392 13611.03 1706.199 
945 4382 2384 13610.552 1705.818 
930 4392 2403 13610.135 1706.215 
911 4443 2428 13637.991 1710.772 
950 4387 2390 13605.894 1705.585 
968 4372 2391 13612.49 1707.24 
952 4373 2375 13604.806 1706.479 
945 4408 2369 13620.754 1708.014 
944 4401 2393 13619.776 1708.322 
935 4411 2377 13621.536 1708.485 
922 4451 2393 13639.912 1710.735 
933 4391 2431 13619.231 1708.641 
915 4475 2420 13658.347 1711.883 
927 4427 2409 13631.757 1708.037 
