619 3292 1730 13697.811 1714.045 
636 3296 1710 13689.807 1713.038 
650 3282 1732 13692.199 1714.841 
625 3284 1737 13697.894 1718.91 
706 3209 1770 13697.306 1714.801 
618 3299 1696 13685.215 1714.056 
642 3285 1714 13685.057 1714.608 
631 3284 1707 13690.608 1714.553 
638 3282 1733 13690.458 1714.877 
696 3243 1763 13707.207 1716.58 
688 3256 1762 13714.578 1718.283 
699 3238 1802 13726.171 1718.784 
704 3210 1777 13709.563 1716.593 
641 3280 1733 13688.991 1714.071 
648 3291 1727 13703.365 1713.531 
622 3302 1702 13690.375 1713.101 
689 3260 1778 13716.356 1717.212 
698 3228 1770 13711.082 1719.433 
690 3239 1778 13705.229 1717.285 
688 3243 1779 13705.716 1716.879 
690 3239 1779 13705.208 1717.281 
684 3274 1804 13728.906 1721.237 
701 3216 1813 13710.759 1716.56 
700 3223 1797 13705.895 1715.847 
698 3219 1811 13698.046 1716.552 
671 3275 1764 13707.835 1716.674 
697 3220 1810 13697.963 1716.551 
664 3279 1783 13705.161 1716.992 
681 3243 1809 13699.418 1715.517 
702 3223 1761 13692.324 1714.995 
670 3231 1810 13697.241 1716.905 
709 3197 1810 13701.865 1715.127 
704 3223 1765 13705.281 1712.613 
704 3201 1799 13695.079 1716.332 
708 3195 1798 13700.327 1715.342 
709 3196 1811 13701.372 1715.018 
688 3243 1781 13717.709 1715.38 
714 3192 1800 13700.4 1715.687 
688 3243 1782 13712.909 1714.385 
696 3231 1770 13727.575 1716.124 
683 3200 1818 13676.288 1712.622 
682 3262 1756 13729.026 1718.605 
697 3198 1824 13698.151 1717.68 
705 3205 1793 13712.691 1715.385 
696 3206 1814 13697.572 1715.142 
707 3199 1763 13688.469 1712.754 
695 3232 1777 13717.772 1720.408 
716 3152 1807 13667.844 1709.511 
718 3183 1784 13691.052 1712.848 
698 3188 1811 13693.36 1717.847 
700 3232 1778 13717.347 1717.482 
720 3179 1780 13686.993 1713.634 
708 3193 1787 13691.464 1716.335 
723 3144 1780 13665.624 1710.864 
706 3221 1784 13705.962 1712.021 
704 3218 1783 13702.99 1715.666 
672 3239 1811 13701.818 1716.802 
713 3185 1811 13692.546 1711.473 
710 3190 1787 13703.084 1714.73 
706 3206 1804 13707.102 1714.476 
671 3274 1782 13732.816 1717.057 
688 3225 1809 13714.21 1717.185 
720 3178 1805 13690.679 1714.0 
712 3186 1811 13692.895 1711.489 
705 3199 1777 13704.377 1717.07 
665 3231 1812 13694.299 1716.706 
