900 4333 2366 13554.691 1697.71 
885 4357 2311 13558.589 1701.326 
886 4392 2290 13576.871 1700.721 
886 4354 2328 13580.342 1701.44 
917 4346 2319 13555.19 1697.493 
915 4338 2315 13548.959 1697.566 
922 4351 2278 13555.647 1699.207 
889 4387 2303 13573.581 1699.119 
892 4335 2320 13549.931 1701.095 
874 4402 2350 13586.386 1704.204 
839 4437 2318 13573.726 1702.125 
910 4311 2256 13533.316 1699.48 
896 4345 2308 13558.291 1700.553 
852 4419 2366 13561.579 1700.307 
890 4338 2346 13554.864 1702.672 
903 4367 2290 13573.985 1701.732 
902 4368 2289 13573.988 1701.757 
846 4451 2287 13575.065 1702.22 
874 4416 2362 13588.583 1703.567 
855 4419 2320 13587.473 1701.314 
916 4295 2338 13556.017 1700.058 
914 4320 2324 13552.076 1695.743 
822 4436 2262 13574.207 1702.497 
900 4380 2333 13568.573 1697.634 
888 4391 2329 13561.886 1698.103 
879 4389 2297 13571.527 1701.769 
876 4330 2382 13532.279 1693.818 
887 4399 2337 13573.132 1700.413 
886 4402 2337 13574.075 1700.525 
876 4431 2318 13595.639 1704.788 
808 4465 2256 13555.938 1696.533 
895 4384 2358 13569.993 1700.531 
902 4365 2339 13558.179 1698.731 
884 4385 2321 13584.15 1703.421 
919 4317 2304 13532.017 1697.792 
926 4274 2299 13526.058 1693.316 
885 4403 2336 13574.142 1700.539 
886 4370 2374 13565.019 1700.452 
888 4319 2359 13544.73 1698.768 
911 4362 2345 13565.357 1699.461 
897 4358 2305 13559.569 1701.808 
881 4378 2361 13564.069 1699.854 
905 4365 2292 13573.846 1701.722 
