236 1259 637 13552.488 1705.298 
261 1256 628 13553.801 1697.777 
238 1262 633 13561.408 1702.018 
237 1257 637 13552.579 1705.098 
232 1277 651 13578.009 1703.025 
255 1246 668 13572.165 1697.629 
222 1302 645 13585.881 1701.341 
208 1305 618 13550.449 1699.352 
223 1301 646 13586.91 1701.614 
224 1300 646 13586.622 1701.124 
222 1302 644 13586.001 1701.355 
226 1291 602 13547.791 1702.762 
257 1239 669 13520.928 1694.654 
262 1228 654 13548.094 1694.395 
248 1251 691 13563.957 1697.873 
268 1221 613 13526.747 1692.047 
244 1259 651 13576.108 1704.181 
226 1283 643 13565.712 1706.036 
227 1282 644 13566.838 1706.057 
257 1223 676 13517.854 1694.428 
265 1218 636 13499.853 1689.488 
263 1232 658 13528.75 1696.344 
269 1188 682 13490.181 1689.517 
264 1201 678 13485.81 1696.581 
256 1247 680 13567.665 1707.053 
254 1252 666 13588.822 1703.949 
261 1225 654 13548.688 1704.192 
280 1217 676 13566.875 1702.931 
277 1183 680 13462.297 1685.593 
263 1228 646 13540.986 1694.802 
239 1252 678 13553.873 1702.187 
214 1298 656 13613.677 1706.507 
262 1230 645 13542.211 1695.229 
251 1253 642 13562.297 1704.553 
260 1239 636 13537.58 1701.757 
260 1231 667 13528.058 1693.301 
254 1230 693 13528.763 1689.266 
252 1231 691 13528.495 1689.192 
267 1210 684 13499.34 1687.112 
266 1226 614 13480.606 1692.153 
265 1228 615 13483.012 1692.487 
243 1270 659 13571.534 1701.228 
265 1234 627 13515.94 1688.875 
263 1207 686 13520.97 1693.341 
244 1269 660 13570.795 1701.066 
238 1272 630 13564.32 1698.721 
240 1259 669 13569.957 1702.897 
230 1295 635 13581.414 1702.672 
233 1292 681 13584.874 1701.652 
240 1260 668 13570.056 1702.936 
283 1187 643 13519.022 1697.826 
245 1264 687 13584.448 1701.753 
263 1229 653 13538.145 1700.333 
257 1262 660 13590.1 1699.972 
261 1221 696 13553.882 1695.757 
256 1263 659 13588.979 1699.927 
261 1238 686 13544.497 1692.805 
264 1210 677 13502.994 1686.979 
260 1251 665 13576.329 1700.722 
235 1266 630 13592.668 1700.642 
261 1250 665 13576.3 1700.816 
258 1233 667 13534.109 1697.565 
