616 3221 1722 13626.604 1706.624 
614 3221 1729 13626.625 1705.59 
647 3200 1746 13629.017 1708.432 
642 3175 1773 13627.062 1710.581 
620 3207 1763 13634.905 1708.118 
629 3218 1731 13638.115 1708.675 
613 3228 1727 13642.459 1710.189 
625 3204 1757 13632.15 1708.376 
646 3194 1757 13622.007 1709.347 
642 3199 1761 13631.056 1708.035 
679 3126 1755 13630.317 1706.545 
669 3165 1781 13620.418 1705.039 
689 3115 1758 13604.515 1704.048 
657 3191 1770 13641.915 1710.712 
690 3113 1759 13604.239 1704.004 
675 3130 1756 13615.764 1706.919 
680 3116 1745 13593.805 1702.158 
681 3120 1737 13602.408 1703.72 
673 3127 1757 13604.544 1706.183 
635 3200 1752 13627.376 1710.503 
624 3201 1717 13649.587 1707.813 
640 3158 1797 13610.544 1705.485 
689 3122 1738 13597.29 1703.387 
671 3172 1775 13653.302 1709.992 
581 3236 1688 13599.759 1701.528 
690 3121 1738 13597.115 1703.383 
680 3132 1720 13596.69 1702.558 
637 3215 1706 13661.681 1711.04 
676 3159 1750 13643.478 1711.274 
630 3218 1711 13654.225 1711.175 
654 3182 1761 13648.843 1709.057 
655 3193 1752 13646.537 1707.463 
677 3157 1750 13642.636 1711.191 
644 3205 1770 13638.909 1706.988 
625 3219 1711 13626.812 1707.515 
685 3109 1746 13603.949 1707.265 
629 3218 1736 13637.279 1711.159 
609 3224 1730 13614.091 1709.173 
675 3133 1755 13603.073 1706.956 
665 3171 1795 13641.501 1711.358 
672 3160 1751 13626.913 1708.399 
669 3173 1740 13630.944 1705.159 
686 3101 1780 13591.873 1701.852 
672 3137 1752 13595.843 1706.033 
673 3136 1752 13595.879 1706.042 
683 3128 1722 13591.139 1703.267 
668 3136 1793 13620.012 1706.43 
632 3196 1763 13626.239 1707.081 
653 3173 1764 13638.367 1710.938 
636 3201 1751 13648.151 1709.765 
636 3207 1753 13631.991 1709.281 
596 3230 1714 13619.466 1707.549 
638 3193 1721 13640.566 1708.99 
647 3192 1771 13654.762 1711.125 
633 3210 1727 13628.134 1709.051 
644 3194 1774 13639.023 1709.429 
659 3184 1743 13634.74 1708.73 
677 3131 1789 13620.923 1705.545 
695 3086 1754 13575.29 1701.606 
681 3111 1771 13599.204 1703.907 
681 3112 1769 13600.853 1704.049 
678 3125 1772 13616.725 1705.326 
680 3134 1704 13611.667 1707.222 
645 3206 1717 13635.425 1706.325 
647 3205 1719 13636.662 1706.515 
