427 1765 1049 13477.203 1687.119 
398 1876 1069 13585.709 1704.694 
413 1877 1028 13620.376 1706.781 
333 1975 970 13610.171 1709.178 
334 1974 971 13611.943 1709.494 
406 1887 1025 13622.497 1707.308 
333 1983 972 13614.527 1708.073 
409 1887 1041 13620.064 1709.545 
338 1967 987 13613.656 1704.968 
377 1936 1034 13637.329 1706.407 
329 1975 1013 13627.553 1709.468 
338 1967 987 13613.252 1704.998 
348 1959 1018 13622.628 1705.381 
328 1982 1013 13620.277 1708.215 
417 1846 1050 13601.645 1704.772 
328 1979 1006 13622.764 1709.821 
370 1944 1043 13648.312 1710.972 
384 1927 1015 13624.748 1706.529 
380 1926 1018 13612.393 1709.211 
404 1892 1043 13618.852 1709.13 
379 1927 1018 13611.388 1709.004 
386 1925 1031 13664.883 1709.337 
325 1958 984 13597.096 1710.504 
331 1960 993 13592.968 1704.493 
407 1877 1047 13611.222 1707.337 
375 1950 1020 13641.128 1711.659 
374 1940 1048 13651.032 1710.503 
351 1959 1014 13611.217 1704.24 
364 1904 1068 13581.257 1701.222 
367 1957 1036 13659.509 1714.311 
371 1940 1066 13662.501 1714.475 
373 1945 1035 13640.679 1708.419 
409 1906 1021 13617.509 1707.279 
416 1893 992 13598.44 1703.575 
394 1919 1066 13630.26 1711.146 
398 1924 1048 13665.148 1714.866 
380 1933 1013 13665.304 1715.538 
420 1884 1017 13622.759 1709.043 
380 1925 1022 13625.368 1710.553 
369 1947 1019 13653.864 1710.389 
402 1902 1012 13619.745 1707.448 
387 1930 1011 13629.237 1708.909 
385 1908 1050 13635.628 1704.881 
381 1932 999 13633.547 1707.777 
402 1902 1013 13619.641 1707.447 
409 1888 1027 13602.687 1704.59 
351 1966 988 13612.757 1706.35 
411 1849 1033 13565.589 1702.987 
411 1871 1029 13606.566 1705.852 
403 1912 1010 13616.424 1709.554 
409 1882 1042 13628.291 1710.607 
333 1989 960 13619.265 1705.986 
333 1969 985 13615.263 1704.748 
403 1888 1055 13633.073 1707.49 
400 1914 1040 13653.963 1710.808 
406 1885 1061 13610.9 1706.268 
415 1862 1046 13564.956 1703.051 
375 1926 1024 13619.117 1706.615 
401 1911 1046 13639.786 1709.51 
