393 1996 1059 13742.154 1724.295 
408 1982 1077 13736.405 1726.147 
397 1998 1049 13732.903 1725.187 
401 1992 1062 13749.456 1727.531 
402 1991 1071 13750.94 1727.359 
377 2014 1030 13737.592 1726.148 
392 1998 1059 13742.235 1727.322 
400 1992 1094 13741.943 1726.594 
407 1990 1120 13766.351 1730.11 
389 2012 1100 13774.208 1729.839 
391 1996 1076 13740.387 1722.205 
408 1979 1075 13746.982 1727.445 
409 1979 1076 13748.276 1727.405 
391 1991 1106 13754.847 1726.837 
416 1981 1077 13742.984 1724.115 
400 1995 1054 13751.662 1724.993 
432 1967 1097 13741.042 1726.274 
429 1962 1132 13772.831 1727.872 
397 1994 1105 13758.939 1727.642 
406 1997 1054 13751.212 1729.118 
412 1984 1101 13763.61 1725.925 
409 1983 1102 13762.404 1724.057 
447 1943 1085 13748.106 1725.945 
428 1978 1125 13780.521 1728.777 
430 1966 1104 13769.09 1725.355 
446 1931 1106 13740.423 1727.416 
409 1979 1103 13756.938 1725.75 
429 1968 1085 13761.325 1728.78 
430 1968 1094 13761.043 1728.826 
429 1964 1097 13758.184 1727.545 
433 1964 1095 13753.221 1726.758 
430 1962 1124 13765.285 1726.566 
430 1962 1125 13765.199 1726.549 
433 1964 1096 13753.188 1726.755 
434 1963 1095 13753.18 1726.753 
420 1957 1134 13752.507 1724.134 
431 1967 1091 13761.854 1728.947 
433 1959 1100 13762.148 1727.253 
451 1926 1130 13733.357 1723.21 
441 1933 1123 13725.45 1721.575 
442 1932 1123 13725.274 1721.546 
443 1931 1124 13726.22 1721.625 
432 1961 1120 13747.403 1724.672 
409 1981 1095 13746.076 1726.751 
437 1944 1140 13742.789 1725.052 
438 1947 1127 13758.496 1726.849 
413 1989 1078 13740.653 1723.922 
440 1944 1123 13752.699 1724.751 
413 1988 1070 13748.13 1723.667 
439 1945 1123 13752.63 1724.742 
434 1962 1097 13758.916 1726.75 
414 1981 1086 13747.848 1723.135 
408 1981 1093 13747.696 1727.153 
440 1956 1115 13765.186 1727.169 
439 1949 1128 13760.516 1724.314 
455 1942 1115 13762.476 1726.577 
409 1981 1094 13748.224 1727.107 
445 1959 1121 13764.604 1727.129 
420 1974 1128 13753.135 1725.869 
436 1962 1096 13753.22 1726.032 
415 1981 1068 13732.403 1724.837 
