619 3133 1681 13567.017 1699.533 
655 3095 1659 13555.495 1698.292 
646 3102 1670 13562.019 1698.068 
584 3191 1687 13581.54 1699.64 
602 3150 1693 13579.737 1700.664 
644 3128 1671 13574.307 1702.422 
602 3150 1694 13579.681 1700.652 
585 3187 1666 13577.24 1702.541 
609 3183 1674 13592.262 1702.739 
596 3192 1669 13594.386 1700.769 
604 3183 1691 13572.582 1696.973 
601 3200 1647 13563.615 1699.676 
618 3171 1687 13573.718 1699.232 
570 3218 1620 13573.797 1701.079 
612 3172 1677 13594.763 1701.438 
609 3180 1681 13593.285 1700.329 
622 3165 1668 13581.457 1696.882 
594 3179 1675 13561.845 1701.612 
579 3222 1612 13583.013 1697.283 
612 3153 1705 13582.496 1699.9 
596 3160 1675 13594.707 1703.739 
611 3166 1668 13583.672 1701.981 
586 3176 1667 13570.852 1703.607 
591 3179 1650 13586.948 1705.88 
593 3180 1693 13593.913 1702.183 
591 3198 1647 13584.547 1701.968 
614 3133 1706 13585.109 1698.271 
621 3161 1667 13576.894 1702.403 
572 3216 1635 13574.955 1703.857 
586 3201 1656 13568.505 1699.474 
579 3206 1678 13587.854 1703.781 
654 3111 1658 13549.508 1697.225 
641 3107 1678 13543.394 1697.403 
658 3053 1666 13529.895 1693.544 
592 3161 1652 13579.211 1704.555 
608 3145 1672 13582.829 1703.329 
581 3199 1648 13583.608 1700.949 
629 3129 1712 13562.391 1701.079 
632 3107 1699 13558.514 1696.789 
643 3099 1709 13569.124 1697.783 
559 3231 1650 13561.807 1696.706 
632 3138 1687 13551.647 1698.651 
615 3173 1678 13581.358 1704.545 
639 3120 1673 13560.463 1698.63 
648 3088 1690 13561.238 1699.78 
621 3118 1680 13570.224 1701.827 
655 3059 1668 13538.943 1697.487 
613 3195 1683 13595.399 1700.1 
620 3137 1681 13565.243 1701.382 
619 3141 1700 13560.078 1699.507 
587 3212 1622 13581.031 1700.774 
637 3144 1680 13587.211 1701.294 
652 3086 1688 13546.227 1694.186 
642 3117 1695 13562.521 1695.193 
630 3144 1668 13587.784 1702.211 
651 3069 1688 13540.857 1697.526 
607 3185 1627 13568.227 1700.71 
647 3105 1697 13556.74 1698.928 
604 3130 1718 13564.991 1700.562 
623 3146 1669 13566.968 1701.001 
586 3212 1644 13579.293 1703.323 
600 3181 1696 13598.023 1700.472 
599 3130 1702 13559.36 1700.641 
605 3129 1719 13565.254 1700.648 
649 3095 1674 13544.676 1696.512 
590 3191 1656 13581.625 1703.233 
622 3115 1682 13574.413 1703.541 
612 3142 1702 13556.312 1701.15 
587 3192 1654 13600.747 1702.947 
627 3148 1665 13563.536 1699.753 
626 3130 1659 13567.082 1703.006 
606 3139 1626 13552.105 1704.615 
633 3118 1695 13569.023 1700.875 
599 3163 1682 13566.272 1702.282 
598 3153 1681 13572.546 1702.157 
566 3230 1649 13573.088 1700.626 
624 3128 1683 13564.518 1697.534 
629 3132 1703 13562.822 1699.358 
593 3176 1661 13593.464 1703.872 
617 3152 1688 13587.094 1701.865 
618 3140 1701 13575.78 1702.849 
580 3208 1685 13591.033 1703.539 
633 3172 1662 13595.295 1702.805 
620 3138 1686 13563.606 1701.536 
634 3145 1662 13572.641 1700.656 
611 3182 1648 13574.082 1700.76 
619 3166 1680 13578.374 1701.483 
664 3049 1661 13534.451 1694.05 
608 3130 1703 13549.163 1700.164 
621 3152 1671 13575.591 1699.674 
601 3209 1633 13602.532 1707.973 
620 3138 1643 13567.216 1704.481 
653 3104 1667 13567.855 1700.254 
663 3037 1687 13513.964 1693.699 
616 3161 1683 13578.722 1700.623 
652 3092 1674 13567.436 1699.29 
621 3133 1675 13582.871 1701.889 
552 3222 1635 13574.354 1697.983 
632 3083 1716 13549.584 1697.52 
591 3184 1647 13586.241 1704.031 
