1021 4976 2644 13550.208 1695.654 
905 5093 2586 13548.652 1695.002 
928 5085 2618 13562.35 1695.913 
937 5067 2583 13546.996 1693.874 
1016 4996 2658 13563.977 1697.609 
896 5071 2555 13527.086 1696.299 
896 5071 2553 13527.078 1696.345 
976 5044 2614 13564.756 1693.859 
985 5041 2638 13580.539 1699.019 
974 5047 2615 13572.507 1697.884 
981 4982 2711 13552.741 1695.778 
1010 4982 2706 13563.676 1697.718 
1010 4981 2706 13563.332 1697.779 
1028 4974 2674 13560.633 1693.595 
1000 5019 2703 13585.09 1698.524 
990 4966 2720 13548.492 1695.228 
985 5053 2604 13566.256 1696.184 
984 5039 2685 13582.969 1699.476 
934 5060 2604 13545.748 1690.903 
969 5059 2661 13587.763 1701.792 
1050 4914 2614 13533.161 1693.1 
1052 4895 2637 13532.374 1692.653 
1057 4894 2670 13533.637 1692.711 
1058 4851 2638 13515.473 1691.232 
1015 4988 2645 13571.853 1699.195 
1015 4987 2645 13571.716 1699.247 
1046 4916 2678 13542.389 1696.256 
1033 4949 2687 13563.397 1698.401 
1046 4916 2679 13542.309 1696.208 
1056 4882 2687 13535.618 1694.443 
1025 4993 2630 13565.761 1697.412 
1024 4994 2630 13565.813 1697.416 
1020 4993 2702 13578.55 1698.73 
1039 4967 2718 13571.843 1698.318 
1055 4912 2639 13533.179 1691.747 
1036 4982 2601 13562.309 1697.411 
1013 4995 2613 13564.378 1697.387 
1010 5031 2621 13578.201 1698.912 
1001 5029 2655 13572.412 1698.98 
1054 4888 2641 13533.09 1693.624 
1017 5011 2699 13577.301 1695.941 
1004 5026 2633 13570.456 1697.653 
1012 5012 2675 13572.092 1698.448 
1027 4998 2642 13575.446 1696.682 
1031 4970 2646 13562.501 1697.891 
1045 4961 2606 13554.024 1696.358 
1051 4940 2611 13549.368 1694.573 
988 5039 2615 13564.101 1694.018 
