284 1210 735 13588.735 1704.492 
274 1256 720 13633.475 1708.834 
300 1197 719 13588.487 1706.448 
309 1177 741 13594.102 1702.687 
279 1248 725 13659.135 1706.496 
249 1272 728 13643.376 1712.333 
278 1240 729 13620.936 1706.546 
287 1250 703 13623.679 1707.026 
285 1207 742 13591.076 1708.746 
257 1259 732 13596.561 1710.552 
258 1292 692 13653.05 1715.809 
282 1257 722 13600.451 1701.509 
259 1291 692 13653.346 1715.678 
297 1247 723 13676.521 1716.106 
258 1251 731 13614.782 1706.88 
251 1304 708 13676.634 1716.881 
250 1305 707 13676.265 1716.853 
264 1220 745 13589.28 1705.749 
273 1288 727 13691.808 1714.425 
260 1307 698 13673.496 1714.191 
256 1307 688 13677.932 1715.084 
249 1304 688 13681.866 1715.218 
262 1281 720 13665.766 1715.231 
285 1262 694 13643.551 1707.88 
271 1290 707 13694.16 1715.358 
277 1292 684 13664.151 1712.437 
221 1306 709 13670.435 1716.558 
271 1284 701 13675.782 1715.707 
249 1318 681 13660.593 1710.343 
272 1263 690 13641.758 1717.564 
261 1278 696 13680.141 1718.109 
286 1260 710 13665.446 1715.915 
268 1291 695 13665.514 1710.949 
281 1264 704 13657.35 1714.213 
264 1284 682 13659.322 1716.653 
273 1274 697 13672.715 1714.65 
257 1301 715 13698.393 1717.446 
244 1315 684 13664.985 1719.208 
271 1279 705 13682.835 1715.435 
284 1263 686 13667.773 1710.626 
287 1236 731 13605.146 1709.837 
265 1292 694 13659.164 1711.76 
278 1278 714 13683.237 1713.731 
259 1290 713 13664.062 1712.467 
242 1326 690 13685.635 1716.525 
