441 2022 1143 13856.642 1739.048 
427 2033 1126 13839.316 1739.024 
473 1982 1184 13873.244 1741.835 
449 2002 1180 13860.474 1740.906 
405 2056 1116 13827.088 1736.512 
414 2044 1145 13839.454 1738.229 
429 2016 1139 13836.855 1739.163 
428 2032 1126 13845.435 1738.565 
479 1973 1171 13861.654 1743.131 
449 2008 1178 13856.921 1740.771 
454 2006 1175 13866.823 1740.011 
407 2049 1113 13829.883 1739.292 
404 2055 1115 13832.83 1738.496 
444 2007 1175 13864.147 1741.685 
390 2072 1133 13837.68 1738.941 
455 1999 1181 13871.379 1744.008 
465 1988 1157 13859.678 1743.87 
419 2023 1131 13832.431 1738.586 
443 2007 1179 13850.566 1737.968 
469 1981 1174 13861.31 1743.075 
419 2044 1144 13843.324 1738.29 
427 2034 1127 13846.956 1738.811 
422 2029 1146 13828.003 1736.382 
466 1995 1205 13877.391 1742.462 
475 1972 1186 13863.124 1740.915 
433 2018 1156 13837.01 1736.965 
418 2029 1153 13825.814 1737.04 
420 2026 1149 13837.828 1738.567 
420 2037 1144 13835.236 1737.547 
398 2065 1127 13830.523 1737.765 
419 2034 1148 13828.672 1736.496 
448 2012 1162 13871.282 1742.279 
450 2007 1178 13857.623 1740.798 
393 2071 1119 13836.82 1737.939 
421 2032 1148 13830.666 1737.445 
430 2027 1159 13844.007 1737.98 
394 2066 1137 13832.95 1737.479 
411 2053 1135 13843.406 1738.912 
454 2014 1165 13863.888 1740.815 
452 2011 1160 13865.29 1742.752 
451 2011 1166 13875.033 1744.035 
454 2003 1175 13864.713 1741.773 
415 2043 1131 13840.423 1739.833 
421 2038 1147 13833.745 1738.033 
387 2075 1122 13838.699 1737.958 
421 2019 1151 13835.442 1738.304 
469 1988 1166 13859.943 1743.267 
418 2045 1144 13843.893 1738.346 
460 2003 1178 13864.663 1740.117 
434 2018 1156 13836.986 1736.965 
425 2021 1151 13840.369 1738.236 
410 2049 1134 13844.85 1738.921 
463 2008 1170 13884.213 1747.17 
447 2013 1154 13865.153 1741.649 
405 2054 1137 13828.083 1737.177 
418 2028 1152 13830.913 1736.785 
409 2034 1126 13824.574 1740.175 
400 2067 1125 13837.885 1737.139 
458 1999 1178 13865.945 1744.531 
467 1996 1205 13874.811 1743.854 
454 2009 1160 13880.333 1743.589 
430 2019 1160 13836.846 1736.741 
470 1995 1184 13872.837 1739.467 
443 2015 1162 13854.049 1739.88 
403 2059 1137 13839.43 1738.045 
400 2064 1154 13842.848 1738.43 
404 2051 1139 13829.768 1737.425 
454 1997 1190 13855.902 1739.756 
473 1988 1189 13865.169 1742.385 
437 2019 1148 13836.956 1735.368 
397 2066 1127 13830.423 1737.763 
427 2018 1137 13836.797 1740.409 
471 1984 1178 13867.889 1742.582 
449 2014 1176 13869.452 1740.182 
414 2045 1145 13836.091 1739.874 
456 2007 1172 13875.636 1744.231 
