996 5215 2755 13652.753 1708.9 
984 5216 2720 13633.713 1705.537 
1093 4992 2786 13604.766 1702.407 
1038 5133 2826 13643.008 1706.491 
1104 5021 2760 13609.215 1701.834 
1096 4972 2807 13592.789 1700.18 
1000 5174 2786 13636.973 1707.598 
1113 4951 2792 13588.212 1698.747 
1027 5113 2753 13633.336 1707.526 
1054 5090 2752 13615.592 1703.862 
984 5187 2760 13628.507 1704.993 
1068 5045 2837 13630.314 1705.397 
997 5154 2803 13629.638 1707.318 
1097 4965 2763 13589.617 1700.73 
1057 5081 2796 13618.549 1704.212 
1071 5037 2825 13619.873 1704.192 
1020 5123 2818 13634.93 1706.934 
1066 5047 2785 13609.066 1701.23 
1037 5148 2762 13632.985 1705.142 
1044 5064 2816 13619.356 1704.856 
1092 5027 2816 13619.322 1704.839 
1012 5148 2754 13635.393 1708.468 
1032 5127 2802 13637.095 1707.108 
1018 5113 2768 13626.441 1707.767 
1017 5124 2765 13634.478 1707.645 
1078 5045 2774 13617.948 1704.255 
1041 5125 2769 13634.446 1705.016 
1037 5141 2792 13634.09 1706.228 
1043 5104 2802 13620.486 1704.909 
997 5182 2751 13635.89 1706.662 
999 5191 2739 13640.153 1706.91 
1085 5045 2812 13616.924 1703.327 
1086 5039 2820 13624.119 1704.425 
1039 5128 2779 13627.036 1704.964 
1028 5126 2776 13625.798 1707.708 
1057 5054 2816 13617.939 1704.506 
1107 4960 2776 13587.849 1699.576 
1036 5160 2799 13638.689 1707.127 
1027 5166 2795 13636.105 1706.515 
1007 5183 2744 13638.368 1707.157 
1013 5139 2815 13629.415 1705.71 
999 5178 2767 13635.403 1706.69 
1015 5134 2797 13635.05 1707.766 
1063 5054 2814 13628.696 1705.331 
1047 5080 2818 13616.058 1703.902 
1043 5089 2823 13619.79 1703.97 
1058 5071 2807 13625.589 1704.777 
1019 5140 2806 13633.944 1705.756 
1063 5071 2765 13622.477 1705.063 
1048 5096 2810 13624.92 1703.592 
1038 5095 2806 13626.135 1706.89 
1037 5146 2783 13641.474 1706.395 
1002 5158 2756 13634.034 1707.873 
1025 5135 2790 13640.532 1707.521 
1011 5159 2803 13639.46 1706.734 
1015 5150 2806 13637.757 1707.411 
1047 5126 2792 13631.949 1705.622 
1046 5137 2769 13634.273 1705.545 
1039 5141 2775 13636.116 1706.503 
1052 5100 2798 13629.519 1706.133 
1043 5102 2794 13629.799 1707.083 
1097 5041 2760 13617.162 1703.184 
1091 5035 2763 13621.451 1704.528 
1096 4975 2786 13588.589 1699.064 
1102 4970 2780 13588.148 1698.724 
1041 5116 2805 13629.764 1705.908 
1045 5120 2798 13626.442 1704.98 
1070 5072 2756 13623.967 1705.184 
1075 5067 2762 13625.804 1705.435 
1015 5175 2758 13639.326 1706.955 
1040 5103 2778 13629.153 1706.983 
1041 5094 2780 13630.32 1706.203 
1008 5153 2780 13633.247 1707.894 
1014 5150 2785 13629.118 1707.49 
1021 5133 2782 13630.323 1707.672 
1027 5132 2789 13630.75 1707.553 
1029 5109 2813 13633.075 1706.889 
1032 5116 2811 13637.601 1707.358 
1060 5074 2749 13609.911 1702.904 
1062 5073 2750 13618.514 1703.773 
1075 5033 2804 13619.299 1704.592 
1078 5031 2812 13619.589 1704.908 
1084 5059 2771 13629.251 1705.473 
1078 5059 2766 13625.257 1705.591 
1004 5172 2746 13636.006 1706.983 
1012 5173 2749 13635.858 1707.035 
1013 5168 2763 13636.181 1707.601 
1007 5163 2764 13633.286 1706.733 
1001 5191 2725 13637.475 1707.071 
1001 5180 2734 13636.971 1707.214 
1001 5185 2729 13636.206 1706.759 
1089 5040 2782 13620.498 1703.89 
998 5178 2766 13634.399 1707.408 
1039 5081 2820 13625.389 1706.143 
1001 5175 2785 13637.257 1707.644 
1004 5143 2762 13632.508 1708.944 
1015 5130 2747 13622.201 1707.798 
1064 5070 2809 13627.154 1704.751 
