942 4424 2410 13625.354 1704.505 
934 4439 2422 13632.658 1706.054 
932 4462 2396 13635.241 1708.401 
828 4629 2392 13664.773 1710.035 
942 4399 2412 13610.131 1705.364 
941 4402 2414 13608.222 1704.416 
934 4463 2393 13647.161 1710.175 
881 4601 2411 13680.563 1711.918 
881 4602 2410 13680.993 1712.014 
940 4409 2406 13612.424 1705.049 
809 4636 2326 13668.499 1709.367 
945 4389 2408 13606.476 1704.916 
932 4482 2393 13655.899 1709.774 
863 4595 2401 13670.744 1712.545 
867 4600 2392 13665.801 1712.608 
876 4612 2432 13688.045 1712.316 
929 4453 2407 13638.53 1706.533 
848 4623 2387 13677.73 1712.304 
863 4614 2401 13676.826 1712.042 
865 4606 2353 13673.253 1712.337 
935 4445 2409 13637.07 1707.662 
871 4607 2378 13672.137 1713.411 
934 4430 2414 13629.473 1706.941 
904 4541 2395 13666.884 1710.227 
895 4537 2425 13670.428 1709.348 
935 4438 2422 13633.015 1706.106 
933 4466 2395 13648.507 1710.428 
940 4408 2406 13612.481 1705.053 
939 4410 2406 13612.496 1705.051 
892 4566 2401 13669.134 1712.345 
928 4473 2399 13651.275 1710.53 
933 4467 2393 13648.096 1710.386 
818 4631 2361 13666.654 1710.819 
900 4538 2418 13674.215 1710.098 
836 4631 2377 13666.669 1710.758 
934 4430 2415 13629.43 1706.931 
868 4608 2364 13667.992 1712.43 
936 4444 2410 13637.154 1707.666 
927 4505 2435 13668.649 1711.046 
843 4628 2361 13668.762 1711.139 
933 4443 2407 13629.276 1707.762 
948 4457 2404 13650.142 1712.198 
953 4436 2372 13635.347 1706.319 
939 4402 2416 13610.574 1704.551 
876 4572 2412 13673.197 1713.451 
941 4408 2407 13612.857 1705.05 
866 4592 2383 13680.261 1714.315 
906 4560 2376 13663.741 1710.794 
827 4639 2338 13658.675 1710.878 
944 4407 2411 13616.614 1705.842 
882 4586 2402 13672.685 1713.205 
937 4433 2426 13633.491 1705.784 
883 4585 2406 13674.285 1711.823 
897 4576 2414 13676.026 1711.67 
894 4554 2439 13683.861 1712.227 
904 4541 2396 13666.863 1710.223 
865 4606 2352 13673.322 1712.346 
833 4617 2398 13665.005 1710.368 
873 4606 2388 13672.659 1713.192 
823 4645 2373 13665.388 1711.236 
883 4586 2398 13676.637 1712.07 
884 4599 2387 13667.764 1711.628 
826 4640 2338 13659.091 1710.923 
866 4602 2393 13669.275 1712.957 
913 4533 2434 13676.651 1711.436 
901 4534 2414 13667.263 1710.851 
850 4621 2406 13666.77 1709.59 
862 4618 2379 13670.505 1712.765 
875 4594 2382 13667.961 1713.113 
926 4501 2417 13665.916 1711.236 
932 4427 2430 13626.998 1704.381 
924 4530 2450 13683.495 1712.915 
873 4605 2401 13679.771 1712.375 
889 4595 2394 13668.301 1712.0 
898 4546 2394 13665.948 1710.452 
882 4572 2421 13673.863 1710.989 
830 4625 2392 13663.456 1709.934 
897 4593 2391 13681.322 1713.936 
