1105 4944 2812 13604.94 1704.429 
1129 4952 2773 13605.291 1702.824 
1041 5080 2723 13618.022 1705.553 
1096 5069 2781 13644.057 1707.656 
1028 5097 2725 13608.664 1704.352 
1131 4951 2812 13611.346 1702.868 
1117 5011 2774 13630.601 1708.421 
991 5165 2746 13647.743 1707.544 
1062 5048 2787 13621.014 1706.317 
1117 5025 2786 13626.128 1707.379 
1078 5042 2789 13625.321 1707.929 
1055 5076 2755 13622.261 1706.968 
971 5178 2725 13634.584 1707.213 
979 5178 2722 13644.269 1706.523 
1007 5101 2720 13619.862 1704.356 
1038 5092 2706 13607.415 1706.506 
997 5121 2743 13621.595 1706.764 
1116 4965 2802 13610.444 1704.374 
1093 5031 2791 13627.018 1706.04 
1109 5039 2790 13629.85 1707.266 
1101 5041 2790 13632.108 1707.772 
1081 5054 2777 13635.904 1709.076 
965 5169 2735 13627.317 1705.415 
993 5126 2749 13629.168 1704.993 
1119 4963 2790 13610.569 1704.321 
1004 5127 2751 13624.026 1705.061 
1000 5127 2752 13627.683 1705.331 
1115 4969 2791 13615.593 1705.134 
1114 4970 2795 13612.821 1705.147 
1005 5109 2719 13627.3 1705.514 
1117 4972 2798 13613.375 1704.807 
1116 4973 2797 13613.153 1704.849 
1119 4982 2775 13611.979 1705.455 
1120 4981 2776 13612.175 1705.456 
1045 5078 2702 13615.193 1705.592 
1044 5079 2701 13615.351 1705.632 
1005 5110 2715 13627.915 1706.43 
1006 5109 2716 13628.025 1706.439 
989 5165 2753 13633.014 1705.284 
988 5166 2752 13633.114 1705.286 
1097 5044 2776 13629.5 1707.866 
1096 5045 2775 13629.427 1707.852 
1080 5062 2777 13633.431 1707.869 
1041 5081 2751 13623.322 1704.935 
1042 5080 2752 13623.274 1704.928 
1085 5048 2774 13630.138 1708.878 
1084 5049 2773 13630.1 1708.868 
1017 5087 2732 13621.335 1704.437 
1016 5088 2731 13621.372 1704.446 
1057 5035 2794 13619.35 1706.992 
1056 5036 2794 13619.373 1706.996 
992 5145 2750 13633.108 1705.179 
992 5145 2749 13633.139 1705.186 
1012 5099 2707 13618.721 1704.817 
991 5177 2717 13648.851 1707.663 
985 5176 2731 13648.728 1708.337 
1118 4974 2809 13610.907 1704.351 
1001 5137 2738 13624.127 1704.595 
1113 5018 2800 13628.682 1707.228 
1011 5095 2730 13623.971 1705.329 
1122 4962 2799 13615.252 1705.389 
1124 4963 2793 13615.401 1704.142 
1114 4966 2793 13610.139 1705.825 
1079 5064 2777 13633.722 1707.929 
1033 5088 2700 13614.767 1705.278 
1000 5167 2741 13651.085 1708.036 
1125 4939 2756 13594.242 1703.401 
1087 5032 2787 13630.417 1708.015 
980 5190 2713 13655.32 1707.73 
957 5207 2741 13642.098 1707.151 
1114 5014 2787 13627.604 1707.592 
1116 4957 2801 13610.255 1704.678 
1077 5053 2779 13633.459 1708.919 
1110 5027 2799 13629.091 1707.027 
1134 4921 2763 13594.242 1701.788 
