384 2684 1209 13571.862 1695.228 
498 2629 1423 13702.735 1710.612 
502 2652 1412 13728.358 1714.823 
471 2655 1357 13705.8 1712.172 
557 2562 1414 13685.267 1710.92 
554 2581 1409 13700.748 1710.617 
486 2673 1362 13694.379 1711.959 
580 2496 1434 13652.548 1707.38 
545 2574 1427 13697.446 1712.15 
600 2485 1384 13648.618 1705.687 
561 2552 1400 13675.368 1709.101 
574 2531 1375 13671.57 1709.383 
525 2639 1417 13747.405 1718.332 
501 2646 1385 13707.442 1715.503 
520 2641 1382 13729.202 1717.844 
602 2464 1410 13624.58 1706.266 
580 2515 1398 13649.448 1709.347 
596 2474 1417 13639.853 1706.431 
540 2613 1426 13735.803 1716.919 
492 2657 1364 13686.98 1712.664 
492 2662 1339 13687.811 1712.6 
545 2586 1424 13708.823 1712.883 
544 2587 1425 13721.693 1714.665 
559 2541 1409 13667.71 1711.282 
583 2487 1410 13636.221 1709.33 
581 2510 1400 13662.002 1708.655 
574 2510 1416 13654.961 1709.448 
610 2471 1395 13633.72 1706.371 
580 2503 1406 13636.539 1707.153 
591 2497 1388 13645.767 1710.227 
586 2504 1396 13643.798 1707.44 
464 2658 1395 13688.75 1710.634 
471 2655 1390 13696.346 1712.034 
553 2583 1416 13722.434 1715.29 
552 2590 1409 13728.754 1716.466 
482 2670 1342 13693.726 1712.971 
490 2664 1344 13699.663 1712.739 
576 2498 1423 13638.568 1707.981 
576 2501 1404 13647.997 1706.986 
472 2668 1383 13693.604 1711.604 
473 2662 1380 13702.789 1712.323 
596 2492 1401 13651.267 1709.855 
571 2528 1398 13655.248 1708.208 
537 2620 1416 13743.442 1719.683 
534 2629 1411 13746.626 1720.033 
577 2494 1416 13656.324 1708.837 
578 2499 1415 13646.536 1707.686 
599 2492 1400 13636.825 1707.689 
567 2539 1382 13679.269 1711.635 
591 2484 1412 13645.349 1708.855 
562 2538 1422 13681.863 1712.9 
559 2540 1412 13684.215 1713.728 
575 2528 1396 13674.761 1710.286 
544 2602 1401 13729.723 1720.425 
548 2600 1402 13720.629 1717.421 
600 2473 1402 13631.8 1706.818 
599 2483 1405 13632.848 1706.315 
563 2529 1402 13681.108 1713.118 
566 2537 1396 13680.373 1712.247 
482 2649 1391 13720.392 1715.504 
479 2654 1383 13717.688 1714.427 
498 2654 1383 13696.28 1711.647 
492 2655 1376 13692.217 1711.336 
568 2537 1393 13659.44 1708.402 
447 2679 1319 13660.986 1706.059 
454 2680 1315 13666.841 1707.293 
574 2527 1410 13660.892 1709.187 
568 2522 1424 13663.297 1710.222 
574 2520 1399 13664.386 1710.793 
567 2519 1398 13659.583 1711.51 
568 2532 1405 13671.237 1710.139 
566 2531 1410 13664.724 1709.314 
507 2648 1380 13727.963 1718.097 
551 2598 1418 13730.046 1718.29 
547 2604 1422 13730.245 1718.185 
536 2621 1440 13742.146 1717.252 
531 2619 1439 13736.161 1717.973 
571 2538 1390 13672.943 1711.185 
569 2534 1394 13668.535 1711.332 
513 2647 1371 13732.367 1717.541 
509 2647 1372 13728.879 1717.192 
567 2552 1392 13689.294 1711.243 
568 2550 1392 13688.759 1711.209 
593 2496 1409 13644.253 1709.17 
594 2494 1409 13643.888 1709.103 
607 2447 1405 13611.701 1703.517 
606 2448 1404 13611.276 1703.446 
591 2470 1432 13633.615 1705.942 
591 2471 1432 13635.025 1705.786 
488 2664 1378 13705.422 1714.88 
487 2665 1377 13705.41 1714.877 
573 2513 1426 13661.779 1710.147 
572 2514 1426 13662.422 1710.03 
510 2651 1364 13707.777 1712.283 
510 2651 1365 13708.221 1712.278 
539 2601 1430 13728.811 1716.542 
539 2601 1429 13728.829 1716.542 
467 2678 1392 13716.242 1714.755 
554 2559 1425 13704.702 1713.843 
