815 3855 2091 13695.696 1716.812 
844 3843 2144 13691.784 1714.269 
898 3638 2113 13611.675 1707.385 
837 3852 2123 13694.288 1715.722 
827 3850 2160 13686.991 1711.879 
822 3858 2113 13699.711 1715.659 
744 3932 2051 13653.237 1712.139 
825 3820 2157 13675.094 1713.4 
808 3865 2155 13685.044 1716.007 
841 3824 2115 13690.362 1715.151 
833 3817 2125 13682.162 1715.88 
814 3844 2151 13668.28 1714.419 
853 3757 2130 13667.66 1713.872 
853 3766 2142 13655.004 1709.962 
804 3872 2141 13690.621 1714.775 
839 3730 2151 13633.531 1708.078 
798 3868 2114 13698.183 1717.621 
748 3930 2040 13687.958 1716.775 
753 3931 2075 13669.526 1713.632 
773 3929 2093 13690.109 1715.905 
869 3746 2094 13642.772 1708.462 
884 3704 2125 13633.386 1708.616 
817 3890 2142 13695.341 1714.397 
733 3938 2063 13660.553 1712.823 
745 3935 2065 13663.093 1711.881 
797 3909 2136 13696.911 1716.56 
822 3870 2125 13695.735 1715.957 
887 3706 2115 13641.527 1708.128 
808 3884 2134 13698.127 1716.777 
820 3856 2142 13691.437 1715.945 
882 3724 2158 13656.944 1709.725 
876 3727 2151 13651.17 1710.011 
882 3725 2114 13644.366 1708.167 
828 3833 2148 13681.32 1715.534 
821 3834 2142 13675.355 1714.352 
897 3663 2090 13607.523 1701.395 
869 3724 2117 13641.963 1710.798 
806 3894 2137 13694.079 1716.148 
874 3730 2117 13638.687 1707.947 
876 3734 2112 13642.753 1708.697 
813 3872 2116 13691.712 1716.186 
870 3729 2124 13649.356 1709.638 
870 3741 2107 13652.505 1709.875 
808 3871 2126 13694.731 1716.895 
811 3872 2121 13696.631 1715.358 
886 3698 2127 13646.661 1711.348 
885 3701 2132 13645.172 1710.6 
879 3729 2121 13651.978 1710.002 
877 3729 2126 13649.164 1709.189 
778 3912 2097 13682.68 1714.099 
778 3916 2094 13686.002 1714.783 
858 3728 2153 13645.174 1710.726 
811 3885 2111 13694.525 1714.637 
815 3883 2109 13694.077 1716.561 
870 3738 2108 13643.95 1709.0 
872 3739 2105 13646.119 1709.375 
808 3903 2136 13695.72 1715.46 
810 3901 2137 13696.036 1715.518 
871 3706 2138 13645.46 1711.526 
873 3704 2139 13645.388 1711.523 
803 3905 2147 13703.879 1717.31 
802 3906 2145 13703.567 1717.231 
871 3736 2120 13642.9 1708.707 
872 3735 2122 13642.818 1708.703 
854 3731 2150 13647.093 1711.043 
855 3730 2149 13646.786 1710.974 
889 3697 2112 13634.621 1707.554 
888 3698 2111 13634.501 1707.542 
892 3668 2095 13609.539 1704.809 
894 3666 2097 13609.515 1704.798 
893 3667 2096 13609.448 1704.793 
870 3736 2121 13641.672 1710.192 
871 3735 2122 13641.618 1710.19 
816 3845 2145 13688.226 1714.826 
816 3846 2144 13688.853 1714.895 
738 3935 2044 13677.068 1714.069 
896 3656 2113 13624.456 1707.952 
831 3868 2140 13697.054 1716.196 
830 3869 2140 13697.068 1716.202 
897 3655 2114 13624.647 1708.012 
897 3655 2113 13624.763 1708.027 
739 3934 2045 13677.59 1714.116 
788 3915 2113 13679.304 1714.409 
869 3744 2150 13654.637 1710.313 
861 3769 2116 13658.959 1710.738 
829 3826 2106 13694.914 1716.701 
820 3869 2140 13689.287 1716.323 
868 3766 2135 13669.354 1711.194 
777 3913 2096 13682.231 1713.994 
825 3805 2166 13667.418 1712.246 
879 3706 2105 13634.583 1710.08 
869 3740 2112 13652.517 1710.87 
892 3641 2129 13601.187 1703.744 
821 3834 2141 13675.399 1714.362 
