929 4438 2394 13624.141 1706.104 
854 4496 2423 13623.365 1707.504 
946 4401 2367 13614.282 1702.966 
943 4373 2486 13625.465 1705.311 
946 4398 2391 13621.056 1704.241 
891 4479 2447 13646.663 1709.18 
935 4399 2473 13631.478 1708.638 
952 4388 2383 13613.166 1704.184 
893 4473 2419 13642.493 1707.867 
928 4431 2429 13635.748 1706.972 
941 4394 2496 13639.176 1707.4 
912 4456 2416 13638.988 1708.11 
941 4409 2459 13636.446 1706.225 
928 4409 2485 13637.337 1706.619 
835 4511 2337 13612.955 1704.983 
836 4511 2326 13615.561 1705.905 
937 4411 2471 13640.783 1707.521 
893 4472 2435 13637.994 1708.927 
938 4415 2487 13638.75 1706.363 
936 4411 2481 13645.44 1707.967 
927 4437 2467 13637.078 1707.272 
919 4446 2445 13649.527 1710.284 
921 4450 2447 13641.175 1707.564 
909 4454 2455 13639.784 1709.434 
924 4432 2464 13647.437 1709.322 
930 4414 2445 13626.687 1708.399 
932 4418 2446 13634.62 1708.248 
914 4455 2439 13644.063 1707.675 
912 4452 2442 13636.433 1708.129 
950 4397 2463 13634.817 1707.46 
942 4398 2461 13633.551 1707.31 
915 4426 2479 13639.82 1709.042 
924 4448 2458 13644.857 1708.25 
917 4450 2458 13642.03 1707.088 
918 4437 2474 13648.787 1709.774 
920 4439 2474 13641.896 1707.854 
904 4438 2461 13640.986 1708.28 
897 4440 2463 13641.735 1709.46 
961 4376 2388 13609.617 1702.451 
884 4479 2426 13640.938 1709.879 
903 4455 2446 13637.943 1708.18 
917 4415 2486 13637.422 1707.025 
929 4429 2482 13647.387 1708.426 
922 4429 2481 13641.94 1708.873 
927 4427 2481 13642.671 1708.781 
911 4436 2484 13641.266 1708.041 
912 4437 2480 13642.761 1709.446 
920 4419 2487 13632.226 1708.051 
918 4418 2484 13632.611 1706.89 
931 4401 2495 13640.165 1707.947 
930 4403 2494 13640.763 1708.039 
864 4492 2354 13623.43 1707.567 
865 4490 2355 13622.917 1707.539 
962 4321 2387 13581.789 1699.325 
963 4319 2388 13581.508 1699.188 
944 4369 2466 13620.73 1705.291 
945 4368 2468 13620.959 1705.244 
893 4472 2434 13648.213 1708.605 
964 4350 2379 13592.442 1701.446 
963 4351 2378 13592.029 1701.372 
855 4493 2452 13632.908 1708.248 
856 4492 2453 13633.166 1708.307 
840 4501 2388 13622.835 1705.714 
841 4500 2389 13622.932 1705.737 
903 4457 2424 13640.765 1708.682 
904 4456 2425 13640.686 1708.668 
894 4471 2432 13647.927 1708.629 
946 4341 2480 13611.083 1702.478 
824 4520 2320 13608.201 1704.675 
892 4486 2457 13647.593 1708.609 
946 4399 2390 13621.75 1704.24 
912 4444 2481 13644.932 1708.125 
917 4446 2459 13647.821 1709.781 
913 4446 2457 13651.399 1710.063 
892 4487 2421 13643.632 1708.203 
923 4432 2472 13643.175 1707.856 
926 4433 2452 13635.79 1707.898 
932 4433 2403 13624.889 1705.355 
927 4431 2478 13646.775 1707.846 
898 4463 2470 13642.951 1709.181 
901 4467 2467 13650.19 1708.37 
915 4428 2491 13647.824 1708.935 
913 4439 2468 13637.866 1708.497 
959 4382 2398 13614.534 1703.223 
897 4456 2457 13652.266 1709.912 
