466 1910 1163 13770.509 1725.211 
447 1998 1157 13864.074 1742.51 
444 2006 1151 13862.866 1741.942 
445 2000 1150 13862.205 1741.599 
434 2021 1158 13878.243 1743.481 
442 2005 1141 13866.127 1743.767 
442 2003 1152 13860.11 1742.797 
420 2038 1155 13879.472 1743.082 
453 1996 1185 13865.848 1735.436 
466 1892 1171 13756.923 1723.302 
434 2021 1157 13878.34 1743.501 
446 1999 1153 13863.662 1742.157 
440 2019 1167 13866.715 1740.956 
470 1881 1175 13750.913 1722.933 
426 2034 1156 13881.652 1744.75 
447 2021 1184 13892.6 1740.1 
461 1968 1173 13834.66 1732.153 
438 2020 1167 13886.455 1744.437 
457 1992 1146 13853.981 1737.314 
441 2034 1184 13893.119 1740.297 
432 2042 1188 13902.845 1742.355 
463 1902 1180 13767.607 1724.788 
460 1985 1161 13855.426 1737.858 
445 2018 1149 13881.135 1740.937 
475 1888 1168 13764.337 1723.406 
461 1982 1160 13853.163 1737.471 
462 1902 1181 13768.216 1724.873 
456 1997 1155 13859.051 1738.619 
431 2044 1188 13903.743 1742.438 
446 2001 1150 13849.33 1741.13 
466 1892 1183 13753.788 1721.169 
472 1880 1182 13745.175 1720.656 
444 2019 1147 13879.568 1740.81 
445 2001 1149 13849.842 1741.202 
467 1904 1178 13769.461 1722.263 
462 1981 1143 13841.026 1734.627 
438 2021 1135 13877.057 1742.315 
460 1969 1171 13833.866 1731.99 
442 2025 1165 13875.313 1742.046 
449 1997 1168 13857.862 1738.834 
463 1969 1175 13838.91 1730.764 
454 1995 1183 13879.844 1740.88 
476 1873 1172 13746.035 1721.533 
421 2038 1155 13879.432 1743.076 
469 1892 1175 13760.163 1722.738 
435 2030 1179 13888.388 1742.265 
473 1888 1180 13761.872 1722.883 
457 1985 1162 13850.19 1739.174 
458 1982 1166 13850.825 1733.626 
460 1969 1172 13833.597 1731.994 
452 2004 1163 13871.152 1740.558 
438 2006 1180 13872.092 1741.239 
454 2000 1161 13857.751 1737.992 
443 2003 1157 13866.079 1741.708 
472 1900 1166 13769.887 1724.368 
471 1902 1166 13769.628 1724.007 
456 1984 1163 13847.289 1738.958 
415 2043 1155 13878.443 1742.747 
430 2033 1157 13887.709 1744.203 
448 2004 1187 13874.481 1734.889 
437 2031 1192 13897.572 1740.206 
475 1878 1172 13753.617 1722.151 
462 1966 1159 13835.43 1734.084 
448 2014 1147 13880.235 1740.154 
472 1901 1167 13771.1 1724.327 
432 2032 1167 13887.168 1746.134 
433 2027 1161 13877.531 1744.217 
416 2034 1158 13877.078 1743.363 
457 1988 1192 13870.881 1737.53 
412 2056 1166 13887.836 1745.436 
454 1988 1188 13866.547 1738.617 
469 1970 1149 13825.831 1733.455 
468 1889 1191 13758.466 1721.96 
