1004 4450 2535 13694.489 1713.795 
980 4452 2539 13685.319 1711.164 
930 4541 2468 13693.582 1713.737 
959 4505 2531 13698.125 1712.151 
979 4455 2539 13685.65 1711.103 
938 4529 2497 13694.469 1714.88 
957 4527 2477 13694.222 1713.807 
981 4451 2540 13685.401 1711.303 
963 4507 2523 13703.85 1713.072 
959 4513 2513 13702.22 1714.431 
1001 4466 2516 13695.405 1714.455 
977 4506 2479 13700.338 1712.811 
1006 4425 2527 13683.432 1710.241 
997 4438 2543 13688.405 1711.253 
994 4468 2529 13699.811 1714.535 
964 4506 2523 13703.769 1713.057 
990 4483 2531 13704.666 1714.791 
987 4490 2514 13702.091 1714.545 
1003 4432 2537 13686.382 1713.062 
931 4535 2459 13696.124 1715.411 
958 4508 2480 13698.415 1714.907 
935 4538 2471 13698.784 1714.622 
989 4484 2530 13704.697 1714.792 
992 4481 2500 13696.909 1713.505 
927 4537 2477 13696.983 1713.822 
949 4525 2484 13706.464 1715.644 
985 4449 2542 13687.734 1711.077 
971 4514 2507 13700.231 1714.051 
977 4505 2485 13699.185 1712.67 
937 4537 2462 13705.481 1715.284 
989 4491 2518 13708.026 1714.485 
925 4551 2458 13701.278 1714.271 
991 4488 2515 13698.93 1712.918 
936 4530 2492 13703.318 1714.069 
943 4536 2467 13688.643 1710.61 
963 4508 2530 13702.43 1712.827 
963 4509 2525 13698.918 1711.653 
973 4501 2488 13695.306 1712.372 
998 4442 2545 13688.451 1711.1 
953 4527 2481 13708.726 1716.815 
968 4517 2493 13700.795 1712.34 
1003 4474 2512 13705.298 1713.571 
1009 4453 2509 13690.066 1713.492 
1017 4382 2480 13657.476 1708.805 
977 4498 2507 13703.584 1715.069 
952 4535 2489 13702.519 1714.827 
1010 4463 2509 13700.45 1712.883 
986 4494 2512 13705.361 1713.998 
976 4499 2524 13710.756 1716.322 
973 4501 2486 13695.274 1712.373 
992 4469 2533 13700.87 1714.201 
997 4474 2514 13700.61 1715.121 
949 4505 2505 13693.913 1715.61 
1003 4443 2517 13695.562 1713.016 
981 4493 2526 13709.722 1715.979 
972 4501 2482 13700.165 1712.88 
994 4483 2503 13702.312 1713.439 
998 4480 2520 13704.105 1714.776 
