553 2591 1499 13707.035 1722.607 
608 2550 1514 13729.733 1725.183 
549 2621 1399 13728.176 1716.114 
605 2540 1538 13730.285 1724.552 
538 2631 1414 13728.814 1717.963 
600 2572 1521 13749.223 1727.68 
549 2607 1422 13726.051 1717.281 
553 2614 1420 13729.726 1716.626 
547 2615 1422 13724.633 1717.02 
596 2576 1511 13748.388 1728.356 
592 2583 1503 13747.371 1727.696 
601 2558 1543 13735.867 1726.535 
603 2553 1538 13733.15 1726.576 
586 2564 1531 13729.823 1726.281 
543 2614 1413 13725.564 1717.628 
598 2560 1533 13732.924 1725.123 
591 2571 1533 13738.098 1725.919 
598 2561 1527 13729.042 1725.155 
535 2630 1407 13740.919 1719.007 
537 2634 1412 13740.423 1718.286 
551 2607 1413 13725.342 1716.725 
589 2570 1523 13736.678 1726.081 
542 2618 1407 13727.296 1717.137 
603 2569 1511 13745.564 1727.06 
595 2567 1519 13731.687 1727.793 
590 2589 1507 13749.794 1726.242 
585 2575 1536 13736.543 1727.719 
607 2564 1520 13743.83 1727.747 
602 2566 1520 13743.567 1727.707 
540 2610 1399 13720.433 1717.864 
597 2566 1527 13735.754 1724.9 
582 2578 1525 13741.273 1726.151 
601 2576 1515 13743.06 1726.95 
597 2574 1516 13741.261 1726.823 
584 2585 1514 13744.564 1726.094 
605 2543 1527 13729.474 1722.935 
609 2542 1529 13728.755 1723.639 
538 2621 1417 13729.552 1716.758 
540 2623 1417 13727.758 1717.821 
596 2562 1524 13734.752 1725.141 
594 2577 1504 13737.223 1726.681 
621 2536 1539 13739.86 1725.874 
619 2538 1539 13739.915 1725.883 
592 2585 1512 13749.264 1726.691 
591 2586 1511 13747.471 1726.912 
601 2574 1505 13742.413 1727.647 
611 2544 1502 13715.168 1723.554 
591 2565 1526 13732.298 1727.981 
590 2566 1525 13731.65 1727.902 
602 2571 1506 13743.032 1726.804 
602 2573 1507 13742.864 1727.651 
602 2572 1506 13741.807 1727.703 
596 2580 1503 13740.017 1726.915 
596 2579 1503 13739.071 1726.995 
593 2560 1537 13728.971 1726.098 
585 2581 1516 13745.421 1727.126 
554 2603 1416 13722.528 1716.417 
599 2561 1524 13735.79 1724.759 
599 2561 1524 13735.638 1724.787 
545 2616 1404 13717.623 1715.518 
592 2569 1528 13741.982 1727.729 
540 2614 1408 13731.256 1717.648 
594 2568 1522 13736.5 1728.712 
601 2565 1521 13736.737 1725.122 
545 2610 1400 13719.343 1717.674 
591 2580 1518 13746.695 1725.532 
594 2577 1517 13744.094 1725.936 
585 2582 1513 13748.414 1726.454 
497 2637 1337 13672.652 1710.707 
498 2635 1338 13672.5 1710.37 
612 2543 1503 13715.823 1723.633 
593 2560 1538 13728.91 1726.088 
585 2581 1517 13745.369 1727.124 
554 2603 1417 13722.502 1716.411 
584 2577 1535 13741.466 1727.565 
585 2579 1521 13739.058 1726.956 
585 2576 1522 13741.254 1724.572 
597 2577 1503 13738.135 1726.682 
