1126 4954 2828 13626.462 1705.609 
1128 4927 2816 13607.487 1703.291 
1033 5134 2767 13642.888 1709.069 
1196 4843 2820 13586.354 1702.094 
1055 5080 2873 13647.546 1709.97 
1221 4825 2842 13594.829 1703.325 
1218 4829 2826 13592.686 1702.907 
1080 5033 2876 13643.274 1709.328 
1083 5026 2863 13639.251 1708.88 
1211 4849 2831 13590.753 1701.761 
1202 4860 2791 13586.586 1701.783 
1203 4852 2805 13590.814 1703.025 
1210 4854 2817 13592.272 1702.43 
1158 4891 2808 13588.954 1702.003 
1158 4888 2795 13593.293 1703.251 
1156 4894 2772 13589.815 1702.06 
1154 4887 2783 13585.775 1703.623 
1209 4834 2798 13589.144 1703.482 
1212 4835 2811 13588.215 1702.804 
1170 4888 2785 13590.125 1702.616 
1177 4882 2792 13592.197 1703.821 
1190 4863 2813 13593.486 1702.557 
1060 5106 2834 13657.178 1711.333 
1150 4899 2747 13584.557 1701.421 
1050 5124 2826 13658.21 1710.804 
1035 5120 2840 13652.469 1710.766 
1182 4887 2805 13596.734 1703.291 
1112 5027 2853 13643.582 1709.914 
1084 5082 2825 13647.347 1710.233 
1079 5088 2819 13646.622 1710.718 
1080 5084 2854 13658.758 1711.259 
1175 4872 2822 13585.337 1702.818 
1178 4864 2823 13587.814 1699.962 
1042 5110 2836 13653.377 1709.984 
1102 5043 2851 13648.099 1710.077 
1193 4863 2794 13597.295 1703.452 
1193 4862 2802 13594.786 1703.572 
1071 5103 2849 13661.628 1711.493 
1064 5104 2846 13658.221 1711.031 
1101 5068 2843 13657.802 1711.436 
1098 5060 2849 13656.726 1710.587 
1041 5127 2796 13645.601 1709.885 
1185 4880 2815 13601.571 1704.214 
1187 4880 2810 13596.0 1702.286 
1110 5041 2847 13648.039 1710.408 
1061 5106 2854 13660.352 1711.189 
1035 5129 2803 13646.519 1709.418 
1036 5133 2797 13647.153 1709.885 
1100 5051 2859 13653.127 1710.622 
1139 4902 2751 13583.734 1701.246 
1140 4896 2748 13582.875 1701.116 
1082 5075 2844 13655.857 1710.476 
1052 5111 2837 13652.592 1710.41 
1199 4872 2809 13596.056 1702.542 
1195 4875 2809 13592.676 1704.515 
1101 5051 2852 13652.15 1710.214 
1049 5120 2834 13652.619 1710.418 
1043 5119 2834 13653.113 1710.335 
1074 5074 2859 13650.091 1709.647 
1073 5071 2864 13649.568 1710.265 
1086 5065 2855 13653.789 1710.246 
1094 5067 2846 13654.85 1710.368 
1085 5081 2839 13656.533 1710.703 
1083 5076 2837 13656.865 1710.478 
1078 5094 2830 13653.176 1709.359 
1075 5092 2827 13650.174 1710.077 
1090 5070 2843 13654.868 1710.97 
1064 5086 2860 13656.934 1710.762 
1062 5091 2861 13656.827 1710.632 
1092 5065 2859 13649.698 1709.423 
1090 5061 2860 13651.534 1709.79 
1073 5088 2849 13657.344 1710.507 
1070 5086 2852 13656.674 1710.639 
1088 5062 2846 13652.943 1710.573 
1089 5064 2850 13653.594 1710.399 
1045 5112 2844 13650.301 1709.983 
1099 5052 2844 13653.982 1710.329 
1051 5112 2835 13644.599 1709.065 
1053 5111 2833 13647.551 1709.922 
1106 5034 2854 13647.221 1709.45 
1106 5035 2850 13646.657 1709.678 
1068 5093 2854 13656.951 1710.969 
1067 5096 2856 13658.456 1710.132 
1092 5056 2857 13649.776 1709.684 
1099 5054 2847 13651.467 1710.379 
1061 5100 2858 13657.051 1710.914 
1063 5098 2860 13658.158 1710.695 
1085 5070 2841 13657.079 1711.069 
1087 5072 2839 13656.291 1711.012 
1041 5125 2814 13655.69 1710.077 
1040 5126 2817 13654.832 1710.212 
1103 5052 2844 13651.341 1710.956 
1102 5054 2845 13651.916 1711.021 
1043 5108 2847 13649.279 1710.336 
1045 5108 2846 13649.959 1710.344 
1067 5076 2861 13646.882 1710.169 
1068 5075 2862 13647.207 1710.192 
1226 4813 2823 13579.26 1700.43 
1225 4814 2822 13579.199 1700.418 
1091 5053 2856 13651.269 1711.23 
