647 3288 1826 13717.064 1720.888 
749 3113 1909 13695.356 1717.202 
777 3097 1902 13697.62 1717.307 
757 3182 1908 13738.187 1722.174 
744 3172 1868 13717.473 1723.218 
732 3213 1917 13745.16 1725.199 
694 3227 1873 13719.322 1721.973 
757 3184 1871 13726.33 1722.231 
771 3131 1871 13716.553 1719.218 
670 3280 1877 13731.037 1723.193 
760 3176 1885 13732.726 1721.542 
708 3218 1925 13730.395 1721.611 
794 3109 1882 13706.335 1716.775 
707 3223 1911 13724.504 1720.334 
790 3129 1895 13720.243 1718.958 
775 3122 1844 13692.971 1719.603 
770 3112 1853 13697.826 1719.563 
717 3222 1893 13742.121 1724.094 
729 3219 1900 13740.045 1723.83 
674 3281 1856 13741.075 1723.897 
721 3220 1877 13719.041 1720.631 
738 3182 1923 13736.908 1721.548 
676 3269 1879 13720.386 1721.805 
687 3258 1855 13731.671 1722.725 
693 3261 1855 13720.967 1722.105 
781 3120 1900 13713.606 1718.747 
670 3270 1891 13724.832 1721.863 
769 3105 1878 13705.116 1719.957 
779 3109 1882 13708.861 1719.681 
673 3260 1890 13718.534 1722.409 
707 3225 1896 13721.418 1721.333 
737 3186 1899 13715.11 1721.004 
664 3281 1857 13717.564 1721.209 
673 3283 1853 13722.235 1720.924 
733 3201 1899 13729.011 1722.878 
693 3236 1866 13743.368 1725.061 
695 3242 1867 13735.898 1721.566 
685 3244 1890 13706.699 1719.794 
684 3260 1882 13723.135 1722.231 
678 3275 1852 13729.52 1722.349 
690 3233 1901 13706.526 1719.886 
678 3236 1896 13708.247 1720.726 
699 3248 1886 13724.259 1721.289 
693 3248 1886 13731.374 1722.532 
702 3234 1890 13721.411 1721.059 
758 3166 1891 13721.672 1720.44 
702 3242 1860 13719.308 1720.146 
707 3240 1878 13721.184 1721.053 
689 3246 1888 13715.726 1720.671 
690 3240 1891 13720.07 1721.478 
744 3200 1887 13741.782 1722.841 
698 3247 1866 13719.559 1721.733 
693 3253 1868 13716.04 1721.134 
697 3254 1866 13720.699 1722.851 
762 3148 1896 13726.198 1719.51 
734 3195 1892 13722.804 1722.52 
738 3194 1897 13722.723 1722.166 
801 3063 1895 13684.111 1714.81 
687 3251 1885 13724.339 1722.2 
677 3272 1861 13732.154 1722.527 
713 3226 1886 13716.652 1720.322 
711 3230 1887 13718.671 1720.429 
766 3159 1883 13720.709 1720.843 
764 3163 1885 13719.86 1720.563 
680 3251 1888 13717.27 1722.81 
683 3252 1888 13720.69 1721.395 
697 3241 1886 13717.596 1722.66 
700 3241 1885 13716.79 1720.474 
685 3231 1893 13710.293 1721.88 
799 3105 1898 13719.296 1719.726 
797 3106 1897 13718.711 1719.591 
687 3228 1894 13709.403 1722.305 
686 3229 1892 13708.922 1722.229 
715 3235 1881 13726.657 1721.53 
771 3133 1865 13700.076 1719.393 
770 3135 1865 13700.419 1719.526 
737 3202 1889 13740.877 1723.298 
768 3136 1874 13700.292 1718.626 
767 3137 1873 13699.803 1718.577 
707 3235 1885 13715.546 1721.94 
706 3236 1884 13715.176 1721.888 
713 3236 1882 13727.219 1721.214 
714 3235 1883 13727.449 1721.256 
737 3184 1915 13725.907 1720.974 
738 3183 1916 13726.09 1720.96 
745 3187 1855 13721.587 1722.424 
746 3186 1856 13721.691 1722.425 
765 3147 1902 13722.524 1720.908 
765 3148 1901 13723.335 1721.046 
736 3205 1888 13741.897 1723.322 
736 3204 1889 13741.19 1723.302 
705 3237 1882 13715.089 1721.864 
706 3236 1882 13715.244 1721.895 
775 3121 1889 13715.645 1719.42 
776 3120 1889 13715.525 1719.412 
702 3231 1898 13706.634 1718.33 
701 3232 1898 13706.669 1718.338 
803 3067 1892 13688.157 1716.69 
802 3067 1893 13688.14 1716.686 
680 3268 1864 13729.681 1721.739 
