877 3651 2064 13599.255 1702.612 
738 3920 2127 13668.178 1712.611 
693 3967 2058 13657.022 1711.287 
892 3646 2148 13622.054 1704.616 
806 3766 2105 13642.085 1712.271 
704 3953 2036 13647.778 1708.306 
692 3941 2052 13641.706 1711.499 
722 3925 2051 13640.656 1708.403 
873 3665 2140 13612.706 1705.369 
829 3756 2069 13609.613 1707.812 
784 3830 2028 13620.86 1706.48 
829 3768 2057 13602.353 1705.183 
754 3848 2120 13633.121 1707.332 
798 3795 2097 13631.843 1707.412 
795 3819 2035 13613.619 1704.658 
796 3742 2115 13614.783 1707.866 
797 3777 2090 13624.288 1708.838 
853 3710 2135 13626.576 1708.25 
870 3694 2117 13632.38 1709.11 
741 3895 2109 13647.568 1708.572 
776 3899 2099 13659.327 1709.622 
793 3823 2042 13630.068 1710.175 
799 3818 2051 13620.117 1707.388 
783 3841 2110 13647.481 1709.504 
819 3724 2099 13602.101 1704.88 
866 3712 2128 13647.16 1712.006 
858 3720 2097 13634.287 1708.729 
769 3886 2096 13654.808 1711.023 
786 3820 2059 13630.688 1709.63 
872 3661 2122 13615.752 1705.311 
858 3719 2126 13636.348 1709.787 
811 3780 2067 13629.02 1709.941 
802 3787 2075 13631.851 1709.714 
784 3824 2110 13625.29 1706.359 
754 3904 2082 13649.529 1707.977 
746 3875 2133 13654.134 1710.157 
783 3799 2092 13624.56 1709.506 
807 3776 2089 13610.279 1705.09 
769 3868 2102 13644.403 1710.312 
764 3871 2112 13650.793 1710.178 
765 3858 2116 13642.411 1708.766 
775 3854 2109 13645.059 1710.273 
817 3776 2063 13612.225 1705.973 
823 3783 2061 13620.516 1707.692 
807 3799 2049 13613.546 1706.421 
812 3742 2088 13633.674 1711.251 
802 3809 2062 13637.077 1711.065 
794 3817 2065 13640.819 1710.581 
868 3700 2132 13634.613 1709.895 
874 3685 2124 13617.426 1704.835 
870 3692 2135 13627.113 1706.721 
752 3887 2090 13663.319 1712.181 
806 3721 2110 13609.357 1708.32 
814 3724 2117 13611.498 1707.662 
741 3907 2082 13648.955 1712.557 
868 3716 2110 13640.739 1709.897 
859 3717 2112 13635.198 1710.015 
810 3724 2106 13625.654 1710.904 
880 3648 2121 13605.33 1703.116 
876 3648 2126 13613.242 1706.172 
825 3726 2094 13617.77 1710.423 
856 3689 2137 13627.361 1708.518 
809 3797 2067 13621.137 1705.058 
811 3732 2113 13617.466 1708.215 
757 3898 2090 13660.689 1710.453 
748 3897 2093 13661.269 1710.694 
868 3685 2134 13617.67 1707.524 
806 3793 2058 13622.608 1707.441 
818 3732 2092 13632.496 1710.461 
819 3726 2095 13626.307 1710.228 
789 3811 2108 13627.079 1706.802 
786 3810 2100 13624.381 1707.28 
803 3785 2059 13614.227 1707.259 
809 3788 2054 13616.402 1707.291 
750 3877 2124 13644.248 1709.417 
797 3803 2071 13621.434 1707.619 
866 3686 2143 13622.183 1707.308 
862 3682 2137 13623.721 1708.014 
826 3771 2080 13632.888 1709.815 
820 3774 2083 13636.117 1711.038 
753 3891 2094 13651.238 1711.749 
751 3890 2100 13655.276 1708.93 
816 3722 2105 13615.501 1708.162 
812 3723 2099 13617.99 1709.398 
739 3911 2074 13655.348 1712.05 
743 3907 2072 13651.039 1709.627 
811 3744 2106 13618.235 1707.868 
810 3737 2105 13618.844 1709.421 
816 3762 2090 13600.893 1704.236 
811 3766 2093 13602.537 1703.828 
761 3888 2117 13655.207 1711.234 
716 3935 2070 13647.646 1709.763 
736 3923 2101 13659.777 1711.761 
858 3692 2136 13617.911 1707.295 
745 3876 2132 13654.173 1710.161 
800 3807 2069 13634.431 1711.558 
