744 3079 1678 13620.798 1703.467 
670 3279 1820 13741.036 1726.697 
688 3285 1826 13756.058 1726.609 
636 3321 1779 13718.583 1720.913 
692 3297 1852 13765.058 1725.335 
740 3168 1843 13716.177 1721.533 
710 3213 1873 13723.122 1718.742 
695 3264 1867 13744.106 1723.854 
715 3174 1870 13714.408 1719.379 
736 3189 1790 13707.164 1719.054 
639 3319 1786 13741.775 1725.226 
734 3194 1847 13729.922 1720.393 
725 3206 1846 13734.779 1720.968 
736 3186 1804 13707.871 1718.211 
739 3185 1816 13702.794 1719.711 
722 3166 1865 13701.782 1716.248 
728 3175 1864 13708.787 1718.16 
661 3312 1793 13725.543 1723.656 
727 3214 1829 13734.887 1719.802 
707 3201 1834 13731.578 1721.747 
724 3195 1860 13715.834 1718.176 
725 3189 1855 13724.468 1719.383 
726 3204 1832 13727.682 1720.786 
724 3214 1827 13719.512 1720.829 
710 3218 1825 13726.112 1722.981 
705 3248 1822 13723.87 1721.179 
694 3272 1835 13738.884 1722.395 
716 3231 1795 13722.588 1721.533 
704 3232 1825 13719.227 1723.255 
707 3233 1823 13728.212 1720.919 
704 3251 1821 13746.068 1723.94 
650 3315 1793 13731.575 1721.683 
709 3259 1818 13744.733 1724.165 
717 3215 1804 13717.604 1721.327 
719 3224 1801 13718.791 1721.776 
668 3315 1757 13726.753 1722.085 
647 3311 1810 13734.297 1722.197 
646 3314 1801 13735.904 1721.643 
710 3219 1842 13712.2 1720.567 
700 3240 1824 13728.247 1722.566 
732 3199 1836 13718.155 1720.702 
731 3207 1838 13717.169 1722.437 
715 3236 1830 13725.195 1722.446 
711 3231 1832 13730.415 1722.507 
700 3238 1841 13730.158 1723.191 
725 3214 1843 13720.452 1720.007 
722 3208 1839 13718.326 1720.141 
706 3223 1845 13724.128 1720.118 
703 3261 1826 13732.511 1722.06 
703 3260 1820 13737.309 1724.089 
705 3224 1835 13715.805 1719.557 
740 3184 1856 13718.635 1719.705 
734 3185 1854 13716.77 1719.602 
717 3210 1830 13726.709 1720.438 
718 3212 1834 13725.011 1719.706 
690 3274 1854 13744.445 1722.655 
687 3276 1855 13745.092 1722.701 
656 3316 1755 13729.851 1721.771 
659 3315 1754 13729.058 1721.571 
743 3100 1733 13645.466 1707.463 
742 3102 1731 13645.384 1707.468 
716 3216 1820 13718.548 1722.319 
741 3171 1816 13711.88 1717.677 
726 3186 1848 13711.758 1718.656 
734 3205 1821 13735.957 1722.917 
695 3268 1835 13751.486 1728.28 
735 3195 1821 13708.829 1720.583 
720 3214 1814 13722.898 1720.395 
726 3209 1845 13725.872 1718.497 
671 3310 1858 13756.857 1725.79 
686 3304 1860 13768.074 1725.372 
715 3221 1835 13722.313 1720.56 
697 3238 1823 13734.298 1722.169 
716 3217 1869 13738.898 1721.671 
721 3211 1848 13717.59 1719.992 
703 3266 1873 13742.41 1721.976 
698 3260 1818 13738.205 1724.732 
