493 2716 1426 13753.595 1722.946 
577 2586 1496 13740.953 1719.902 
530 2697 1460 13781.039 1724.955 
491 2733 1388 13747.921 1721.889 
521 2664 1441 13766.263 1725.193 
557 2642 1436 13741.453 1719.954 
477 2746 1409 13754.821 1724.286 
487 2733 1405 13761.988 1724.906 
605 2558 1481 13736.336 1720.996 
536 2692 1431 13793.566 1730.824 
504 2730 1425 13777.978 1727.545 
597 2574 1457 13743.772 1720.034 
519 2679 1444 13754.055 1725.271 
542 2673 1448 13775.49 1723.951 
530 2667 1483 13773.584 1724.222 
539 2656 1470 13762.287 1725.377 
518 2703 1408 13768.374 1726.864 
526 2638 1490 13739.778 1723.262 
558 2640 1462 13773.812 1725.294 
555 2643 1478 13782.227 1726.025 
534 2650 1484 13774.87 1725.203 
520 2706 1423 13769.526 1725.527 
562 2626 1478 13763.205 1722.512 
556 2641 1451 13762.315 1724.457 
506 2723 1420 13793.674 1727.903 
550 2625 1499 13751.299 1721.074 
540 2637 1493 13745.495 1723.015 
577 2592 1468 13738.421 1720.424 
544 2649 1452 13778.413 1727.09 
572 2628 1428 13747.5 1723.092 
561 2625 1436 13748.993 1722.694 
586 2577 1435 13725.162 1720.676 
550 2657 1457 13757.818 1721.98 
537 2685 1424 13779.866 1729.595 
553 2656 1429 13766.616 1726.537 
545 2645 1485 13753.102 1723.185 
548 2634 1490 13757.938 1722.436 
530 2685 1442 13763.669 1726.186 
605 2560 1459 13737.909 1719.315 
598 2566 1467 13732.764 1720.645 
535 2678 1461 13769.98 1722.279 
509 2712 1418 13784.746 1727.233 
575 2603 1511 13750.837 1721.226 
576 2611 1505 13759.144 1722.699 
553 2636 1487 13772.865 1723.919 
541 2639 1488 13768.684 1724.631 
536 2659 1475 13782.523 1726.347 
582 2587 1456 13741.599 1722.582 
523 2700 1409 13752.893 1723.797 
535 2701 1410 13756.526 1723.041 
583 2584 1444 13732.664 1720.1 
549 2666 1440 13766.077 1725.17 
553 2664 1421 13754.299 1722.103 
538 2694 1416 13785.923 1729.69 
535 2695 1412 13774.767 1727.053 
575 2598 1443 13748.889 1725.236 
577 2593 1454 13751.123 1724.649 
541 2670 1459 13761.561 1723.652 
537 2676 1449 13760.532 1724.245 
585 2570 1445 13735.887 1720.798 
552 2687 1416 13761.306 1723.454 
514 2703 1437 13771.219 1726.988 
514 2692 1437 13774.747 1726.407 
542 2693 1414 13762.636 1724.846 
537 2688 1426 13752.032 1722.908 
549 2651 1465 13778.082 1726.135 
527 2696 1392 13764.265 1726.455 
539 2664 1447 13762.417 1725.201 
511 2719 1416 13773.277 1727.126 
537 2681 1434 13771.855 1724.157 
531 2685 1439 13776.47 1728.333 
589 2574 1459 13730.012 1720.732 
589 2576 1449 13726.806 1720.689 
571 2626 1451 13759.725 1722.511 
561 2615 1487 13760.275 1724.412 
554 2613 1500 13762.214 1722.367 
563 2612 1504 13759.612 1721.185 
520 2724 1418 13778.332 1725.014 
520 2716 1412 13776.282 1725.622 
528 2694 1423 13772.746 1725.067 
528 2693 1433 13774.273 1724.967 
522 2701 1438 13784.378 1726.262 
570 2622 1462 13761.509 1723.732 
563 2624 1457 13756.896 1722.419 
540 2685 1422 13762.544 1724.044 
570 2618 1497 13754.392 1721.432 
567 2615 1489 13751.884 1724.597 
550 2672 1431 13782.537 1729.815 
543 2668 1434 13778.399 1729.443 
553 2654 1445 13762.583 1723.78 
544 2655 1443 13764.037 1725.385 
521 2707 1393 13753.862 1723.25 
529 2704 1392 13756.82 1725.119 
514 2710 1430 13785.034 1727.569 
518 2702 1429 13786.393 1727.199 
543 2677 1430 13757.813 1723.557 
542 2679 1422 13754.845 1724.38 
536 2654 1462 13775.245 1727.136 
538 2650 1467 13779.249 1726.866 
557 2657 1433 13755.188 1722.43 
