903 4334 2417 13551.886 1701.106 
896 4337 2445 13558.791 1696.691 
904 4449 2384 13607.446 1704.253 
891 4453 2406 13612.046 1703.743 
894 4358 2406 13552.678 1700.941 
879 4480 2366 13621.244 1706.743 
918 4321 2446 13555.234 1698.588 
966 4292 2428 13558.379 1698.869 
905 4375 2391 13575.491 1700.931 
834 4567 2375 13643.506 1709.09 
829 4556 2360 13644.174 1708.375 
842 4546 2396 13644.679 1708.434 
866 4472 2418 13629.405 1706.429 
834 4541 2379 13643.077 1708.726 
909 4358 2403 13571.758 1700.789 
923 4349 2426 13578.357 1698.676 
934 4336 2463 13568.117 1698.311 
843 4501 2393 13628.257 1708.113 
853 4533 2360 13637.014 1708.008 
879 4496 2379 13627.782 1705.315 
905 4389 2404 13579.609 1700.282 
926 4363 2418 13575.047 1700.03 
859 4508 2408 13637.37 1706.474 
842 4527 2373 13641.51 1709.683 
954 4291 2478 13565.47 1698.723 
857 4494 2395 13632.772 1708.373 
839 4548 2345 13633.061 1707.24 
950 4308 2464 13564.393 1699.808 
965 4303 2457 13569.232 1699.75 
960 4305 2443 13567.926 1699.76 
936 4323 2455 13562.165 1697.664 
964 4298 2487 13572.471 1698.486 
961 4304 2475 13569.492 1699.869 
928 4365 2436 13571.382 1699.927 
937 4357 2442 13573.346 1700.312 
865 4509 2391 13637.163 1705.963 
922 4369 2405 13568.906 1699.771 
914 4372 2408 13578.498 1700.404 
963 4312 2414 13563.724 1698.29 
941 4329 2434 13573.708 1700.639 
876 4520 2380 13641.327 1708.069 
877 4511 2389 13642.079 1708.606 
946 4320 2407 13570.427 1699.825 
837 4532 2403 13636.598 1707.194 
872 4489 2396 13618.715 1704.415 
962 4307 2400 13558.369 1698.405 
968 4302 2409 13559.26 1698.654 
844 4529 2402 13627.229 1706.368 
945 4315 2427 13564.641 1699.12 
866 4489 2405 13638.202 1710.169 
869 4489 2417 13633.54 1709.119 
871 4497 2411 13638.605 1707.496 
908 4375 2411 13559.263 1700.102 
846 4521 2387 13639.603 1709.004 
846 4529 2388 13632.289 1706.461 
901 4377 2411 13572.36 1699.031 
907 4373 2418 13567.695 1698.079 
856 4524 2398 13634.343 1707.929 
856 4533 2344 13637.487 1708.588 
849 4538 2339 13632.889 1707.315 
859 4520 2375 13645.564 1708.461 
863 4522 2383 13640.111 1707.027 
886 4478 2401 13628.074 1706.269 
955 4338 2413 13567.969 1699.071 
942 4327 2426 13563.929 1698.319 
942 4321 2418 13567.136 1698.371 
873 4475 2396 13625.348 1707.159 
872 4484 2400 13628.564 1706.76 
941 4344 2430 13567.618 1699.468 
941 4352 2429 13573.925 1701.103 
892 4380 2431 13567.461 1699.639 
896 4374 2424 13569.49 1699.785 
879 4384 2409 13561.44 1699.137 
887 4382 2411 13567.036 1699.66 
941 4335 2409 13575.292 1699.6 
949 4331 2417 13564.506 1698.807 
895 4472 2391 13619.269 1704.112 
893 4471 2394 13627.903 1705.446 
813 4553 2380 13629.39 1706.167 
819 4547 2380 13626.801 1706.305 
942 4316 2440 13565.973 1699.557 
974 4291 2460 13570.592 1699.241 
967 4290 2464 13569.89 1699.175 
887 4487 2388 13633.895 1706.505 
889 4485 2395 13632.474 1706.373 
949 4319 2454 13567.596 1698.873 
950 4314 2449 13569.579 1699.827 
938 4321 2440 13557.816 1697.671 
940 4323 2438 13563.083 1697.758 
944 4338 2412 13566.608 1699.538 
945 4339 2417 13568.38 1698.645 
981 4276 2445 13568.408 1699.161 
980 4278 2445 13568.84 1699.193 
849 4520 2406 13634.586 1707.501 
848 4521 2405 13634.141 1707.482 
929 4349 2408 13575.041 1700.194 
968 4292 2447 13562.697 1698.763 
946 4351 2405 13572.501 1699.47 
