987 4452 2460 13678.674 1711.465 
977 4427 2522 13668.052 1709.953 
966 4458 2522 13662.096 1708.613 
974 4457 2536 13679.715 1711.782 
1002 4416 2498 13656.433 1709.573 
995 4418 2476 13651.122 1709.438 
972 4479 2513 13684.363 1713.264 
980 4385 2512 13638.89 1707.734 
836 4605 2434 13666.645 1712.2 
901 4552 2449 13677.146 1712.87 
939 4512 2473 13682.655 1712.602 
828 4606 2398 13649.743 1712.93 
989 4372 2506 13632.465 1705.623 
994 4379 2505 13641.069 1707.899 
909 4538 2454 13669.045 1711.744 
827 4618 2407 13668.878 1713.365 
838 4574 2442 13661.522 1713.489 
856 4590 2420 13668.718 1713.031 
818 4619 2410 13652.19 1711.543 
954 4482 2504 13675.962 1712.642 
933 4520 2484 13678.544 1711.821 
941 4519 2483 13684.1 1711.697 
953 4483 2495 13680.192 1711.617 
801 4642 2386 13660.144 1712.667 
805 4634 2388 13659.995 1711.863 
821 4598 2408 13649.742 1713.402 
829 4592 2440 13657.981 1712.72 
915 4540 2442 13676.737 1712.653 
909 4544 2444 13672.065 1711.717 
860 4585 2419 13660.212 1712.742 
807 4625 2388 13649.369 1710.583 
813 4624 2390 13655.307 1711.536 
835 4585 2445 13663.946 1712.724 
835 4593 2445 13662.265 1712.663 
822 4623 2403 13658.661 1711.363 
820 4622 2410 13661.737 1710.504 
843 4595 2419 13669.946 1712.552 
829 4597 2412 13661.372 1713.336 
840 4585 2441 13651.822 1710.552 
839 4592 2441 13654.548 1711.175 
834 4581 2399 13651.792 1714.128 
833 4588 2397 13651.014 1713.936 
945 4487 2506 13675.73 1711.153 
945 4488 2499 13675.179 1710.368 
858 4572 2421 13670.222 1712.66 
943 4500 2498 13681.234 1712.659 
864 4559 2426 13656.193 1711.084 
928 4480 2517 13655.491 1706.347 
929 4476 2519 13656.513 1706.497 
864 4570 2420 13663.006 1713.156 
861 4572 2422 13663.93 1713.181 
975 4446 2493 13666.832 1710.334 
977 4444 2495 13667.101 1710.35 
899 4533 2434 13664.139 1713.028 
900 4531 2433 13663.335 1712.993 
933 4469 2515 13652.375 1706.049 
932 4471 2514 13652.412 1706.02 
918 4535 2468 13675.354 1712.189 
918 4535 2466 13675.401 1712.191 
1005 4389 2475 13649.068 1709.072 
1004 4390 2474 13649.228 1709.041 
946 4493 2496 13681.559 1712.322 
945 4494 2496 13681.47 1712.31 
954 4484 2486 13675.138 1711.648 
803 4635 2390 13659.377 1713.68 
837 4594 2408 13661.457 1713.1 
980 4440 2497 13659.965 1709.799 
841 4601 2422 13667.964 1713.017 
836 4606 2422 13672.652 1712.082 
984 4394 2505 13646.028 1708.632 
853 4576 2424 13660.341 1712.426 
924 4525 2500 13689.249 1714.403 
863 4578 2445 13667.546 1712.338 
954 4485 2485 13675.129 1711.633 
852 4593 2439 13671.145 1713.326 
806 4628 2395 13659.956 1712.379 
824 4606 2421 13665.467 1713.259 
841 4607 2428 13671.029 1712.64 
938 4513 2473 13682.383 1712.533 
837 4605 2422 13672.212 1712.026 
990 4371 2506 13632.503 1705.525 
862 4571 2423 13663.915 1713.165 
930 4505 2490 13677.808 1710.623 
912 4529 2484 13683.224 1712.314 
828 4599 2391 13650.625 1713.501 
836 4587 2443 13659.507 1712.312 
