436 2011 1140 13825.755 1733.432 
422 2017 1171 13833.171 1732.418 
445 2006 1157 13834.345 1734.445 
447 1987 1173 13850.317 1737.859 
456 1981 1184 13846.019 1737.474 
444 2003 1162 13849.208 1737.764 
440 2002 1170 13845.126 1738.569 
476 1963 1180 13830.075 1736.171 
480 1955 1189 13831.776 1733.063 
455 1986 1184 13836.479 1737.092 
471 1960 1189 13821.91 1735.467 
475 1959 1190 13827.267 1734.219 
479 1949 1193 13829.22 1734.119 
480 1963 1187 13838.49 1735.081 
465 1970 1193 13837.531 1735.515 
430 2012 1174 13849.269 1733.746 
432 2011 1176 13851.252 1734.073 
471 1957 1180 13821.865 1736.195 
480 1954 1199 13836.944 1733.629 
481 1952 1199 13836.225 1733.777 
448 1976 1197 13836.341 1732.842 
438 2003 1177 13855.105 1735.719 
454 1981 1193 13842.024 1738.337 
466 1969 1193 13826.78 1733.155 
466 1966 1177 13843.884 1737.61 
431 2016 1188 13847.695 1736.023 
479 1964 1179 13843.245 1738.398 
481 1951 1182 13821.221 1734.416 
439 2008 1165 13831.674 1732.879 
477 1962 1181 13830.035 1736.181 
471 1967 1194 13823.17 1731.832 
464 2000 1195 13859.587 1737.031 
440 2005 1148 13834.667 1735.018 
453 1984 1199 13822.986 1732.11 
468 1955 1192 13834.923 1739.078 
479 1952 1199 13841.681 1733.596 
492 1948 1213 13845.174 1735.854 
485 1946 1184 13827.408 1735.92 
468 1964 1191 13837.056 1736.722 
466 1961 1198 13828.814 1737.279 
466 1973 1188 13826.108 1733.406 
467 1959 1197 13832.648 1736.601 
470 1966 1185 13842.769 1737.098 
448 1996 1185 13839.634 1737.706 
478 1958 1185 13840.597 1736.075 
473 1949 1191 13822.158 1734.83 
470 1949 1193 13826.504 1736.644 
463 1971 1193 13846.946 1740.197 
475 1977 1176 13844.982 1737.581 
463 1982 1184 13845.242 1737.191 
469 1975 1182 13843.012 1737.387 
466 1964 1200 13827.939 1733.858 
