761 3079 1802 13655.939 1707.805 
712 3267 1905 13791.432 1727.198 
778 3065 1830 13650.682 1710.228 
698 3311 1831 13801.127 1729.4 
709 3289 1860 13792.257 1727.275 
759 3083 1806 13652.274 1708.679 
703 3290 1858 13800.228 1728.717 
723 3265 1912 13792.148 1727.242 
756 3086 1810 13652.979 1708.169 
779 3045 1841 13646.163 1708.254 
697 3312 1830 13800.599 1729.361 
777 3066 1829 13650.664 1710.225 
708 3310 1821 13796.542 1728.118 
690 3315 1815 13795.571 1728.27 
730 3264 1883 13796.414 1729.156 
708 3296 1892 13797.725 1727.824 
744 3253 1869 13796.943 1729.125 
696 3313 1830 13800.567 1729.361 
729 3270 1898 13794.43 1727.845 
727 3284 1869 13796.232 1728.21 
770 3069 1799 13639.243 1707.993 
708 3301 1839 13796.35 1729.013 
757 3077 1806 13646.009 1709.304 
749 3237 1866 13778.738 1727.948 
709 3286 1858 13789.448 1728.537 
708 3287 1862 13792.793 1728.666 
777 3065 1831 13650.333 1710.299 
735 3244 1882 13780.316 1726.1 
706 3311 1827 13796.528 1728.227 
696 3318 1807 13794.15 1728.035 
734 3275 1879 13803.275 1728.867 
704 3289 1859 13800.179 1728.707 
762 3071 1807 13646.62 1707.559 
764 3072 1806 13644.228 1707.345 
751 3242 1876 13791.777 1727.444 
728 3278 1893 13802.449 1729.747 
715 3291 1855 13788.131 1727.101 
702 3293 1862 13797.813 1729.295 
697 3311 1857 13808.646 1728.421 
697 3298 1850 13790.405 1728.913 
713 3309 1851 13807.401 1728.619 
716 3289 1844 13794.699 1727.418 
730 3252 1885 13783.737 1727.053 
765 3068 1818 13644.488 1708.959 
713 3309 1851 13807.412 1728.615 
708 3297 1856 13793.702 1725.9 
780 3060 1832 13648.382 1709.239 
778 3050 1833 13640.97 1707.321 
755 3216 1878 13766.164 1724.581 
744 3258 1870 13792.74 1727.392 
723 3284 1880 13798.904 1727.891 
693 3315 1812 13785.49 1726.65 
770 3068 1800 13638.218 1707.86 
747 3258 1869 13783.945 1726.782 
724 3285 1854 13794.995 1725.879 
688 3328 1811 13797.118 1727.689 
747 3235 1888 13781.536 1728.118 
730 3245 1864 13782.162 1729.546 
682 3316 1847 13798.209 1727.734 
689 3318 1814 13796.442 1728.349 
747 3235 1889 13781.447 1728.104 
743 3260 1852 13782.316 1725.935 
705 3285 1838 13788.472 1729.452 
752 3254 1880 13789.466 1727.575 
769 3080 1804 13646.855 1709.167 
765 3086 1804 13645.212 1709.104 
754 3217 1877 13765.537 1724.505 
722 3285 1879 13798.836 1727.888 
741 3266 1862 13778.033 1725.783 
761 3069 1808 13646.465 1709.984 
696 3287 1844 13784.838 1729.365 
