525 2626 1420 13721.77 1721.774 
491 2650 1405 13728.295 1716.219 
596 2548 1472 13730.917 1716.826 
603 2538 1479 13720.129 1717.417 
605 2537 1468 13728.92 1717.102 
549 2616 1458 13746.82 1719.896 
488 2644 1427 13695.802 1716.496 
476 2659 1413 13704.072 1713.525 
619 2495 1493 13719.916 1715.539 
549 2610 1455 13734.378 1720.87 
619 2524 1483 13742.09 1718.098 
621 2500 1474 13709.16 1714.737 
517 2642 1422 13749.175 1723.896 
635 2482 1469 13703.156 1712.537 
542 2625 1439 13742.481 1722.257 
532 2619 1455 13743.118 1719.88 
501 2643 1427 13708.619 1717.787 
499 2646 1430 13705.338 1712.096 
488 2660 1411 13708.375 1715.526 
492 2658 1417 13709.364 1717.611 
535 2617 1450 13733.47 1719.915 
627 2489 1470 13705.154 1712.428 
524 2635 1440 13742.929 1720.448 
530 2633 1436 13742.098 1720.833 
607 2536 1498 13749.567 1719.222 
544 2617 1446 13732.091 1718.311 
539 2617 1444 13732.319 1722.068 
614 2527 1503 13746.115 1718.398 
501 2651 1419 13707.766 1717.888 
536 2625 1444 13738.876 1719.533 
502 2648 1417 13703.488 1717.154 
540 2622 1445 13736.62 1720.223 
539 2623 1442 13735.664 1720.112 
618 2519 1495 13739.273 1717.92 
618 2522 1494 13738.549 1718.679 
560 2606 1472 13743.62 1721.472 
558 2607 1471 13742.251 1721.44 
537 2622 1463 13744.177 1718.162 
536 2623 1461 13743.379 1718.003 
612 2529 1498 13745.92 1718.956 
610 2529 1498 13746.977 1718.532 
611 2529 1495 13746.718 1718.969 
568 2563 1460 13716.282 1717.82 
567 2564 1459 13715.124 1717.719 
609 2532 1494 13746.051 1718.681 
610 2531 1495 13747.12 1719.013 
490 2635 1449 13692.568 1716.964 
489 2636 1448 13691.783 1716.785 
524 2645 1422 13743.354 1723.59 
523 2646 1423 13743.307 1723.592 
502 2651 1413 13706.197 1717.709 
502 2650 1414 13705.483 1717.393 
480 2662 1395 13724.901 1716.37 
481 2662 1394 13725.303 1716.405 
627 2484 1467 13699.612 1713.468 
494 2651 1422 13704.62 1715.234 
494 2651 1421 13705.289 1715.249 
526 2628 1459 13732.045 1718.745 
526 2628 1458 13731.932 1718.957 
626 2485 1466 13699.674 1713.479 
626 2485 1467 13699.602 1713.475 
480 2663 1393 13725.346 1716.497 
480 2663 1394 13725.346 1716.442 
564 2583 1436 13714.692 1717.963 
452 2668 1396 13675.036 1711.059 
466 2667 1397 13688.411 1712.12 
571 2549 1455 13699.05 1715.701 
547 2616 1477 13748.408 1721.155 
480 2648 1410 13714.487 1717.415 
538 2611 1431 13728.805 1722.452 
629 2475 1479 13699.457 1713.955 
534 2618 1463 13730.2 1719.319 
532 2640 1446 13750.143 1719.824 
562 2560 1462 13704.365 1715.667 
496 2648 1398 13711.758 1714.246 
488 2657 1424 13717.448 1716.848 
620 2492 1481 13716.198 1716.838 
564 2572 1458 13710.722 1716.959 
625 2498 1475 13717.395 1717.0 
536 2626 1453 13738.299 1717.856 
497 2652 1406 13704.57 1716.28 
617 2528 1494 13751.9 1719.646 
