552 2670 1550 13815.541 1732.236 
522 2696 1494 13796.947 1730.36 
612 2600 1480 13772.846 1726.162 
549 2697 1491 13803.586 1728.58 
507 2712 1490 13807.454 1730.213 
510 2709 1488 13801.592 1728.624 
570 2669 1490 13795.465 1731.484 
530 2695 1508 13804.403 1730.409 
527 2698 1505 13806.619 1729.422 
599 2647 1518 13805.62 1729.692 
540 2696 1494 13799.644 1729.607 
542 2693 1496 13802.638 1729.616 
525 2704 1504 13809.216 1729.754 
549 2694 1502 13793.551 1729.424 
520 2697 1509 13804.046 1730.443 
503 2718 1481 13800.93 1727.684 
500 2720 1494 13795.814 1727.246 
567 2691 1533 13838.967 1732.896 
593 2659 1533 13822.231 1731.718 
560 2694 1499 13811.918 1728.806 
598 2652 1531 13821.936 1735.205 
585 2664 1522 13817.867 1734.375 
550 2693 1503 13793.813 1729.462 
548 2699 1482 13800.775 1727.105 
562 2695 1498 13816.212 1728.899 
508 2713 1476 13798.125 1729.735 
610 2628 1527 13792.674 1727.407 
513 2706 1468 13786.949 1728.044 
521 2696 1509 13803.993 1730.44 
601 2639 1499 13799.308 1729.034 
552 2670 1551 13815.47 1732.221 
607 2629 1509 13788.794 1728.071 
590 2664 1512 13806.567 1730.866 
588 2682 1532 13835.275 1730.816 
508 2715 1495 13796.634 1726.881 
607 2628 1535 13800.16 1728.232 
606 2629 1538 13805.206 1731.714 
586 2663 1523 13818.335 1734.483 
553 2669 1551 13815.273 1732.172 
558 2684 1544 13832.17 1735.336 
611 2608 1523 13799.041 1730.306 
600 2642 1514 13792.922 1730.328 
593 2663 1516 13815.169 1730.034 
597 2660 1521 13814.298 1730.923 
610 2613 1527 13793.672 1730.293 
501 2716 1492 13789.146 1726.304 
514 2705 1469 13789.029 1728.386 
606 2637 1535 13808.054 1732.556 
607 2620 1523 13797.057 1729.412 
594 2664 1509 13817.69 1729.809 
592 2664 1506 13813.964 1731.659 
503 2724 1474 13792.093 1726.891 
