205 603 434 13847.645 1736.333 
171 701 417 14058.41 1767.521 
192 670 454 14068.872 1766.359 
157 708 437 14079.949 1770.535 
162 711 415 14107.587 1767.599 
163 710 427 14125.777 1777.066 
182 689 431 14110.048 1770.902 
198 620 436 13874.556 1740.547 
141 723 405 14079.708 1765.207 
153 713 403 14091.914 1770.214 
172 699 426 14092.149 1770.07 
164 689 443 14056.808 1772.961 
152 717 414 14127.65 1774.584 
182 668 432 14059.927 1771.13 
190 660 434 14038.476 1769.872 
187 668 433 14041.546 1767.417 
147 717 415 14100.787 1770.293 
152 720 408 14098.695 1767.955 
143 727 395 14081.852 1766.174 
142 729 396 14090.725 1766.986 
195 622 430 13894.718 1745.766 
172 680 445 14041.369 1769.442 
178 680 440 14040.491 1764.817 
182 678 443 14078.502 1763.654 
184 675 437 14061.551 1766.832 
165 694 444 14090.36 1770.038 
185 683 428 14079.679 1765.955 
172 685 439 14050.779 1771.478 
171 692 440 14087.196 1776.809 
189 678 434 14078.606 1766.483 
182 676 436 14078.004 1768.879 
182 681 435 14086.556 1767.8 
152 714 433 14101.729 1773.28 
159 712 431 14100.515 1772.519 
175 681 440 14090.844 1772.514 
178 682 434 14092.694 1770.247 
178 677 439 14056.238 1764.415 
165 698 438 14092.87 1774.37 
176 690 431 14093.797 1766.39 
143 720 411 14093.963 1771.41 
168 685 443 14081.25 1771.904 
147 726 404 14095.493 1767.183 
146 721 406 14091.421 1768.613 
183 679 430 14073.225 1769.655 
179 683 432 14076.365 1769.662 
173 694 428 14100.497 1765.284 
178 690 427 14099.214 1765.305 
168 694 439 14077.21 1767.772 
171 699 431 14077.593 1770.071 
168 696 435 14079.778 1771.625 
180 675 446 14057.679 1770.179 
158 719 414 14120.046 1769.323 
161 717 416 14124.869 1769.803 
179 676 445 14051.694 1768.853 
167 696 436 14088.503 1768.779 
169 695 437 14093.867 1769.498 
173 690 435 14090.458 1771.334 
195 618 441 13883.818 1745.423 
164 706 433 14105.317 1774.215 
176 690 437 14072.214 1767.685 
178 687 433 14071.816 1766.573 
173 678 444 14056.314 1770.851 
143 723 399 14102.566 1767.394 
147 722 399 14100.538 1765.387 
173 691 427 14079.926 1768.912 
170 694 429 14080.013 1767.217 
149 718 412 14111.225 1770.857 
148 719 413 14115.801 1771.052 
177 676 440 14056.428 1771.454 
175 676 441 14053.318 1770.497 
167 689 441 14065.179 1766.798 
168 688 442 14068.657 1767.127 
196 620 441 13889.136 1745.053 
180 682 438 14064.826 1768.276 
179 684 437 14066.702 1766.705 
184 679 430 14053.953 1764.035 
186 679 429 14056.537 1763.694 
195 623 439 13892.395 1745.909 
197 621 438 13890.862 1745.522 
200 617 441 13888.462 1745.092 
204 611 443 13890.325 1746.155 
202 613 442 13888.611 1745.762 
204 611 442 13887.371 1746.156 
185 675 435 14037.905 1760.135 
183 677 435 14036.847 1760.063 
167 701 432 14108.549 1771.626 
165 703 431 14108.432 1771.507 
200 616 440 13893.114 1746.514 
200 618 440 13890.99 1746.561 
176 687 441 14056.415 1766.77 
176 687 440 14056.541 1766.775 
142 722 413 14127.379 1772.017 
163 698 442 14098.863 1772.794 
183 682 430 14059.7 1768.443 
173 687 444 14083.589 1768.211 
175 688 435 14085.364 1771.096 
