831 3793 2204 13663.159 1707.524 
906 3713 2146 13642.246 1706.384 
900 3745 2216 13683.126 1712.799 
801 3898 2123 13695.223 1713.375 
792 3893 2152 13704.197 1713.643 
799 3907 2145 13702.733 1713.782 
861 3810 2172 13676.886 1709.275 
805 3861 2181 13682.648 1710.831 
847 3824 2145 13677.485 1712.769 
854 3803 2146 13661.827 1709.588 
859 3816 2146 13666.245 1708.485 
858 3801 2183 13685.032 1712.944 
851 3814 2203 13691.571 1712.427 
843 3820 2196 13688.463 1712.421 
847 3833 2157 13691.462 1710.144 
834 3851 2138 13681.487 1711.091 
854 3795 2186 13675.008 1712.1 
846 3842 2148 13670.871 1708.416 
830 3836 2179 13683.813 1710.54 
853 3826 2162 13670.154 1708.793 
850 3830 2158 13679.411 1709.212 
870 3808 2142 13673.135 1711.19 
830 3862 2122 13678.427 1709.933 
816 3858 2175 13691.409 1710.872 
841 3836 2142 13690.075 1711.379 
821 3835 2173 13670.162 1711.167 
841 3830 2132 13682.054 1711.537 
848 3826 2123 13665.774 1709.778 
838 3839 2116 13684.114 1711.614 
836 3836 2170 13689.17 1709.918 
858 3825 2132 13675.505 1709.616 
849 3821 2131 13671.212 1709.695 
810 3833 2185 13676.996 1711.758 
820 3830 2187 13677.026 1710.475 
848 3819 2165 13688.87 1710.083 
815 3862 2159 13693.266 1713.852 
841 3839 2126 13681.347 1710.023 
833 3826 2180 13679.589 1710.845 
828 3863 2142 13684.799 1709.721 
836 3843 2147 13685.688 1709.29 
831 3848 2149 13680.051 1711.172 
818 3851 2172 13683.586 1710.227 
834 3840 2159 13684.5 1710.81 
840 3836 2158 13682.487 1713.182 
844 3840 2129 13671.988 1709.301 
845 3840 2136 13670.281 1709.018 
841 3841 2137 13677.372 1710.711 
841 3821 2169 13682.218 1709.396 
837 3842 2142 13674.811 1708.856 
836 3827 2169 13682.127 1710.439 
838 3826 2172 13683.455 1710.6 
832 3860 2155 13687.837 1710.002 
833 3857 2156 13686.409 1709.915 
835 3839 2149 13672.995 1709.428 
835 3840 2146 13673.991 1709.377 
891 3771 2209 13683.851 1713.541 
889 3772 2210 13683.288 1713.507 
830 3827 2165 13694.004 1713.23 
812 3870 2168 13703.683 1714.581 
833 3853 2142 13695.89 1713.6 
833 3853 2140 13694.977 1713.627 
828 3830 2165 13694.568 1713.199 
829 3829 2165 13694.52 1713.214 
813 3883 2170 13692.57 1712.055 
814 3883 2170 13693.156 1712.013 
684 3915 1958 13610.693 1702.902 
684 3915 1959 13610.609 1702.901 
777 3911 2131 13698.074 1713.011 
777 3911 2132 13698.001 1713.005 
902 3706 2176 13648.926 1707.782 
884 3792 2242 13700.757 1714.094 
824 3889 2149 13699.557 1711.711 
811 3892 2178 13711.134 1714.616 
863 3793 2159 13662.618 1708.168 
809 3851 2187 13698.874 1713.574 
886 3784 2213 13694.846 1714.217 
837 3840 2116 13684.513 1711.607 
864 3814 2148 13675.038 1709.257 
812 3872 2167 13704.763 1714.775 
860 3798 2181 13670.167 1708.154 
825 3882 2169 13708.415 1713.239 
840 3829 2150 13698.961 1715.676 
852 3821 2124 13663.528 1709.833 
838 3833 2165 13681.462 1711.689 
826 3858 2113 13675.293 1710.844 
