746 3025 1709 13552.224 1696.993 
739 3118 1784 13656.31 1710.206 
735 3102 1793 13656.542 1710.485 
683 3231 1802 13699.309 1716.162 
702 3154 1828 13671.158 1712.698 
691 3234 1788 13695.391 1717.512 
718 3164 1781 13668.689 1714.061 
653 3276 1717 13684.395 1714.487 
656 3268 1729 13689.515 1716.711 
749 3019 1751 13563.624 1698.051 
680 3244 1752 13682.432 1715.474 
694 3219 1762 13675.428 1714.878 
678 3240 1746 13695.62 1716.642 
715 3131 1808 13657.479 1711.817 
757 3003 1751 13560.988 1697.433 
656 3269 1744 13693.978 1716.542 
688 3237 1732 13681.164 1713.601 
691 3194 1808 13674.595 1713.642 
698 3200 1763 13665.076 1713.806 
703 3191 1748 13668.063 1715.666 
728 3139 1790 13663.887 1713.584 
725 3139 1791 13677.036 1711.474 
649 3284 1731 13698.211 1717.51 
643 3278 1738 13690.628 1715.193 
691 3222 1756 13699.186 1718.476 
726 3131 1802 13666.431 1711.611 
722 3141 1810 13665.065 1711.807 
696 3188 1780 13687.708 1716.549 
678 3254 1730 13688.753 1715.268 
677 3244 1737 13683.808 1714.146 
720 3150 1801 13658.619 1710.371 
706 3179 1806 13692.505 1714.749 
722 3165 1778 13683.922 1715.361 
714 3172 1773 13688.904 1714.418 
692 3194 1795 13696.942 1718.795 
669 3258 1778 13693.384 1714.517 
723 3141 1774 13666.725 1712.288 
690 3227 1773 13695.571 1716.029 
686 3206 1793 13675.431 1714.129 
689 3197 1797 13682.347 1715.845 
691 3212 1765 13698.173 1717.951 
696 3217 1772 13690.976 1715.557 
693 3220 1789 13685.075 1716.419 
686 3212 1792 13690.515 1715.809 
692 3205 1762 13681.361 1716.679 
700 3204 1751 13670.238 1715.033 
670 3247 1764 13682.334 1715.515 
674 3249 1767 13693.04 1715.459 
696 3179 1809 13679.43 1713.678 
696 3175 1798 13678.982 1714.835 
710 3153 1817 13661.408 1711.866 
712 3152 1807 13666.852 1710.046 
715 3153 1789 13659.818 1710.493 
656 3267 1759 13699.721 1716.581 
696 3181 1770 13680.692 1717.042 
697 3189 1750 13681.15 1717.763 
699 3199 1754 13680.782 1715.329 
672 3255 1759 13699.967 1717.745 
708 3198 1768 13683.961 1715.6 
699 3195 1771 13679.324 1714.026 
703 3158 1810 13675.732 1712.759 
711 3161 1809 13682.239 1714.938 
740 3028 1740 13562.664 1696.932 
748 3024 1737 13567.86 1697.41 
663 3260 1764 13702.106 1716.947 
669 3265 1757 13703.084 1718.894 
676 3225 1773 13700.365 1715.753 
681 3234 1772 13702.701 1717.125 
679 3235 1760 13696.234 1718.754 
687 3239 1765 13694.982 1716.287 
688 3210 1781 13701.911 1718.946 
689 3202 1781 13695.41 1716.789 
704 3180 1778 13694.767 1718.808 
705 3180 1775 13685.161 1716.031 
692 3225 1751 13684.195 1718.057 
694 3221 1747 13676.039 1715.735 
695 3192 1782 13672.418 1715.629 
701 3196 1777 13667.809 1713.03 
715 3139 1783 13669.618 1713.497 
717 3147 1788 13669.358 1710.537 
761 2993 1744 13553.436 1697.419 
759 2997 1738 13560.118 1697.67 
672 3244 1788 13698.145 1715.917 
696 3204 1779 13679.909 1714.166 
697 3202 1784 13688.165 1715.267 
705 3183 1795 13686.923 1713.898 
703 3189 1796 13693.997 1716.05 
706 3148 1796 13689.834 1715.143 
706 3155 1799 13683.856 1714.905 
672 3244 1773 13708.421 1717.732 
670 3245 1780 13703.338 1717.908 
657 3258 1766 13689.021 1716.704 
660 3257 1770 13689.589 1714.639 
644 3274 1753 13695.352 1715.298 
645 3271 1753 13693.664 1715.23 
728 3093 1798 13633.438 1706.245 
727 3095 1797 13634.065 1706.446 
696 3172 1822 13673.295 1712.78 
695 3174 1822 13674.195 1712.799 
717 3182 1781 13684.122 1715.382 
