655 3269 1769 13700.959 1714.97 
701 3185 1785 13691.244 1715.165 
585 3332 1675 13689.772 1716.037 
702 3182 1826 13699.604 1715.227 
733 3028 1804 13586.298 1707.077 
746 2994 1792 13566.746 1702.239 
751 2986 1754 13552.981 1702.269 
755 2968 1760 13552.841 1703.029 
734 3048 1749 13587.641 1707.323 
651 3234 1760 13700.385 1717.266 
605 3295 1753 13693.963 1714.035 
619 3284 1751 13698.265 1714.426 
628 3274 1759 13695.302 1714.055 
647 3272 1738 13695.253 1713.567 
614 3274 1739 13678.162 1714.982 
725 3074 1748 13603.923 1706.839 
679 3215 1763 13682.884 1714.063 
707 3147 1778 13663.743 1712.12 
736 3034 1775 13589.626 1704.62 
741 3038 1766 13581.471 1704.116 
640 3283 1729 13694.37 1714.071 
726 3075 1768 13600.056 1706.344 
608 3290 1738 13691.269 1714.307 
729 3063 1749 13594.561 1705.524 
723 3065 1760 13597.459 1706.54 
717 3095 1758 13618.558 1707.382 
741 3047 1764 13604.628 1706.801 
736 3056 1768 13610.764 1706.429 
726 3056 1777 13603.912 1707.307 
688 3200 1813 13696.497 1717.131 
682 3210 1773 13690.738 1716.82 
684 3209 1784 13695.042 1715.68 
595 3325 1731 13697.113 1714.865 
709 3149 1759 13665.108 1713.04 
716 3146 1768 13666.732 1712.541 
709 3071 1779 13594.52 1704.89 
678 3205 1808 13694.821 1716.412 
589 3330 1700 13688.773 1712.743 
583 3336 1707 13691.012 1716.262 
724 3049 1787 13604.262 1706.434 
647 3269 1719 13689.689 1716.039 
719 3086 1752 13606.855 1706.868 
579 3321 1720 13683.559 1715.402 
585 3330 1718 13685.014 1713.442 
623 3274 1725 13682.447 1715.687 
717 3066 1780 13601.616 1706.018 
720 3060 1788 13604.322 1706.06 
620 3288 1711 13691.399 1717.062 
617 3294 1718 13695.312 1716.123 
592 3307 1742 13701.587 1714.778 
717 3081 1767 13607.823 1706.085 
722 3085 1761 13612.993 1707.574 
635 3274 1718 13691.677 1717.164 
639 3272 1715 13683.448 1714.405 
663 3214 1777 13696.651 1717.135 
712 3182 1726 13682.863 1715.355 
711 3186 1735 13682.473 1714.223 
747 3015 1789 13582.19 1704.843 
741 3009 1792 13578.663 1706.568 
667 3220 1787 13688.848 1715.395 
665 3222 1778 13690.786 1717.097 
675 3207 1791 13700.941 1718.271 
750 2959 1767 13540.949 1698.492 
751 2962 1774 13546.55 1697.72 
729 3049 1791 13594.042 1705.243 
720 3050 1793 13595.128 1705.087 
594 3304 1739 13689.918 1713.729 
629 3281 1732 13687.442 1713.638 
622 3284 1729 13684.945 1713.95 
602 3308 1738 13688.11 1713.39 
615 3294 1728 13687.764 1714.724 
612 3300 1730 13686.903 1713.759 
674 3209 1798 13691.781 1715.822 
679 3211 1795 13694.228 1716.72 
593 3316 1740 13692.388 1715.619 
633 3277 1757 13687.677 1714.368 
582 3314 1739 13696.308 1717.399 
621 3294 1726 13688.886 1714.873 
572 3320 1698 13681.656 1717.32 
725 3069 1756 13597.827 1707.15 
670 3224 1761 13689.582 1716.167 
610 3317 1736 13709.975 1718.862 
634 3279 1741 13695.482 1714.528 
691 3184 1815 13681.617 1713.404 
669 3232 1772 13703.108 1717.138 
598 3323 1720 13694.216 1714.519 
662 3240 1744 13689.116 1713.935 
658 3215 1756 13693.289 1717.756 
563 3348 1662 13674.966 1714.35 
621 3320 1690 13712.346 1717.064 
