337 1275 793 13796.346 1733.76 
296 1361 744 13876.484 1740.138 
324 1300 753 13849.033 1746.548 
333 1297 774 13863.866 1750.637 
319 1308 782 13851.026 1737.064 
314 1306 750 13831.413 1750.305 
324 1304 773 13847.75 1749.177 
342 1275 787 13829.712 1744.467 
288 1374 758 13886.295 1741.757 
289 1370 780 13910.545 1741.991 
309 1315 763 13836.009 1747.616 
366 1249 791 13821.122 1737.302 
335 1287 767 13849.902 1739.816 
315 1317 770 13866.646 1747.463 
353 1252 796 13826.566 1741.722 
316 1317 756 13858.353 1743.788 
317 1326 778 13884.022 1741.316 
338 1296 779 13845.42 1738.935 
307 1310 751 13843.805 1750.642 
348 1274 797 13859.933 1742.504 
313 1321 761 13873.025 1744.474 
304 1324 761 13857.82 1746.337 
317 1292 776 13822.131 1742.86 
314 1291 780 13845.477 1740.68 
354 1270 780 13843.979 1736.584 
317 1301 775 13836.964 1742.775 
315 1296 781 13830.506 1743.014 
322 1291 782 13838.918 1742.616 
336 1289 759 13846.677 1748.02 
341 1284 762 13839.995 1746.456 
304 1336 779 13872.28 1740.617 
337 1273 774 13831.883 1743.951 
355 1264 795 13835.746 1744.487 
352 1256 799 13837.415 1741.552 
303 1335 745 13867.031 1748.113 
303 1334 746 13857.303 1746.804 
352 1276 791 13879.607 1741.974 
350 1278 787 13871.114 1741.853 
309 1325 748 13861.879 1745.627 
284 1378 748 13893.016 1744.374 
334 1294 783 13855.051 1738.401 
365 1251 790 13833.017 1737.758 
296 1358 772 13889.687 1738.682 
284 1382 756 13896.198 1742.412 
283 1381 759 13907.204 1745.021 
330 1286 784 13835.331 1743.213 
362 1253 790 13845.11 1736.477 
361 1256 794 13838.27 1738.646 
336 1282 771 13835.679 1746.907 
338 1278 766 13830.042 1747.288 
354 1269 779 13853.864 1739.809 
356 1267 786 13865.803 1741.523 
346 1283 790 13851.399 1739.304 
338 1281 790 13852.169 1741.811 
300 1353 766 13877.632 1740.589 
301 1346 780 13895.523 1745.021 
288 1365 765 13903.692 1743.816 
338 1286 780 13857.152 1737.679 
340 1293 776 13855.849 1738.397 
311 1329 780 13869.954 1738.998 
306 1321 753 13833.832 1748.441 
310 1320 750 13840.392 1748.076 
313 1330 767 13873.346 1739.536 
354 1266 801 13857.427 1740.33 
297 1355 764 13885.432 1743.772 
302 1349 773 13899.207 1745.224 
308 1317 747 13852.115 1750.047 
308 1322 752 13853.638 1746.702 
299 1355 776 13897.634 1742.203 
355 1268 786 13858.265 1737.351 
303 1350 766 13884.582 1743.175 
286 1372 772 13900.606 1742.38 
321 1312 767 13875.15 1746.152 
320 1315 761 13878.475 1746.709 
343 1282 777 13859.017 1743.758 
342 1281 784 13860.696 1741.937 
336 1286 781 13831.987 1737.898 
332 1282 783 13828.232 1740.522 
360 1264 787 13855.387 1740.658 
290 1365 775 13892.134 1742.348 
294 1360 778 13893.976 1743.439 
310 1330 775 13876.414 1740.29 
300 1360 762 13897.543 1742.688 
304 1355 763 13895.032 1743.766 
297 1350 779 13888.428 1742.701 
297 1349 774 13893.233 1742.353 
305 1339 771 13880.76 1742.66 
309 1335 770 13877.512 1740.297 
274 1386 755 13903.874 1742.901 
277 1382 759 13901.191 1742.328 
308 1348 771 13888.428 1740.099 
306 1347 765 13890.716 1741.155 
289 1376 748 13906.502 1744.441 
287 1375 753 13902.41 1744.543 
354 1272 806 13840.338 1739.419 
357 1267 805 13837.314 1739.067 
293 1357 772 13900.728 1743.461 
291 1367 770 13898.053 1742.157 
293 1363 774 13899.031 1744.459 
354 1268 794 13852.997 1739.84 
