314 2063 1003 13706.244 1722.881 
482 1871 1084 13692.263 1719.592 
346 2018 1050 13717.062 1722.0 
345 2034 1036 13748.11 1725.389 
486 1843 1080 13666.22 1716.283 
331 2046 1047 13735.13 1723.856 
344 2035 1000 13741.138 1729.235 
454 1961 1127 13808.639 1733.261 
333 2043 1031 13728.406 1722.64 
418 1986 1102 13787.078 1733.458 
424 1986 1105 13796.471 1731.543 
451 1965 1136 13812.96 1737.653 
488 1859 1071 13689.979 1721.114 
444 1971 1135 13806.084 1735.837 
444 1969 1140 13797.64 1734.229 
457 1952 1140 13789.95 1734.239 
314 2070 985 13733.974 1725.41 
322 2064 982 13737.016 1723.294 
341 2051 1011 13738.836 1725.273 
343 2049 1003 13735.838 1725.16 
464 1934 1131 13774.732 1730.212 
460 1939 1135 13770.241 1731.068 
346 2034 1028 13731.019 1724.045 
337 2036 1049 13713.296 1724.134 
458 1938 1145 13770.479 1731.758 
456 1944 1141 13772.787 1731.283 
333 2042 1041 13722.221 1722.56 
338 2032 1038 13719.794 1722.948 
336 2036 1043 13718.698 1722.645 
340 2020 1049 13697.458 1722.403 
341 2023 1050 13703.036 1721.559 
433 1977 1128 13804.792 1733.35 
328 2055 1027 13716.573 1724.354 
329 2053 1027 13721.504 1725.045 
327 2058 1033 13728.119 1726.177 
327 2059 1028 13729.42 1726.497 
315 2072 975 13729.521 1723.506 
315 2069 977 13729.018 1723.819 
437 1981 1125 13804.065 1734.477 
435 1984 1124 13803.464 1734.501 
436 1983 1125 13804.694 1734.646 
462 1946 1129 13788.633 1732.674 
461 1947 1128 13788.142 1732.665 
338 2042 1021 13740.989 1725.015 
326 2060 1024 13727.454 1726.247 
326 2060 1025 13727.397 1726.238 
328 2058 1014 13757.955 1724.956 
423 1993 1093 13802.37 1732.818 
361 2027 1048 13724.107 1725.7 
350 2027 1040 13728.48 1723.587 
415 1990 1113 13799.505 1734.711 
479 1846 1077 13678.039 1720.616 
488 1851 1075 13684.274 1720.429 
338 2030 1041 13711.778 1722.494 
339 2041 1029 13741.173 1725.628 
337 2062 1012 13767.76 1728.204 
362 2041 1026 13757.649 1728.164 
454 1962 1148 13807.32 1735.958 
407 1996 1097 13783.183 1731.435 
441 1973 1127 13812.631 1738.076 
313 2063 1003 13706.258 1722.882 
341 2028 1048 13711.511 1723.454 
314 2064 1003 13716.701 1721.636 
332 2051 1022 13721.079 1725.334 
338 2043 1030 13723.163 1724.909 
326 2059 1026 13732.335 1725.921 
346 2034 1030 13728.746 1725.328 
348 2018 1065 13708.39 1722.704 
340 2035 1030 13718.665 1723.463 
332 2045 1030 13720.599 1724.814 
329 2049 1028 13718.177 1724.296 
