965 5146 2635 13609.842 1702.884 
1088 4977 2729 13603.688 1702.519 
1030 5092 2709 13613.221 1701.388 
1015 5079 2721 13630.578 1705.414 
1021 5118 2705 13619.468 1701.859 
1042 5075 2733 13611.498 1701.111 
1110 4926 2762 13594.284 1700.926 
1020 5112 2765 13629.398 1706.758 
1081 5039 2731 13622.262 1701.375 
992 5113 2753 13617.586 1705.555 
993 5129 2739 13619.94 1704.784 
1038 4999 2822 13594.094 1701.021 
1027 5005 2800 13589.554 1701.445 
1082 4998 2776 13624.993 1704.553 
1042 5003 2804 13602.909 1701.823 
1075 5013 2748 13622.135 1703.734 
1096 4916 2773 13581.981 1699.311 
1086 4926 2763 13577.673 1699.398 
1023 5063 2749 13629.078 1704.763 
1083 4947 2776 13584.561 1700.213 
1012 5086 2774 13625.211 1704.155 
1026 5089 2765 13627.308 1707.01 
989 5136 2708 13610.805 1702.813 
1052 5030 2765 13612.378 1704.991 
1085 4976 2756 13612.661 1703.448 
1012 5057 2781 13615.069 1704.203 
1012 5072 2779 13608.172 1703.462 
1060 5030 2743 13615.073 1703.597 
1035 5062 2709 13629.495 1707.052 
1029 5027 2792 13605.493 1701.82 
1071 5027 2772 13621.553 1704.232 
1062 4965 2789 13597.501 1700.143 
1083 4983 2771 13612.464 1702.045 
1053 5022 2781 13616.498 1703.351 
1042 5029 2783 13608.456 1703.772 
1068 5011 2708 13611.786 1706.111 
1045 5048 2780 13621.875 1705.204 
1014 5117 2729 13624.492 1705.776 
1005 5126 2722 13623.965 1704.81 
1037 5074 2736 13635.146 1705.322 
1036 5083 2746 13630.077 1704.879 
987 5142 2702 13625.581 1704.469 
1047 5054 2709 13621.78 1706.835 
1073 4970 2785 13607.311 1701.297 
1081 5003 2736 13614.907 1702.25 
1082 4944 2805 13592.124 1699.506 
1056 5000 2775 13600.175 1700.241 
1049 4994 2783 13594.063 1700.616 
1061 5043 2741 13629.765 1705.713 
1056 5046 2715 13617.626 1704.777 
1045 5050 2721 13616.632 1705.049 
957 5146 2680 13598.061 1704.471 
1099 5002 2747 13612.808 1702.139 
1089 5008 2744 13608.733 1702.261 
1042 5065 2697 13608.259 1702.557 
1044 5061 2691 13618.332 1703.55 
1066 4981 2787 13603.185 1702.401 
1006 5140 2707 13627.999 1706.262 
996 5133 2708 13625.601 1706.604 
1052 5053 2740 13628.616 1704.757 
1040 5042 2764 13613.199 1705.413 
961 5146 2673 13611.02 1702.006 
962 5155 2679 13605.713 1702.797 
1063 4936 2798 13582.407 1699.529 
1047 5057 2757 13632.534 1704.461 
1040 5060 2753 13618.846 1703.611 
1046 5053 2767 13617.22 1704.726 
1034 5073 2771 13625.227 1706.366 
1039 5063 2772 13623.924 1707.858 
1047 5046 2749 13627.693 1704.677 
1074 5031 2752 13623.038 1703.546 
1065 5027 2757 13621.85 1703.588 
1079 4947 2792 13590.508 1699.489 
1069 4945 2792 13594.438 1699.202 
1075 5015 2727 13620.409 1704.277 
1074 5019 2717 13619.01 1704.031 
1029 5053 2736 13628.11 1706.207 
1039 5052 2739 13627.835 1705.606 
1055 5047 2738 13616.763 1703.293 
1063 4955 2790 13582.955 1700.087 
1066 4947 2795 13583.474 1701.641 
1052 4987 2803 13593.875 1700.546 
1058 4984 2797 13596.911 1701.613 
1091 4940 2756 13586.428 1699.819 
1080 4988 2780 13600.229 1700.639 
1072 4987 2778 13604.401 1701.099 
1058 4961 2800 13577.911 1699.932 
1061 4953 2799 13580.341 1698.496 
1042 5049 2756 13618.924 1706.209 
1040 5053 2761 13624.898 1706.694 
1043 5040 2741 13625.328 1706.565 
1046 5043 2738 13618.262 1706.301 
1051 4991 2792 13608.518 1702.419 
1056 4992 2791 13602.519 1701.806 
1084 4946 2759 13589.05 1700.364 
1089 4954 2758 13590.602 1698.752 
1090 4949 2756 13589.107 1700.084 
1035 5068 2758 13607.321 1703.425 
1036 5067 2758 13607.638 1703.439 
1011 5098 2682 13631.818 1706.981 
