489 1959 1200 13873.931 1740.473 
487 1977 1165 13876.506 1741.752 
399 2038 1172 13885.395 1742.489 
504 1942 1180 13867.397 1740.985 
486 1969 1199 13882.854 1741.709 
501 1953 1178 13863.927 1738.427 
376 2059 1140 13864.754 1739.393 
483 1986 1178 13891.182 1741.454 
424 2022 1183 13876.249 1738.235 
397 2042 1145 13868.28 1738.132 
483 1980 1179 13884.312 1740.736 
470 1982 1168 13876.127 1742.43 
413 2025 1169 13865.245 1739.404 
415 2022 1174 13870.847 1739.964 
494 1971 1184 13882.04 1740.365 
487 1965 1180 13877.728 1741.657 
417 2023 1162 13868.509 1739.114 
410 2024 1181 13873.886 1740.336 
412 2026 1184 13869.364 1739.413 
408 2032 1166 13874.049 1742.18 
405 2038 1166 13872.403 1738.494 
421 2014 1174 13873.367 1740.092 
488 1972 1181 13878.587 1740.12 
487 1972 1184 13883.106 1740.594 
432 2007 1175 13867.253 1739.009 
420 2019 1173 13876.008 1739.932 
393 2039 1158 13871.885 1740.366 
397 2040 1156 13868.593 1739.374 
389 2045 1160 13874.475 1741.461 
418 2016 1170 13873.92 1741.545 
420 2018 1170 13872.468 1740.348 
487 1963 1188 13874.946 1740.462 
488 1963 1185 13873.822 1740.237 
392 2046 1160 13873.358 1742.032 
413 2014 1179 13862.317 1739.048 
405 2027 1168 13875.088 1740.83 
405 2027 1168 13873.18 1741.251 
416 2009 1182 13868.151 1740.413 
415 2009 1181 13869.436 1740.231 
408 2032 1170 13871.971 1738.033 
409 2031 1169 13871.526 1738.004 
392 2048 1157 13871.847 1740.162 
392 2047 1158 13871.896 1740.26 
400 2037 1158 13867.73 1740.381 
400 2038 1157 13867.723 1740.305 
411 2029 1178 13869.871 1739.258 
411 2029 1179 13870.203 1739.232 
405 2033 1147 13863.943 1739.155 
413 2008 1186 13856.935 1738.942 
481 1980 1170 13886.173 1741.73 
490 1973 1175 13883.725 1741.676 
402 2026 1173 13858.664 1739.472 
416 2026 1165 13873.225 1739.387 
401 2040 1152 13871.061 1739.945 
485 1974 1185 13888.322 1742.054 
401 2041 1168 13874.499 1739.265 
395 2047 1158 13875.839 1739.786 
479 1977 1175 13878.321 1742.019 
394 2042 1155 13870.043 1740.539 
428 2018 1177 13877.127 1739.977 
404 2035 1171 13875.233 1740.167 
495 1962 1194 13879.858 1741.306 
476 1978 1175 13875.785 1741.591 
430 2012 1178 13874.287 1740.193 
396 2043 1144 13868.333 1738.139 
387 2052 1154 13875.557 1740.597 
503 1944 1199 13867.689 1740.657 
485 1978 1196 13892.443 1741.46 
405 2024 1169 13865.867 1740.419 
496 1948 1186 13857.191 1739.374 
393 2040 1152 13877.685 1738.471 
484 1975 1187 13888.109 1742.128 
475 1980 1175 13878.382 1741.611 
412 2028 1179 13869.774 1739.227 
427 2001 1184 13860.707 1738.9 
417 2017 1185 13861.72 1737.712 
399 2043 1159 13862.595 1737.9 
500 1961 1178 13881.166 1741.267 
485 1976 1180 13892.343 1742.644 
494 1970 1182 13884.741 1741.199 
