1011 5197 2765 13655.166 1711.077 
1111 5088 2887 13671.5 1714.062 
1057 5174 2781 13660.517 1710.072 
1127 5031 2844 13646.197 1709.428 
1029 5196 2836 13686.35 1715.708 
1050 5141 2890 13666.675 1712.244 
1048 5123 2889 13667.076 1710.445 
1080 5116 2891 13678.046 1714.382 
1065 5117 2897 13671.475 1712.553 
1123 5066 2829 13654.74 1711.948 
1021 5180 2845 13676.016 1713.278 
1121 5054 2877 13647.879 1709.892 
1037 5182 2850 13673.866 1711.558 
1078 5152 2842 13665.423 1712.659 
1050 5162 2872 13685.418 1715.042 
1121 5031 2870 13646.929 1711.547 
1043 5173 2814 13676.897 1712.817 
1078 5150 2873 13682.091 1714.153 
1132 5011 2859 13644.396 1711.548 
1140 5012 2847 13645.326 1712.454 
1057 5146 2814 13675.962 1715.368 
1116 5064 2844 13658.62 1711.92 
1075 5160 2804 13664.67 1712.39 
1004 5212 2822 13668.53 1709.866 
1006 5200 2824 13671.094 1712.636 
1112 5045 2886 13658.584 1713.15 
1125 5054 2847 13654.836 1711.881 
1034 5184 2832 13672.398 1713.051 
1038 5178 2798 13671.872 1711.335 
1052 5170 2799 13675.591 1712.278 
1074 5144 2860 13682.29 1714.445 
1052 5174 2834 13675.432 1714.301 
1051 5158 2849 13671.369 1712.588 
1065 5172 2806 13665.998 1712.278 
1118 5055 2855 13667.553 1713.554 
1051 5152 2869 13674.307 1712.788 
1069 5143 2853 13678.098 1716.66 
1069 5162 2810 13675.965 1711.738 
1056 5166 2837 13674.582 1712.081 
1053 5152 2844 13678.084 1714.471 
1114 5033 2885 13656.421 1710.86 
1057 5164 2841 13681.611 1714.7 
1069 5160 2816 13669.894 1712.546 
1118 5056 2865 13659.067 1712.765 
1050 5171 2857 13674.366 1711.566 
1044 5169 2857 13672.498 1711.82 
1067 5153 2817 13664.986 1712.282 
1061 5151 2866 13674.995 1714.124 
1057 5155 2864 13677.012 1714.394 
1059 5154 2847 13673.018 1713.734 
1068 5154 2814 13673.048 1712.659 
1066 5154 2812 13668.614 1712.817 
1063 5152 2839 13670.377 1712.476 
1063 5154 2843 13672.445 1712.058 
1119 5035 2879 13658.142 1712.591 
1121 5059 2856 13660.127 1712.096 
1121 5056 2859 13658.245 1712.485 
1081 5092 2914 13670.833 1714.065 
1112 5048 2860 13662.427 1712.284 
1114 5046 2861 13662.478 1712.281 
1061 5171 2807 13674.32 1712.862 
1060 5172 2805 13673.774 1712.761 
1145 4838 2764 13544.148 1697.646 
1070 5145 2846 13683.389 1714.275 
1071 5144 2847 13683.72 1714.287 
1143 4841 2764 13543.988 1697.583 
1144 4840 2765 13544.282 1697.648 
1060 5170 2817 13668.723 1712.39 
1061 5169 2818 13668.991 1712.416 
1119 5030 2878 13659.953 1712.681 
1118 5031 2877 13659.686 1712.652 
1065 5164 2821 13669.535 1712.731 
1064 5165 2820 13669.296 1712.68 
1101 5108 2904 13676.738 1714.084 
1102 5107 2905 13676.961 1714.089 
1062 5157 2842 13683.342 1715.168 
1061 5158 2841 13683.264 1715.153 
1042 5175 2809 13662.41 1711.447 
1041 5176 2808 13662.333 1711.43 
1045 5177 2803 13665.643 1711.149 
1046 5176 2804 13665.711 1711.161 
1084 5087 2915 13670.223 1714.07 
1083 5088 2914 13670.283 1714.072 
1127 5021 2879 13654.998 1712.524 
1126 5022 2878 13654.96 1712.523 
1040 5175 2829 13676.84 1713.693 
1039 5176 2828 13676.833 1713.693 
1108 5101 2906 13681.502 1716.28 
1108 5102 2905 13682.149 1716.347 
1024 5177 2866 13660.869 1710.578 
1024 5178 2865 13661.174 1710.617 
1063 5155 2805 13667.893 1713.529 
1064 5154 2805 13667.95 1713.53 
1116 5042 2861 13670.658 1714.076 
1116 5042 2862 13670.284 1713.986 
1105 5134 2887 13696.249 1717.576 
1015 5198 2808 13666.963 1710.628 
1064 5137 2877 13675.375 1713.66 
