974 4537 2510 13716.263 1720.365 
1034 4471 2565 13711.149 1720.594 
1040 4419 2537 13686.462 1715.568 
929 4565 2470 13692.615 1717.128 
1007 4490 2557 13723.319 1722.433 
1006 4504 2556 13724.608 1720.98 
1005 4507 2547 13726.632 1721.903 
978 4532 2504 13715.523 1721.828 
942 4552 2493 13711.675 1720.738 
941 4550 2498 13703.639 1718.994 
1012 4490 2537 13716.464 1721.885 
945 4529 2534 13707.606 1718.563 
1016 4487 2566 13712.549 1720.911 
973 4532 2515 13715.019 1720.669 
975 4536 2509 13715.575 1720.36 
1013 4489 2538 13716.935 1721.988 
952 4536 2477 13704.366 1720.532 
952 4528 2517 13705.554 1718.715 
943 4550 2494 13711.532 1720.739 
949 4531 2530 13708.501 1718.509 
953 4538 2515 13705.545 1720.053 
931 4550 2487 13707.123 1720.773 
974 4534 2502 13707.628 1721.103 
1033 4472 2565 13711.216 1720.6 
944 4544 2512 13700.427 1719.406 
985 4517 2544 13724.049 1721.656 
934 4535 2521 13699.973 1719.025 
963 4539 2485 13698.307 1719.54 
922 4586 2455 13704.999 1719.605 
972 4527 2520 13712.197 1720.253 
996 4522 2542 13727.79 1722.059 
931 4557 2473 13693.527 1718.083 
960 4533 2523 13712.535 1718.672 
951 4534 2523 13710.326 1720.551 
939 4580 2467 13711.371 1719.654 
951 4538 2476 13704.975 1720.57 
949 4554 2471 13702.42 1720.291 
911 4589 2445 13701.277 1718.764 
929 4563 2495 13698.898 1718.554 
962 4540 2483 13698.192 1719.534 
951 4535 2476 13690.813 1720.853 
931 4563 2470 13693.187 1717.157 
954 4537 2514 13704.856 1719.913 
916 4566 2479 13694.209 1718.58 
931 4555 2476 13688.165 1715.808 
909 4590 2446 13700.805 1718.909 
913 4558 2480 13688.976 1718.922 
917 4562 2475 13694.067 1718.861 
917 4565 2481 13694.939 1718.631 
931 4557 2472 13693.54 1718.086 
941 4554 2502 13704.613 1718.516 
1009 4492 2550 13724.808 1723.035 
902 4585 2458 13697.97 1720.055 
1015 4487 2533 13718.781 1721.993 
973 4527 2530 13705.694 1719.457 
984 4520 2546 13718.422 1720.213 
943 4557 2451 13691.886 1716.564 
998 4517 2537 13728.611 1722.724 
1011 4491 2546 13714.355 1722.801 
1034 4475 2544 13706.859 1719.441 
1007 4506 2554 13727.528 1722.066 
1010 4502 2559 13727.479 1721.594 
914 4580 2477 13695.662 1719.301 
987 4526 2539 13730.467 1722.727 
1003 4513 2552 13732.452 1722.514 
1028 4484 2573 13717.546 1720.831 
917 4562 2474 13694.098 1718.866 
929 4554 2483 13696.172 1718.555 
1008 4495 2541 13717.125 1722.389 
934 4560 2473 13692.85 1716.836 
974 4531 2505 13712.047 1721.05 
954 4541 2470 13706.79 1719.993 
1024 4486 2570 13715.867 1720.929 
995 4506 2555 13721.724 1720.167 
947 4546 2516 13711.832 1719.254 
