808 3884 2180 13715.83 1716.805 
863 3810 2192 13699.806 1714.775 
897 3645 2121 13600.512 1701.407 
890 3675 2104 13611.887 1702.592 
906 3636 2104 13595.675 1700.766 
884 3668 2083 13608.483 1704.104 
853 3841 2205 13711.56 1716.526 
835 3867 2207 13713.756 1715.016 
822 3873 2212 13716.146 1715.936 
845 3837 2232 13712.741 1716.429 
882 3673 2085 13610.486 1704.109 
876 3792 2164 13687.411 1713.107 
882 3673 2084 13611.257 1704.249 
819 3879 2198 13722.375 1717.342 
902 3656 2119 13608.474 1702.149 
888 3677 2103 13611.59 1702.556 
894 3664 2098 13605.546 1701.592 
892 3665 2096 13604.305 1701.491 
883 3686 2105 13612.868 1703.338 
853 3831 2233 13724.226 1718.551 
823 3872 2213 13716.003 1715.917 
840 3861 2183 13726.334 1718.212 
861 3820 2230 13714.143 1716.916 
843 3860 2209 13730.264 1718.381 
854 3826 2209 13705.135 1715.028 
869 3806 2209 13700.792 1714.702 
901 3653 2111 13602.106 1703.922 
884 3668 2083 13609.124 1704.078 
836 3859 2220 13720.422 1717.224 
844 3839 2208 13712.384 1716.576 
829 3871 2227 13724.19 1716.82 
859 3826 2189 13704.183 1715.516 
833 3869 2209 13723.524 1717.543 
842 3821 2234 13700.972 1715.275 
871 3802 2209 13704.128 1716.457 
887 3678 2102 13611.522 1702.548 
890 3664 2120 13602.977 1701.402 
887 3665 2107 13603.58 1700.589 
888 3677 2102 13611.36 1702.576 
846 3835 2208 13705.673 1715.066 
838 3859 2212 13718.63 1716.678 
840 3834 2221 13714.477 1716.206 
880 3703 2099 13611.523 1702.378 
878 3789 2166 13687.86 1713.147 
862 3819 2195 13705.39 1715.765 
877 3790 2167 13687.502 1713.106 
883 3674 2083 13612.163 1704.491 
841 3847 2219 13716.12 1718.115 
820 3877 2179 13721.831 1716.355 
888 3677 2103 13611.599 1702.555 
902 3656 2120 13608.213 1702.12 
831 3875 2209 13725.318 1717.831 
