762 3920 2090 13683.732 1715.021 
798 3875 2131 13689.928 1717.393 
668 3938 1955 13623.073 1706.849 
877 3690 2132 13614.635 1706.504 
773 3905 2110 13689.128 1716.424 
811 3838 2125 13674.74 1716.086 
882 3695 2118 13624.302 1710.216 
822 3822 2130 13672.687 1714.119 
871 3714 2119 13620.686 1709.594 
815 3864 2090 13675.812 1714.458 
800 3884 2132 13692.4 1715.75 
810 3839 2137 13684.029 1715.977 
854 3753 2078 13624.431 1708.545 
900 3675 2139 13613.695 1707.002 
872 3697 2095 13621.838 1710.411 
687 3936 1996 13634.195 1708.373 
761 3921 2107 13686.674 1715.642 
809 3839 2121 13681.357 1716.192 
780 3896 2096 13679.765 1713.637 
880 3699 2097 13610.326 1705.066 
817 3827 2129 13676.647 1714.097 
875 3694 2137 13610.94 1706.857 
817 3826 2141 13680.782 1715.975 
801 3886 2075 13682.32 1714.778 
811 3835 2116 13677.505 1715.576 
876 3709 2116 13622.889 1709.682 
755 3916 2096 13680.646 1715.834 
807 3869 2133 13690.213 1716.955 
812 3829 2133 13676.447 1714.784 
897 3655 2145 13601.987 1706.393 
849 3738 2090 13609.047 1706.908 
824 3834 2099 13673.456 1713.332 
774 3898 2092 13672.313 1713.33 
864 3708 2124 13604.397 1704.961 
767 3915 2086 13686.949 1717.256 
825 3763 2064 13614.444 1708.431 
792 3886 2106 13684.37 1716.412 
894 3657 2148 13604.211 1705.646 
888 3681 2147 13617.854 1707.944 
809 3856 2107 13674.687 1714.186 
723 3932 2012 13651.316 1709.237 
781 3907 2056 13686.809 1714.291 
868 3698 2135 13623.494 1709.267 
889 3690 2113 13610.56 1705.459 
786 3903 2086 13688.183 1714.838 
874 3696 2095 13622.51 1710.451 
780 3892 2077 13678.645 1715.467 
823 3838 2096 13676.774 1710.814 
855 3732 2111 13619.54 1707.5 
872 3698 2122 13612.277 1706.196 
781 3892 2105 13688.218 1715.163 
822 3829 2102 13669.1 1711.845 
878 3720 2090 13622.422 1706.021 
803 3863 2134 13685.041 1716.91 
868 3699 2122 13608.289 1708.017 
902 3651 2155 13609.631 1706.117 
774 3898 2092 13672.361 1713.326 
889 3681 2127 13602.911 1705.003 
904 3659 2127 13614.088 1706.567 
810 3854 2112 13676.279 1713.072 
779 3901 2082 13685.7 1716.108 
865 3735 2085 13622.371 1709.35 
872 3692 2134 13611.611 1708.185 
855 3753 2079 13624.264 1708.398 
889 3680 2148 13618.219 1708.018 
878 3691 2129 13611.778 1707.643 
819 3848 2117 13675.608 1712.808 
781 3895 2087 13681.573 1714.286 
805 3872 2079 13683.199 1716.311 
823 3835 2097 13672.014 1713.171 
858 3725 2101 13610.813 1705.336 
783 3895 2093 13681.583 1713.431 
866 3734 2086 13622.628 1709.397 
871 3714 2118 13620.84 1709.617 
903 3648 2155 13608.459 1706.046 
799 3871 2120 13677.261 1715.751 
783 3894 2099 13689.493 1715.267 
904 3673 2126 13614.89 1707.193 
869 3695 2127 13615.156 1707.453 
853 3723 2090 13622.801 1709.122 
817 3849 2110 13675.689 1712.812 
757 3925 2089 13684.479 1715.226 
876 3712 2112 13626.872 1709.106 
849 3732 2103 13615.125 1708.261 
858 3737 2095 13619.908 1709.98 
872 3713 2097 13617.314 1709.653 
888 3681 2146 13617.864 1708.027 
