609 2643 1547 13857.157 1734.369 
606 2647 1546 13858.874 1734.561 
619 2637 1545 13857.857 1732.977 
613 2639 1551 13851.36 1733.063 
598 2652 1556 13860.499 1732.848 
619 2637 1545 13857.96 1732.913 
628 2622 1558 13850.173 1733.902 
601 2645 1553 13853.813 1732.467 
597 2662 1514 13848.714 1730.807 
622 2617 1560 13841.251 1732.684 
577 2675 1497 13834.035 1729.978 
617 2634 1553 13857.573 1734.104 
596 2662 1527 13857.194 1732.023 
601 2644 1554 13854.489 1732.157 
575 2675 1516 13851.829 1732.459 
609 2650 1541 13858.13 1733.528 
620 2622 1559 13843.706 1731.637 
601 2641 1554 13850.872 1732.788 
592 2660 1537 13854.492 1732.111 
620 2638 1554 13854.052 1733.702 
589 2656 1540 13850.946 1731.817 
596 2645 1560 13851.153 1731.932 
603 2649 1551 13857.65 1732.982 
604 2649 1549 13849.776 1732.858 
593 2669 1531 13854.319 1732.312 
607 2624 1561 13841.945 1731.894 
616 2640 1551 13846.157 1732.858 
575 2674 1517 13850.67 1732.324 
600 2642 1560 13850.638 1732.269 
608 2659 1534 13870.169 1734.607 
588 2665 1543 13848.01 1731.811 
610 2649 1542 13858.088 1733.524 
619 2623 1558 13843.95 1731.661 
576 2682 1525 13848.044 1732.429 
600 2639 1563 13846.026 1731.919 
618 2640 1549 13860.785 1734.391 
621 2633 1541 13857.085 1734.232 
633 2597 1548 13836.208 1731.583 
604 2649 1541 13855.41 1733.587 
598 2652 1557 13860.484 1732.846 
595 2651 1550 13856.824 1732.985 
599 2650 1556 13859.296 1732.67 
614 2641 1550 13853.058 1733.208 
597 2650 1541 13858.266 1732.884 
597 2651 1547 13855.754 1732.93 
604 2642 1559 13845.548 1731.897 
612 2648 1542 13864.061 1734.255 
608 2647 1545 13861.484 1735.384 
597 2653 1554 13860.765 1732.782 
623 2624 1545 13848.06 1731.701 
626 2605 1562 13834.543 1729.302 
599 2652 1544 13848.558 1732.792 
617 2642 1549 13862.053 1734.605 
623 2624 1539 13846.112 1732.936 
