962 4497 2415 13702.786 1715.426 
902 4583 2447 13720.504 1717.882 
951 4550 2455 13720.013 1715.377 
942 4562 2442 13726.546 1717.144 
942 4535 2462 13719.559 1718.815 
956 4477 2472 13705.611 1716.022 
894 4585 2423 13715.063 1717.831 
886 4591 2457 13711.072 1715.038 
867 4611 2372 13687.115 1712.167 
915 4566 2440 13720.133 1719.314 
953 4548 2455 13733.373 1719.842 
919 4567 2454 13723.604 1718.803 
955 4521 2454 13709.433 1714.063 
919 4521 2479 13704.252 1716.387 
922 4559 2468 13726.92 1718.649 
917 4579 2432 13723.433 1718.859 
913 4578 2463 13725.212 1717.656 
874 4606 2403 13702.724 1715.099 
962 4460 2468 13686.066 1713.156 
903 4582 2446 13720.02 1717.796 
913 4567 2438 13718.995 1719.083 
954 4530 2434 13711.956 1715.69 
934 4501 2467 13695.279 1716.27 
958 4453 2470 13670.414 1711.42 
945 4549 2432 13724.291 1716.637 
909 4590 2427 13721.941 1717.557 
884 4600 2388 13692.291 1712.47 
921 4573 2432 13720.441 1718.614 
933 4522 2476 13701.511 1715.95 
907 4581 2470 13720.345 1717.841 
918 4572 2456 13722.862 1717.79 
962 4489 2454 13701.195 1714.269 
950 4513 2464 13705.579 1715.624 
866 4618 2394 13700.182 1714.479 
957 4506 2477 13704.351 1715.741 
912 4580 2429 13709.869 1718.197 
960 4518 2449 13713.571 1716.432 
909 4590 2427 13721.85 1717.597 
927 4550 2451 13723.603 1717.245 
881 4595 2410 13703.105 1715.771 
909 4587 2428 13723.168 1717.334 
952 4520 2460 13708.225 1715.311 
949 4525 2458 13713.384 1716.671 
972 4440 2465 13681.152 1711.721 
854 4600 2430 13696.118 1713.856 
936 4565 2430 13721.825 1716.892 
910 4519 2482 13682.365 1712.729 
957 4515 2450 13702.841 1713.678 
973 4454 2455 13695.55 1714.108 
948 4483 2478 13692.625 1714.99 
979 4476 2449 13690.789 1712.289 
927 4542 2460 13717.745 1717.125 
941 4563 2440 13726.196 1717.105 
967 4445 2468 13685.669 1713.284 
895 4596 2388 13699.465 1713.694 
967 4491 2455 13695.513 1713.76 
939 4521 2478 13710.821 1716.058 
963 4458 2469 13685.266 1713.015 
960 4496 2453 13705.194 1715.508 
935 4566 2429 13721.697 1716.887 
881 4602 2373 13692.642 1713.247 
923 4564 2434 13723.11 1717.6 
855 4602 2424 13696.694 1714.007 
943 4553 2466 13718.456 1715.914 
961 4481 2466 13704.231 1716.086 
958 4518 2442 13710.191 1716.79 
964 4482 2444 13709.109 1716.875 
933 4570 2429 13715.007 1716.537 
926 4560 2452 13718.491 1717.467 
946 4516 2466 13706.041 1714.691 
965 4493 2467 13697.645 1715.022 
974 4452 2463 13688.168 1713.344 
861 4622 2413 13696.537 1714.255 
908 4558 2474 13707.97 1716.726 
970 4496 2440 13702.2 1713.861 
935 4570 2424 13720.113 1716.2 
882 4601 2372 13692.263 1713.271 
956 4488 2469 13699.525 1715.893 
934 4539 2464 13711.847 1716.64 
859 4594 2433 13692.696 1713.518 
940 4519 2471 13704.447 1715.538 
954 4515 2459 13716.652 1716.726 
969 4483 2450 13692.879 1712.907 
959 4501 2463 13705.74 1714.375 
961 4495 2454 13705.112 1715.502 
948 4523 2463 13710.185 1715.63 
921 4567 2433 13712.539 1715.612 
930 4541 2468 13714.37 1717.227 
