550 2689 1503 13832.698 1734.174 
607 2640 1612 13856.129 1735.242 
619 2633 1612 13865.925 1736.889 
621 2655 1582 13885.749 1739.687 
604 2678 1550 13876.385 1738.311 
601 2681 1559 13885.105 1738.428 
616 2637 1611 13869.105 1736.896 
627 2654 1600 13894.324 1740.894 
653 2585 1584 13843.685 1735.045 
638 2646 1583 13888.877 1741.244 
644 2596 1606 13851.053 1737.452 
602 2685 1557 13887.66 1738.852 
619 2657 1589 13881.454 1739.666 
645 2629 1601 13879.433 1740.786 
652 2588 1572 13848.45 1738.007 
634 2646 1579 13883.674 1742.026 
607 2678 1547 13882.153 1738.797 
602 2685 1550 13882.237 1738.879 
612 2675 1557 13882.698 1738.706 
651 2622 1597 13874.256 1739.881 
606 2664 1592 13871.15 1737.589 
629 2657 1560 13889.743 1741.792 
620 2656 1584 13881.598 1738.712 
647 2623 1599 13874.119 1739.087 
610 2673 1558 13880.314 1738.268 
627 2656 1571 13886.891 1741.498 
614 2642 1602 13860.999 1737.224 
619 2666 1578 13888.119 1740.109 
629 2665 1578 13888.938 1740.474 
624 2671 1561 13903.096 1743.646 
643 2632 1585 13885.384 1741.108 
601 2687 1543 13874.861 1737.861 
628 2640 1596 13874.415 1738.747 
654 2587 1578 13850.554 1736.663 
627 2653 1601 13893.11 1740.762 
612 2674 1555 13879.58 1738.959 
609 2677 1553 13889.417 1740.408 
616 2671 1576 13896.687 1741.938 
642 2638 1608 13892.458 1742.457 
619 2658 1590 13885.015 1739.154 
603 2684 1551 13883.087 1739.017 
613 2668 1589 13885.49 1740.786 
627 2662 1566 13890.629 1740.205 
605 2682 1543 13886.581 1739.101 
609 2643 1611 13859.137 1737.005 
633 2652 1593 13886.044 1741.704 
625 2656 1565 13888.039 1740.712 
645 2630 1587 13886.377 1741.196 
646 2617 1590 13876.978 1740.14 
629 2654 1565 13884.252 1741.327 
621 2656 1574 13890.599 1741.639 
630 2651 1586 13892.892 1740.245 
617 2672 1574 13888.202 1739.612 
607 2656 1605 13874.224 1739.372 
621 2655 1583 13885.766 1739.68 
