468 2638 1415 13675.417 1714.729 
492 2664 1384 13725.87 1719.983 
636 2450 1488 13662.33 1707.814 
563 2613 1500 13759.778 1715.8 
573 2607 1498 13760.468 1716.545 
479 2673 1396 13718.265 1719.284 
477 2681 1389 13725.299 1720.758 
616 2553 1512 13747.326 1715.332 
579 2604 1500 13748.82 1718.249 
631 2464 1482 13669.919 1708.555 
485 2662 1392 13709.747 1718.312 
629 2469 1476 13669.706 1708.917 
629 2470 1468 13664.399 1706.885 
481 2666 1391 13710.018 1717.538 
491 2641 1402 13711.655 1718.274 
641 2453 1486 13666.862 1709.191 
634 2464 1473 13668.507 1707.188 
489 2658 1390 13703.908 1716.993 
635 2459 1490 13672.13 1709.991 
636 2467 1470 13670.281 1707.461 
489 2655 1404 13707.457 1717.63 
499 2630 1402 13710.736 1718.319 
501 2630 1406 13708.847 1718.056 
484 2663 1392 13710.196 1718.335 
632 2460 1478 13672.234 1708.785 
630 2465 1478 13672.297 1709.594 
478 2664 1393 13710.961 1721.204 
631 2461 1477 13671.336 1708.583 
638 2459 1482 13669.183 1708.893 
491 2656 1400 13713.194 1719.913 
488 2640 1404 13709.828 1718.113 
478 2634 1409 13677.9 1715.833 
478 2669 1377 13711.502 1720.252 
492 2654 1397 13715.061 1719.725 
602 2601 1536 13787.672 1720.45 
506 2638 1400 13713.121 1718.926 
591 2591 1512 13772.17 1721.151 
500 2631 1405 13708.229 1717.954 
633 2460 1479 13669.104 1709.596 
502 2653 1400 13718.595 1720.045 
616 2553 1513 13747.182 1715.474 
506 2638 1401 13713.083 1718.922 
567 2615 1489 13757.139 1718.045 
560 2611 1506 13753.741 1715.021 
574 2612 1505 13755.852 1719.089 
563 2626 1483 13754.458 1718.133 
491 2633 1405 13696.588 1719.462 
