818 3843 2164 13669.87 1712.216 
790 3925 2165 13720.105 1716.261 
782 3935 2168 13710.192 1718.047 
831 3847 2111 13662.365 1709.497 
756 3959 2169 13710.193 1716.844 
770 3943 2169 13711.662 1717.695 
776 3938 2167 13711.354 1715.676 
804 3899 2136 13713.974 1720.276 
816 3871 2144 13715.761 1717.836 
774 3940 2166 13710.92 1715.732 
799 3892 2170 13700.422 1717.61 
752 3985 2105 13723.214 1721.472 
787 3921 2182 13702.382 1716.188 
783 3921 2174 13702.606 1717.568 
828 3886 2143 13711.342 1717.96 
796 3909 2157 13719.173 1719.714 
751 3986 2105 13723.095 1721.468 
780 3953 2143 13712.792 1717.336 
808 3886 2148 13709.248 1717.354 
771 3942 2171 13712.04 1717.748 
829 3873 2090 13672.137 1711.21 
763 3985 2154 13730.533 1719.903 
780 3939 2141 13712.715 1718.573 
803 3901 2135 13714.416 1720.28 
780 3923 2174 13704.135 1717.228 
757 3998 2144 13730.351 1720.286 
804 3888 2175 13701.886 1717.797 
815 3874 2169 13693.149 1715.48 
799 3870 2189 13688.972 1715.936 
778 3921 2166 13712.289 1716.75 
779 3961 2156 13730.423 1720.47 
777 3972 2160 13723.584 1718.924 
816 3842 2171 13673.673 1713.621 
811 3892 2150 13701.319 1716.767 
796 3898 2165 13696.452 1716.851 
787 3948 2151 13718.302 1717.976 
806 3903 2160 13720.658 1719.015 
761 3970 2157 13725.42 1720.627 
783 3928 2125 13713.146 1718.965 
801 3890 2168 13695.327 1714.23 
776 3950 2163 13716.507 1717.112 
780 3932 2148 13719.62 1719.269 
808 3904 2137 13722.498 1720.024 
793 3919 2182 13718.606 1718.662 
814 3886 2152 13698.861 1717.501 
794 3902 2161 13706.269 1718.199 
738 4005 2121 13726.22 1720.555 
803 3866 2176 13685.629 1715.604 
814 3907 2136 13712.451 1715.44 
788 3933 2160 13718.673 1718.865 
780 3956 2162 13724.738 1716.485 
810 3877 2170 13701.129 1716.563 
760 3994 2157 13732.798 1720.792 
785 3949 2115 13725.12 1718.174 
769 3940 2169 13712.484 1716.792 
765 3956 2185 13723.874 1718.278 
794 3915 2180 13708.37 1717.931 
764 3989 2135 13734.551 1718.735 
807 3913 2146 13723.294 1718.243 
768 3920 2173 13708.56 1717.77 
777 3929 2172 13704.086 1716.137 
781 3952 2143 13712.703 1717.412 
796 3950 2157 13733.998 1717.247 
821 3876 2147 13705.873 1717.376 
797 3908 2158 13719.038 1719.705 
813 3908 2136 13712.597 1715.444 
779 3979 2154 13734.437 1721.084 
817 3839 2171 13672.443 1714.184 
790 3924 2156 13708.526 1717.9 
818 3878 2156 13706.248 1717.428 
809 3903 2138 13722.795 1720.111 
777 3957 2162 13717.308 1717.762 
798 3916 2182 13722.9 1716.53 
798 3919 2137 13724.14 1719.9 
770 3940 2164 13714.539 1717.277 
772 3969 2163 13733.492 1721.086 
775 3939 2167 13711.87 1715.766 
806 3895 2145 13714.74 1719.203 
822 3825 2161 13663.916 1712.267 
764 3983 2158 13729.951 1720.542 
788 3945 2150 13711.799 1717.266 
805 3914 2121 13710.301 1715.36 
