1135 5194 2887 13713.684 1718.811 
1024 5244 2724 13665.453 1708.997 
1117 5193 2893 13714.391 1716.44 
1191 5138 2889 13712.139 1716.55 
1157 5174 2904 13714.801 1718.222 
1195 5095 2940 13691.332 1714.597 
1147 5171 2906 13699.365 1714.739 
1181 5131 2940 13712.977 1716.577 
1136 5181 2897 13696.712 1713.433 
1131 5185 2903 13711.504 1717.987 
1066 5206 2806 13682.459 1713.161 
1128 5189 2891 13714.442 1717.339 
1191 5117 2928 13706.666 1715.351 
1166 5167 2903 13712.133 1717.866 
1189 5103 2946 13700.328 1716.497 
1147 5177 2894 13702.058 1715.254 
1182 5141 2892 13710.038 1716.212 
1020 5230 2757 13660.371 1710.51 
1149 5183 2887 13704.972 1715.337 
1045 5216 2711 13652.496 1709.772 
1128 5172 2911 13705.823 1717.273 
1020 5237 2746 13662.922 1711.273 
1123 5186 2895 13710.489 1716.987 
1130 5180 2887 13714.924 1717.894 
1190 5108 2916 13699.714 1715.682 
1180 5141 2892 13713.413 1717.205 
1181 5119 2943 13709.927 1716.944 
1167 5167 2912 13714.197 1717.431 
1205 5079 2925 13689.602 1714.482 
1129 5187 2893 13713.837 1717.359 
1132 5177 2891 13711.709 1717.152 
1085 5202 2836 13686.119 1713.836 
1170 5126 2942 13707.439 1716.523 
1118 5188 2892 13701.844 1715.264 
1186 5114 2933 13709.063 1716.636 
1027 5243 2746 13666.855 1711.188 
1043 5227 2753 13673.036 1710.179 
1190 5095 2934 13693.863 1714.998 
1198 5093 2921 13692.994 1714.857 
1019 5231 2756 13663.642 1710.564 
1038 5221 2736 13661.634 1712.188 
1020 5239 2745 13663.582 1711.398 
1170 5126 2943 13707.376 1716.438 
1195 5112 2910 13697.299 1714.643 
1086 5201 2837 13686.519 1713.904 
1044 5208 2734 13656.277 1708.273 
1199 5085 2955 13696.909 1714.873 
1034 5224 2748 13663.945 1711.806 
1028 5226 2716 13662.604 1710.345 
1038 5220 2754 13671.12 1710.716 
1105 5195 2822 13692.826 1714.568 
1045 5214 2729 13661.101 1711.148 
1011 5244 2734 13660.051 1712.054 
1044 5215 2714 13653.126 1709.727 
1186 5114 2933 13709.301 1716.597 
1046 5215 2712 13652.988 1709.87 
1038 5222 2735 13662.003 1712.297 
1202 5092 2951 13698.802 1715.584 
1188 5123 2934 13709.998 1716.329 
1036 5209 2762 13654.906 1709.669 
1175 5166 2928 13721.242 1718.594 
1183 5109 2951 13706.426 1715.708 
1193 5100 2928 13704.805 1715.956 
1084 5203 2835 13686.21 1713.868 
1182 5141 2931 13709.604 1717.432 
1141 5146 2937 13712.605 1716.951 
