302 1384 794 13942.175 1748.656 
347 1364 826 14034.671 1762.78 
368 1337 840 14033.258 1761.29 
356 1348 861 14036.877 1763.774 
362 1335 854 14029.183 1761.131 
379 1312 859 14008.454 1764.112 
356 1331 865 14002.105 1761.507 
357 1354 842 14030.535 1759.916 
359 1343 836 14006.972 1758.562 
364 1333 853 14020.184 1760.595 
351 1357 854 14039.338 1764.748 
369 1335 842 14017.357 1761.167 
289 1381 809 13964.749 1755.347 
357 1334 823 14000.506 1763.296 
377 1320 843 13999.373 1760.424 
366 1332 841 14020.409 1761.778 
359 1335 845 14025.268 1761.164 
386 1303 844 13985.607 1759.376 
365 1339 849 14032.316 1759.025 
359 1330 863 14011.176 1761.307 
342 1370 825 14023.91 1762.881 
318 1373 822 13975.916 1758.333 
362 1332 851 14026.887 1764.434 
362 1335 856 14021.201 1760.831 
357 1356 844 14029.184 1759.719 
388 1295 858 13972.249 1757.546 
389 1294 859 13972.921 1757.663 
358 1343 846 14021.574 1763.018 
306 1381 801 13940.129 1747.046 
338 1363 839 14004.363 1759.119 
377 1318 853 13994.763 1760.001 
383 1303 855 13988.747 1758.634 
304 1370 833 13967.088 1753.242 
358 1346 843 14025.095 1763.196 
363 1334 844 14002.473 1760.725 
357 1354 843 14029.613 1759.675 
362 1335 848 14018.5 1761.763 
379 1319 849 14008.374 1761.499 
352 1354 853 14026.521 1760.477 
362 1341 848 14015.693 1761.429 
323 1370 830 13985.217 1759.361 
351 1362 845 14030.843 1761.296 
357 1344 846 14021.558 1763.016 
304 1373 829 13966.176 1754.166 
307 1379 802 13936.819 1746.701 
363 1334 844 14002.043 1760.93 
356 1359 851 14052.459 1764.141 
382 1315 862 14008.392 1761.415 
370 1333 847 14017.905 1761.62 
359 1341 843 14022.963 1761.378 
284 1388 808 13960.767 1754.753 
360 1347 835 14015.587 1758.358 
381 1320 853 14007.573 1759.436 
375 1330 859 14046.274 1766.477 
362 1342 848 14020.57 1758.794 
378 1316 858 13998.234 1762.195 
376 1318 850 13996.267 1759.816 
