1060 5089 2767 13658.577 1713.677 
1073 5069 2776 13651.619 1713.004 
1076 5049 2812 13656.377 1713.661 
1139 4898 2659 13583.847 1704.416 
1058 5102 2839 13668.495 1713.83 
1081 5041 2833 13647.642 1710.81 
1064 5098 2852 13664.791 1711.524 
1113 5047 2681 13633.85 1711.001 
1027 5157 2801 13675.923 1714.611 
1055 5124 2831 13671.32 1712.45 
1071 5098 2708 13631.263 1709.695 
1086 5084 2648 13635.925 1712.522 
1047 5135 2840 13672.683 1713.925 
1036 5142 2814 13664.398 1713.086 
1070 5071 2804 13654.362 1712.39 
1094 5038 2839 13654.123 1711.812 
1053 5122 2835 13667.984 1712.898 
1045 5125 2832 13675.367 1713.889 
1050 5101 2833 13665.943 1714.024 
1065 5098 2772 13656.357 1713.579 
1084 5092 2657 13636.835 1710.154 
1082 5072 2829 13664.205 1712.275 
1119 4943 2707 13585.353 1703.584 
1093 5067 2646 13628.673 1710.853 
1087 5070 2696 13634.426 1712.423 
1076 5094 2659 13634.041 1710.807 
1066 5096 2773 13656.043 1713.51 
1050 5119 2817 13668.25 1713.631 
1033 5136 2825 13672.732 1713.838 
1088 5044 2830 13654.919 1710.816 
1065 5107 2834 13666.528 1712.538 
1137 4938 2687 13595.019 1704.881 
1050 5116 2846 13663.027 1711.779 
1055 5116 2831 13666.867 1713.244 
1084 5060 2796 13651.285 1712.221 
1140 4896 2660 13583.661 1704.379 
1062 5105 2847 13665.848 1711.792 
1050 5111 2827 13668.098 1713.695 
1051 5115 2847 13663.191 1711.805 
1073 5095 2678 13626.113 1708.325 
1023 5139 2818 13665.576 1712.927 
1091 5085 2679 13643.539 1712.424 
1054 5123 2809 13666.896 1713.557 
1072 5068 2788 13653.304 1713.412 
1084 5052 2832 13653.654 1711.268 
1076 5105 2644 13635.51 1711.447 
1091 5054 2809 13653.743 1711.88 
1041 5128 2826 13671.588 1714.165 
1031 5139 2823 13668.222 1712.853 
1044 5109 2829 13664.539 1714.031 
1051 5123 2813 13667.879 1713.061 
1073 5086 2804 13658.108 1711.455 
1095 5082 2709 13629.927 1709.575 
1085 5051 2832 13653.754 1711.274 
1050 5127 2830 13669.055 1713.081 
1060 5110 2819 13669.226 1712.886 
1040 5136 2808 13671.416 1713.3 
1078 5094 2654 13621.821 1708.983 
1074 5084 2831 13664.486 1711.897 
1138 4907 2659 13580.284 1704.918 
1043 5134 2809 13672.663 1714.091 
1106 5042 2724 13635.002 1710.963 
1095 5038 2815 13655.094 1711.564 
1081 5073 2828 13664.365 1712.29 
1055 5111 2839 13667.039 1712.666 
1069 5098 2663 13640.006 1712.301 
1051 5120 2828 13668.883 1713.301 
1079 5104 2643 13636.066 1711.1 
1078 5094 2653 13621.841 1708.985 
1031 5140 2818 13663.938 1713.206 
1073 5079 2822 13660.28 1712.304 
1058 5108 2835 13663.326 1713.074 
1032 5130 2847 13661.515 1711.734 
1088 5092 2687 13632.108 1711.379 
1104 5027 2810 13654.071 1711.404 
1050 5123 2816 13665.78 1713.734 
1094 5084 2709 13630.374 1709.632 
1058 5119 2631 13626.758 1708.154 
1063 5097 2825 13666.549 1712.926 
1096 5028 2793 13646.688 1711.536 
1075 5086 2677 13634.376 1710.787 
1059 5107 2821 13667.131 1713.253 
1049 5128 2820 13673.622 1713.892 
