148 725 442 14130.497 1773.455 
194 632 384 13852.327 1737.161 
175 695 446 14144.873 1778.77 
169 700 444 14139.774 1772.466 
149 723 429 14090.226 1775.202 
183 679 455 14118.312 1776.74 
165 712 444 14153.643 1779.157 
184 689 460 14140.066 1774.212 
144 720 449 14098.657 1773.528 
157 708 460 14123.501 1771.969 
127 738 390 14050.494 1772.881 
141 726 445 14128.287 1774.397 
126 736 397 14049.141 1772.569 
128 738 390 14025.429 1765.191 
144 723 446 14103.239 1775.188 
168 698 463 14124.987 1776.36 
149 717 441 14095.077 1768.293 
127 738 391 14050.557 1772.873 
127 736 392 14040.595 1772.21 
146 722 448 14108.009 1775.504 
177 692 455 14122.254 1776.922 
176 694 447 14126.596 1778.187 
167 699 463 14125.763 1779.294 
160 706 461 14123.715 1773.245 
143 724 447 14126.49 1773.81 
128 739 389 14046.784 1773.025 
152 718 436 14111.789 1774.699 
176 693 454 14125.282 1777.112 
166 700 464 14125.938 1775.84 
126 737 393 14046.039 1772.811 
167 698 457 14137.865 1778.29 
125 738 393 14045.705 1772.742 
188 639 386 13884.683 1743.855 
175 694 451 14130.358 1777.134 
171 698 457 14148.06 1773.731 
193 633 383 13854.267 1737.153 
168 698 456 14149.902 1782.0 
160 706 456 14123.819 1775.462 
172 699 449 14133.003 1777.749 
129 736 391 14025.742 1765.239 
130 734 393 14033.515 1769.569 
191 635 382 13855.112 1737.236 
158 712 456 14120.679 1774.905 
135 731 400 14051.722 1772.967 
166 705 458 14156.417 1781.267 
161 705 461 14123.219 1773.181 
175 691 459 14118.212 1774.041 
173 699 461 14146.129 1777.718 
141 725 447 14131.833 1775.175 
130 736 392 14025.457 1765.218 
168 709 449 14149.878 1779.265 
174 689 459 14105.136 1774.929 
193 633 384 13854.129 1737.145 
131 733 393 14034.299 1769.635 
193 632 386 13857.458 1737.317 
171 685 465 14094.328 1766.35 
162 716 448 14150.395 1778.099 
148 717 448 14108.305 1772.169 
167 699 465 14126.354 1775.907 
