1121 5217 2892 13746.704 1723.05 
1169 5112 2942 13734.951 1721.341 
1174 5082 2943 13721.769 1721.436 
1155 5123 2939 13731.752 1722.585 
1173 5109 2934 13736.321 1721.986 
1113 5185 2942 13739.273 1721.307 
1145 5184 2952 13759.68 1725.19 
1107 5228 2912 13753.668 1724.069 
1108 5218 2919 13755.355 1723.888 
1123 5216 2900 13747.065 1723.334 
1137 5205 2919 13756.942 1724.219 
1109 5217 2920 13755.234 1723.842 
1109 5217 2919 13755.283 1723.847 
1129 5213 2925 13756.576 1724.975 
1170 5099 2942 13726.534 1721.892 
1125 5165 2953 13736.317 1721.819 
1122 5203 2930 13754.429 1723.083 
1133 5195 2922 13743.944 1722.757 
1132 5213 2926 13753.902 1723.593 
1165 5148 2933 13745.486 1724.324 
1159 5144 2938 13751.791 1723.635 
1158 5125 2948 13735.843 1721.319 
1175 5074 2922 13711.119 1718.683 
1111 5221 2902 13748.79 1724.578 
1132 5202 2941 13761.868 1725.359 
1172 5116 2904 13732.817 1721.382 
1175 5075 2921 13711.386 1718.789 
1168 5121 2958 13739.791 1721.582 
1153 5181 2947 13763.088 1725.484 
1107 5223 2919 13763.698 1724.229 
1153 5120 2954 13730.111 1722.101 
1162 5108 2951 13725.763 1721.666 
1166 5122 2914 13719.498 1718.968 
1147 5192 2940 13767.365 1725.996 
1131 5204 2902 13757.976 1724.925 
1110 5217 2919 13755.28 1723.845 
1110 5231 2906 13749.834 1722.85 
1103 5231 2894 13759.145 1724.711 
1156 5165 2932 13746.568 1722.182 
