627 2673 1609 13902.508 1741.621 
593 2724 1565 13914.723 1744.153 
648 2641 1564 13892.109 1740.182 
629 2680 1595 13934.49 1746.7 
590 2719 1582 13919.704 1745.663 
608 2719 1565 13922.287 1745.372 
615 2700 1603 13925.29 1746.654 
606 2702 1578 13930.693 1748.934 
626 2689 1603 13931.341 1747.37 
595 2718 1570 13898.754 1742.897 
607 2717 1603 13929.415 1746.767 
633 2670 1591 13917.135 1744.043 
594 2723 1558 13920.215 1745.678 
634 2669 1618 13923.37 1744.753 
574 2733 1551 13898.574 1741.499 
642 2647 1607 13911.882 1743.706 
614 2713 1606 13927.422 1746.91 
625 2699 1579 13927.932 1746.97 
621 2690 1601 13939.232 1746.702 
645 2642 1556 13889.572 1738.513 
639 2670 1585 13903.307 1742.562 
635 2664 1615 13919.635 1744.076 
623 2694 1586 13922.72 1746.475 
636 2677 1573 13902.549 1742.846 
630 2695 1592 13932.096 1745.359 
611 2706 1600 13931.903 1745.664 
628 2675 1600 13921.588 1744.671 
584 2726 1568 13906.167 1743.443 
645 2643 1558 13890.884 1738.492 
594 2722 1561 13907.919 1743.142 
592 2732 1580 13920.999 1742.962 
618 2685 1612 13918.569 1744.342 
648 2635 1611 13903.726 1742.544 
646 2642 1558 13891.067 1738.498 
635 2657 1599 13910.921 1746.84 
574 2733 1551 13898.507 1741.521 
628 2688 1593 13924.123 1743.481 
641 2645 1602 13906.663 1745.732 
617 2708 1571 13922.431 1746.168 
613 2700 1603 13935.024 1744.713 
632 2685 1593 13929.085 1744.78 
623 2690 1591 13932.542 1744.618 
638 2670 1613 13915.981 1744.912 
622 2702 1586 13919.428 1746.175 
645 2634 1602 13900.212 1744.721 
640 2650 1612 13910.945 1743.218 
636 2666 1610 13918.752 1745.462 
608 2689 1618 13910.989 1744.92 
625 2685 1603 13933.715 1745.547 
626 2672 1606 13908.284 1743.723 
627 2676 1599 13920.331 1744.462 
645 2636 1611 13899.688 1741.852 
624 2705 1597 13929.842 1745.308 
629 2674 1601 13921.384 1744.672 
635 2668 1605 13921.639 1745.005 
640 2657 1609 13918.527 1744.243 
636 2669 1590 13910.793 1746.157 
615 2713 1572 13921.343 1746.242 
606 2720 1562 13917.938 1744.654 
626 2698 1578 13926.101 1746.762 
620 2686 1606 13922.876 1743.442 
624 2706 1585 13936.226 1747.83 
629 2674 1600 13921.662 1744.694 
618 2707 1572 13923.245 1746.374 
620 2687 1609 13916.843 1744.772 
637 2658 1610 13912.675 1746.779 
591 2724 1562 13914.64 1744.783 
631 2689 1586 13924.317 1746.406 
639 2663 1625 13922.256 1745.901 
630 2673 1601 13922.306 1744.792 
617 2687 1623 13918.225 1744.707 
616 2709 1596 13940.034 1746.525 
