796 4619 2308 13624.626 1704.665 
903 4539 2507 13701.802 1716.802 
952 4471 2471 13672.598 1713.998 
917 4539 2470 13700.778 1715.696 
946 4494 2505 13685.316 1716.814 
898 4574 2482 13692.457 1715.929 
920 4553 2480 13696.756 1716.012 
918 4542 2472 13698.997 1716.264 
877 4599 2482 13701.474 1716.524 
918 4542 2493 13696.723 1715.563 
966 4457 2492 13674.557 1712.158 
967 4456 2492 13674.017 1712.224 
897 4538 2497 13694.082 1717.782 
911 4545 2482 13694.26 1716.272 
907 4543 2489 13689.092 1715.382 
929 4472 2510 13659.559 1708.509 
892 4581 2502 13701.936 1717.896 
902 4546 2491 13696.846 1718.706 
951 4477 2502 13673.174 1711.511 
922 4536 2466 13684.873 1715.529 
919 4536 2493 13699.595 1716.087 
911 4524 2508 13700.573 1716.375 
914 4484 2508 13673.099 1711.895 
915 4538 2482 13693.499 1715.588 
905 4547 2498 13695.521 1716.945 
866 4607 2450 13697.891 1715.537 
913 4485 2508 13669.881 1710.924 
914 4478 2512 13669.425 1710.534 
952 4476 2502 13673.24 1711.527 
905 4560 2482 13703.79 1717.736 
941 4500 2477 13679.965 1713.873 
911 4493 2513 13672.87 1711.081 
902 4551 2486 13697.264 1714.108 
938 4517 2490 13688.11 1712.772 
914 4541 2488 13698.137 1714.019 
929 4535 2490 13695.242 1716.687 
911 4521 2497 13686.534 1717.148 
931 4514 2497 13681.22 1712.754 
915 4530 2493 13693.396 1717.331 
894 4585 2480 13704.875 1716.734 
913 4551 2471 13703.331 1716.705 
937 4509 2507 13688.718 1715.343 
914 4484 2509 13669.874 1710.924 
896 4539 2496 13693.834 1717.72 
