1128 5111 2929 13714.149 1716.706 
1108 5155 2895 13719.836 1719.164 
1126 5140 2901 13725.76 1720.136 
1163 5059 2919 13711.508 1717.048 
1133 5121 2922 13728.06 1718.127 
1119 5112 2917 13718.475 1719.013 
1111 5150 2882 13722.106 1719.059 
1146 5106 2927 13726.277 1717.928 
1130 5126 2894 13726.222 1717.126 
1128 5135 2904 13718.085 1718.896 
1076 5170 2838 13702.481 1715.231 
1112 5150 2870 13714.932 1719.097 
1169 5041 2906 13691.932 1713.327 
1154 5098 2903 13723.223 1717.65 
1160 5085 2902 13713.048 1717.471 
1119 5159 2915 13725.289 1718.256 
1151 5079 2923 13718.835 1717.019 
1119 5112 2915 13718.454 1719.024 
1176 5026 2918 13692.252 1713.827 
1146 5119 2914 13722.226 1717.743 
1119 5127 2916 13723.539 1717.765 
1121 5128 2929 13713.065 1717.257 
1111 5150 2877 13719.422 1719.196 
1101 5156 2884 13716.288 1718.972 
1132 5120 2881 13708.526 1718.248 
1115 5149 2901 13720.941 1719.341 
1072 5180 2846 13712.588 1717.03 
1137 5120 2896 13719.182 1716.717 
1113 5143 2907 13715.491 1718.623 
1111 5150 2883 13722.095 1719.057 
1109 5119 2908 13715.733 1718.882 
1109 5136 2919 13706.463 1716.563 
1117 5128 2904 13725.12 1719.714 
1171 5065 2900 13707.374 1715.229 
1112 5160 2905 13720.592 1718.018 
1168 5067 2908 13713.167 1716.479 
1075 5172 2826 13704.422 1714.161 
1140 5109 2924 13723.815 1718.291 
1099 5128 2934 13707.504 1716.169 
1108 5129 2909 13715.714 1718.838 
1170 5066 2900 13707.336 1715.227 
1106 5149 2900 13721.628 1718.803 
1113 5146 2893 13718.444 1719.382 
1167 5067 2907 13713.234 1716.484 
1090 5157 2884 13720.052 1718.806 
1068 5177 2860 13711.005 1716.194 
1142 5110 2915 13726.932 1718.438 
1113 5134 2931 13710.802 1715.635 
1105 5145 2903 13715.743 1718.519 
1105 5150 2901 13721.577 1718.799 
1139 5114 2910 13724.187 1717.839 
1108 5146 2894 13723.704 1719.095 
1157 5078 2897 13715.969 1716.883 
1140 5092 2936 13713.466 1717.781 
1114 5147 2887 13721.87 1719.52 
1168 5067 2908 13713.181 1716.473 
1094 5169 2876 13716.418 1718.494 
1158 5079 2904 13709.474 1716.648 
1157 5081 2919 13714.461 1717.077 
1107 5130 2908 13715.531 1718.797 
1124 5143 2902 13720.299 1719.514 
1120 5144 2904 13718.442 1717.894 
1131 5123 2901 13717.923 1718.119 
1098 5129 2934 13707.483 1716.24 
1171 5022 2904 13690.056 1714.412 
1099 5158 2885 13719.418 1719.349 
1120 5129 2928 13712.647 1717.213 
1097 5164 2868 13711.719 1718.182 
1124 5150 2881 13725.425 1717.382 
1157 5078 2898 13715.946 1716.878 
1132 5132 2896 13718.366 1718.23 
1156 5076 2923 13717.522 1717.364 
1108 5138 2917 13706.543 1716.551 
1155 5079 2924 13718.814 1717.482 
1127 5117 2930 13716.137 1718.362 
1169 5041 2902 13686.82 1713.493 
1098 5142 2902 13715.514 1719.726 
1143 5084 2932 13710.085 1716.625 
1096 5159 2888 13713.34 1718.773 
1124 5129 2903 13724.014 1717.899 
1139 5114 2909 13725.069 1718.001 
