1164 5109 2866 13707.061 1716.452 
1159 5144 2849 13699.692 1716.033 
1201 5071 2896 13704.543 1717.546 
1199 5073 2901 13710.472 1718.991 
1158 5112 2895 13713.901 1718.911 
1129 5137 2850 13706.216 1718.611 
1190 5092 2913 13716.279 1719.9 
1142 5156 2879 13710.747 1717.655 
1167 5111 2885 13699.518 1717.117 
1131 5152 2860 13706.868 1718.451 
1158 5110 2897 13713.126 1718.755 
1117 5143 2867 13707.792 1718.748 
1158 5109 2896 13712.894 1718.779 
1129 5137 2851 13706.185 1718.61 
1156 5115 2907 13720.214 1720.058 
1155 5116 2910 13715.454 1719.633 
1122 5137 2872 13706.865 1718.647 
1170 5108 2870 13703.983 1716.155 
1143 5145 2871 13712.126 1718.37 
1085 5183 2820 13696.969 1716.505 
1178 5095 2913 13713.168 1719.486 
1088 5177 2857 13706.426 1717.256 
1191 5092 2912 13716.537 1719.967 
1162 5109 2866 13708.877 1717.568 
1116 5161 2806 13697.19 1715.796 
1152 5133 2881 13700.354 1716.87 
1165 5114 2884 13699.902 1717.195 
1122 5159 2839 13704.78 1716.993 
1175 5107 2914 13723.572 1720.577 
1166 5087 2919 13706.016 1719.113 
1150 5125 2892 13716.254 1719.577 
1124 5149 2842 13712.067 1719.522 
1104 5168 2850 13697.673 1717.954 
1124 5136 2867 13702.821 1718.503 
1158 5108 2905 13711.173 1715.996 
1110 5162 2846 13699.098 1717.271 
1124 5150 2875 13709.53 1718.059 
1151 5132 2890 13712.099 1718.256 
1187 5086 2923 13705.587 1719.072 
1148 5129 2924 13717.515 1719.34 
1123 5143 2869 13703.372 1718.559 
1095 5163 2853 13700.022 1718.119 
1157 5115 2898 13712.056 1718.005 
1144 5128 2900 13722.11 1720.938 
1150 5133 2891 13723.792 1720.498 
1114 5164 2842 13712.172 1718.11 
1197 5042 2906 13693.301 1716.394 
1156 5131 2871 13711.275 1718.616 
1166 5108 2904 13711.232 1719.093 
1159 5118 2888 13717.677 1719.965 
