345 1370 834 14006.812 1766.497 
360 1348 807 13982.302 1759.016 
349 1377 822 14033.536 1766.181 
309 1416 790 14008.295 1766.206 
333 1379 822 13999.882 1765.681 
358 1363 822 14018.446 1764.208 
348 1364 851 14019.259 1763.631 
332 1398 802 14031.134 1765.482 
336 1385 815 14028.211 1765.64 
337 1380 812 14014.244 1763.048 
319 1395 810 13990.351 1761.968 
356 1355 842 14010.258 1763.621 
358 1359 832 14015.98 1764.165 
310 1408 772 13976.984 1764.898 
328 1403 798 14030.737 1766.211 
331 1399 801 14029.978 1765.197 
354 1370 832 14022.119 1765.69 
353 1345 843 13979.582 1758.628 
300 1426 777 14012.594 1766.553 
335 1388 800 14011.347 1763.28 
309 1397 808 13988.347 1761.711 
355 1356 837 14005.412 1762.814 
328 1395 806 14020.529 1764.779 
337 1380 817 14009.947 1764.92 
335 1396 797 14014.508 1763.936 
339 1386 787 14006.987 1759.444 
311 1405 773 13996.265 1758.561 
301 1425 778 14013.916 1766.525 
353 1367 832 14020.886 1766.009 
313 1406 785 13983.561 1762.366 
338 1385 800 14015.005 1763.117 
340 1381 793 13987.783 1759.557 
365 1326 836 13975.587 1755.651 
360 1344 845 13991.224 1759.02 
339 1379 805 14001.39 1761.629 
352 1370 820 14026.612 1764.957 
361 1341 817 13989.195 1761.382 
349 1361 848 13987.171 1760.767 
355 1370 821 14023.475 1765.398 
342 1378 814 13997.89 1763.495 
333 1388 813 14014.162 1763.483 
351 1357 840 13983.455 1760.868 
338 1379 812 14003.585 1760.83 
336 1384 814 14017.048 1766.108 
355 1374 819 14028.314 1765.021 
339 1384 799 14005.172 1762.244 
326 1387 810 14014.496 1761.506 
351 1357 841 13983.077 1760.844 
356 1368 833 14024.718 1764.535 
358 1358 835 14012.682 1764.045 
361 1347 817 13988.48 1760.82 
357 1364 826 14025.78 1764.545 
339 1383 800 14004.73 1762.122 
328 1391 809 14012.054 1763.391 
353 1347 843 13983.079 1757.894 
358 1337 850 13970.78 1758.557 
341 1378 803 13997.934 1760.88 
344 1369 815 14013.943 1766.378 
336 1388 794 14005.929 1762.744 
359 1356 834 14011.101 1763.715 
335 1385 814 14016.984 1766.097 
330 1391 808 14007.635 1762.83 
339 1380 805 13993.532 1761.552 
367 1333 813 13973.362 1758.105 
364 1338 844 13977.947 1758.62 
340 1381 794 13987.699 1759.546 
365 1327 837 13976.771 1755.619 
334 1389 799 14009.793 1763.082 
335 1385 822 14014.722 1763.139 
336 1384 821 14014.931 1762.992 
306 1411 784 14008.316 1766.539 
363 1343 843 13984.083 1760.124 
350 1373 840 14019.378 1765.231 
341 1370 842 14001.331 1763.854 
366 1332 833 13984.469 1759.554 
353 1369 820 14026.24 1764.879 
351 1372 819 14029.653 1765.37 
369 1338 826 13982.32 1757.728 
329 1381 818 14008.859 1763.705 
366 1344 828 13995.196 1760.86 
303 1406 791 13985.44 1761.866 
