893 3778 2206 13704.303 1720.393 
898 3803 2240 13722.824 1720.059 
882 3829 2214 13733.597 1721.533 
848 3923 2208 13752.428 1723.352 
833 3923 2206 13764.199 1726.946 
879 3830 2229 13736.406 1722.418 
842 3920 2213 13758.733 1725.913 
871 3895 2235 13759.953 1724.555 
821 3939 2197 13765.332 1727.675 
873 3847 2229 13738.477 1721.775 
879 3817 2234 13724.661 1721.712 
853 3922 2222 13762.375 1724.565 
882 3828 2225 13722.153 1720.106 
834 3925 2224 13765.065 1724.788 
828 3937 2212 13760.219 1725.572 
814 3925 2231 13749.108 1722.946 
832 3931 2225 13766.068 1725.799 
876 3835 2224 13734.61 1721.736 
857 3917 2240 13771.229 1727.762 
887 3807 2210 13723.449 1721.498 
839 3919 2234 13764.774 1727.167 
867 3886 2238 13743.314 1722.162 
878 3831 2207 13730.398 1722.221 
900 3777 2216 13717.574 1720.198 
836 3937 2214 13761.625 1723.721 
829 3945 2218 13759.54 1725.588 
835 3922 2224 13764.637 1724.7 
883 3813 2214 13713.851 1720.868 
883 3812 2215 13713.006 1720.722 
854 3921 2222 13762.432 1724.571 
834 3922 2206 13764.709 1727.003 
884 3811 2232 13717.123 1719.201 
831 3925 2211 13759.964 1726.459 
839 3919 2235 13764.604 1727.127 
884 3806 2259 13729.238 1722.635 
842 3925 2221 13759.563 1724.101 
860 3908 2212 13749.401 1723.284 
816 3950 2200 13767.755 1727.33 
833 3933 2202 13751.648 1725.965 
863 3893 2240 13745.188 1723.065 
837 3922 2226 13759.347 1724.248 
820 3936 2203 13765.016 1727.348 
823 3938 2200 13766.196 1727.617 
841 3926 2217 13766.844 1725.906 
880 3830 2222 13713.746 1718.67 
872 3822 2232 13722.85 1721.155 
880 3826 2217 13725.344 1719.911 
836 3929 2217 13754.618 1722.847 
868 3905 2229 13756.772 1723.036 
842 3924 2211 13760.382 1725.37 
886 3808 2210 13723.561 1721.588 
827 3963 2230 13774.151 1727.316 
830 3936 2199 13759.504 1726.585 
878 3821 2252 13737.403 1724.232 
845 3920 2236 13763.228 1724.855 
878 3832 2207 13730.6 1722.15 
