584 2688 1548 13880.473 1739.552 
602 2677 1565 13896.256 1742.055 
604 2659 1553 13862.95 1737.358 
559 2696 1552 13877.769 1740.522 
571 2701 1545 13871.012 1738.871 
582 2694 1593 13906.732 1744.855 
592 2681 1568 13894.943 1743.589 
597 2669 1564 13886.496 1742.431 
613 2648 1578 13870.331 1736.924 
578 2696 1541 13876.258 1738.884 
606 2655 1560 13882.154 1741.749 
565 2711 1555 13876.698 1738.053 
596 2679 1588 13898.849 1743.168 
613 2616 1592 13849.662 1738.148 
560 2702 1540 13878.838 1741.598 
567 2707 1576 13882.245 1739.9 
618 2645 1531 13849.586 1735.271 
599 2658 1591 13884.765 1741.551 
605 2653 1584 13882.136 1740.227 
554 2710 1546 13874.877 1738.928 
565 2697 1534 13873.854 1740.108 
608 2654 1553 13856.204 1736.41 
603 2664 1584 13892.572 1742.372 
606 2656 1560 13867.869 1736.578 
580 2700 1544 13870.99 1738.199 
559 2703 1540 13878.909 1741.604 
605 2645 1592 13863.046 1738.997 
592 2680 1582 13895.833 1742.735 
562 2700 1529 13873.533 1740.16 
564 2699 1533 13874.412 1740.21 
619 2644 1532 13849.963 1735.277 
615 2649 1568 13871.921 1736.807 
586 2672 1583 13892.403 1743.832 
607 2657 1553 13858.641 1736.7 
559 2696 1552 13878.571 1740.426 
629 2643 1590 13891.312 1740.995 
630 2633 1586 13878.536 1739.296 
607 2655 1568 13876.663 1737.164 
587 2669 1582 13890.17 1743.604 
585 2683 1567 13876.881 1739.553 
585 2683 1568 13877.555 1739.463 
593 2665 1595 13881.265 1740.677 
595 2687 1540 13896.293 1741.571 
601 2657 1585 13882.884 1740.562 
616 2647 1575 13890.275 1741.614 
558 2698 1552 13878.64 1740.64 
615 2640 1597 13868.97 1738.057 
557 2711 1544 13868.407 1738.293 
613 2650 1573 13874.908 1739.181 
584 2684 1548 13885.23 1740.322 
586 2685 1565 13885.007 1740.694 
609 2652 1587 13886.633 1741.489 
599 2670 1583 13887.558 1741.958 
598 2668 1565 13887.318 1742.515 
577 2697 1541 13876.359 1738.902 
597 2661 1589 13883.795 1741.113 
611 2658 1540 13885.697 1739.885 
595 2679 1572 13902.236 1744.284 
