1119 5100 2841 13701.926 1714.26 
1142 5052 2833 13688.019 1712.836 
1133 5089 2843 13702.431 1714.669 
1149 5036 2786 13668.616 1710.877 
1125 5106 2821 13703.349 1713.944 
1068 5119 2848 13677.8 1711.585 
1114 5096 2833 13701.956 1714.801 
1010 5192 2729 13669.452 1709.126 
1113 5125 2812 13706.144 1714.897 
1151 5034 2787 13669.027 1710.982 
1057 5126 2834 13675.094 1711.505 
1142 5065 2821 13693.36 1714.157 
1003 5189 2760 13668.409 1709.711 
1116 5114 2822 13700.48 1713.133 
1146 5055 2823 13689.804 1713.258 
1123 5106 2825 13702.177 1713.766 
1123 5103 2799 13700.157 1715.563 
1135 5064 2839 13692.087 1713.845 
1057 5132 2834 13673.287 1709.988 
1145 5060 2828 13693.835 1714.103 
997 5176 2761 13670.162 1709.921 
1147 5048 2816 13682.888 1713.093 
1140 5068 2825 13695.967 1714.693 
1073 5110 2840 13674.247 1711.714 
1028 5164 2757 13667.542 1710.026 
995 5195 2747 13673.656 1710.726 
1141 5063 2827 13692.677 1712.895 
1001 5157 2781 13658.362 1708.315 
1068 5133 2830 13678.515 1711.94 
1069 5122 2821 13674.336 1711.065 
1137 5072 2835 13693.317 1713.27 
1000 5199 2718 13667.317 1710.431 
1057 5123 2838 13673.676 1710.227 
999 5196 2738 13671.498 1710.135 
1016 5183 2733 13670.39 1708.688 
1113 5132 2801 13701.228 1715.006 
996 5185 2751 13677.603 1710.067 
1060 5130 2834 13673.712 1709.901 
1009 5184 2746 13676.387 1710.651 
1062 5120 2835 13672.201 1710.171 
1010 5180 2763 13668.433 1709.824 
1058 5121 2838 13673.037 1710.209 
1013 5182 2723 13663.975 1709.698 
1048 5130 2832 13672.345 1711.039 
1005 5194 2756 13672.773 1710.077 
1078 5105 2831 13670.215 1710.828 
1054 5134 2841 13677.744 1711.032 
999 5200 2718 13667.418 1710.484 
1027 5159 2759 13667.127 1709.296 
1055 5128 2836 13676.3 1710.947 
1006 5190 2744 13673.237 1710.68 
1052 5139 2837 13674.202 1710.604 
1044 5137 2835 13672.755 1710.66 
1078 5105 2830 13670.256 1710.835 
1067 5134 2829 13678.292 1711.912 
1009 5179 2749 13674.849 1710.139 
1002 5190 2758 13669.76 1709.86 
1029 5151 2767 13669.383 1710.16 
1057 5123 2836 13673.487 1710.79 
1062 5121 2835 13672.297 1710.155 
1021 5175 2761 13684.296 1711.38 
1063 5120 2835 13672.359 1710.161 
1015 5175 2765 13683.039 1711.016 
1052 5147 2815 13674.205 1711.252 
1027 5169 2729 13659.946 1708.006 
1026 5179 2739 13667.179 1708.889 
1025 5159 2760 13666.498 1709.19 
1036 5150 2822 13675.401 1711.397 
1148 5047 2835 13688.817 1713.161 
1029 5152 2768 13665.503 1708.957 
1131 5104 2831 13710.006 1715.071 
1118 5105 2822 13701.486 1713.942 
1011 5191 2754 13672.74 1710.127 
1058 5125 2835 13675.573 1711.521 
1058 5118 2849 13672.977 1710.015 
1062 5121 2836 13672.641 1710.107 
1063 5120 2835 13672.48 1710.155 
1146 5052 2838 13688.563 1711.934 
1016 5160 2763 13666.917 1710.085 
1144 5061 2828 13693.797 1714.095 
1044 5136 2835 13672.243 1710.669 
1008 5180 2748 13674.946 1710.144 
1045 5146 2834 13678.544 1710.92 
1136 5089 2835 13703.625 1715.154 
