407 2002 1112 13821.0 1730.414 
418 1969 1163 13797.81 1727.13 
404 2015 1141 13823.242 1733.63 
409 1993 1148 13823.203 1728.719 
423 1977 1134 13812.759 1730.816 
435 1901 1114 13744.267 1724.856 
410 1997 1127 13810.521 1729.655 
387 2042 1134 13848.913 1737.446 
413 2002 1116 13820.879 1730.167 
396 2014 1118 13832.068 1737.398 
406 2002 1127 13822.276 1733.55 
409 1968 1159 13796.492 1729.811 
399 1989 1144 13812.578 1730.648 
400 1987 1156 13804.542 1729.922 
402 2016 1137 13825.808 1735.489 
405 2004 1142 13823.026 1732.006 
404 2023 1132 13846.477 1737.361 
429 1971 1144 13808.732 1732.445 
390 2030 1143 13829.64 1734.641 
446 1893 1121 13754.996 1725.953 
407 1998 1127 13818.872 1733.124 
408 2001 1114 13821.446 1730.465 
436 1907 1111 13747.928 1724.907 
438 1902 1105 13741.103 1723.823 
438 1901 1110 13754.669 1724.206 
410 2005 1125 13817.754 1730.551 
405 2004 1123 13825.059 1734.01 
409 2007 1108 13821.618 1729.56 
408 1989 1139 13814.95 1729.489 
390 2025 1126 13836.737 1737.558 
415 1993 1132 13820.872 1732.456 
386 2043 1135 13849.751 1737.523 
409 1999 1112 13804.353 1730.887 
406 1988 1150 13809.806 1729.547 
423 1965 1169 13802.73 1728.723 
410 1973 1161 13791.009 1728.901 
408 1974 1160 13791.87 1728.573 
412 1988 1149 13815.415 1733.445 
411 2004 1126 13819.447 1730.678 
397 2025 1134 13840.579 1736.639 
430 1950 1141 13787.433 1728.956 
401 2014 1135 13831.281 1735.541 
396 2038 1139 13852.313 1737.383 
407 2002 1111 13821.022 1730.192 
412 1993 1128 13825.844 1734.243 
388 2039 1124 13846.595 1737.362 
397 1990 1143 13805.239 1731.325 
416 1996 1128 13821.648 1733.57 
408 1978 1159 13795.771 1727.203 
444 1900 1122 13762.341 1725.811 
433 1919 1134 13757.746 1722.075 
405 2011 1112 13811.731 1733.949 
418 1994 1128 13821.611 1732.736 
399 2019 1135 13837.19 1737.391 
401 1989 1144 13791.483 1730.208 
387 2045 1133 13853.466 1738.127 
400 1996 1146 13807.825 1731.178 
429 1942 1151 13791.315 1725.651 
430 1933 1143 13780.07 1724.439 
387 2043 1134 13848.725 1737.413 
410 2006 1109 13821.454 1729.525 
425 1952 1161 13799.714 1729.075 
427 1989 1131 13820.386 1733.212 
416 1984 1154 13818.804 1731.809 
405 2001 1134 13826.646 1732.271 
422 1966 1169 13802.772 1728.792 
408 1983 1154 13820.919 1729.692 
402 2013 1135 13831.326 1735.55 
409 2000 1115 13821.635 1730.474 
426 1940 1145 13777.531 1727.365 
421 1986 1137 13815.574 1732.799 
416 1994 1126 13823.284 1733.878 
