167 715 447 14194.686 1780.306 
164 733 430 14221.76 1788.661 
183 704 442 14195.198 1782.547 
174 701 454 14163.156 1778.916 
189 692 462 14195.441 1784.798 
188 692 464 14182.201 1778.932 
178 706 448 14190.139 1783.269 
183 703 444 14181.643 1781.476 
177 700 461 14167.297 1781.063 
171 710 443 14152.999 1774.518 
162 728 433 14207.647 1785.898 
172 707 453 14153.227 1776.978 
203 632 434 13992.409 1756.094 
175 702 448 14155.489 1783.298 
186 694 445 14160.898 1778.999 
177 710 437 14191.765 1781.106 
164 723 438 14169.602 1778.808 
202 641 427 13990.839 1753.642 
175 701 450 14155.024 1783.553 
162 722 442 14167.002 1778.129 
180 701 449 14148.756 1773.263 
169 720 434 14212.014 1784.865 
164 720 439 14175.764 1780.322 
200 650 438 14065.486 1768.448 
181 697 457 14169.489 1780.165 
173 704 453 14161.394 1779.452 
163 725 437 14174.803 1779.093 
199 651 438 14062.002 1768.366 
166 725 434 14166.3 1779.412 
175 712 438 14203.465 1785.441 
165 726 436 14163.28 1778.191 
180 698 463 14167.429 1778.965 
188 693 460 14176.087 1780.823 
168 722 426 14197.455 1786.322 
170 716 443 14173.196 1779.878 
205 637 427 13980.682 1753.296 
171 712 440 14177.989 1783.429 
170 719 440 14179.23 1781.168 
158 730 434 14167.542 1778.025 
206 631 428 13996.691 1758.176 
192 658 426 14046.718 1764.279 
161 724 435 14175.854 1782.318 
171 704 454 14131.187 1772.098 
169 708 451 14162.029 1779.052 
191 654 429 14025.276 1764.251 
161 722 437 14168.282 1781.14 
175 703 451 14178.471 1781.37 
170 720 437 14170.464 1781.061 
178 699 458 14157.529 1776.306 
190 678 441 14114.975 1770.167 
150 735 420 14188.991 1786.729 
169 709 450 14167.654 1779.737 
163 718 443 14185.299 1785.205 
206 633 427 13968.153 1751.12 
169 705 451 14157.814 1779.079 
206 631 434 13983.543 1754.505 
205 637 426 13980.807 1753.301 
203 638 426 13985.635 1751.378 
180 705 447 14194.943 1783.636 
204 637 430 14008.814 1758.343 
203 636 432 14002.779 1756.641 
165 722 434 14186.661 1783.389 
167 721 429 14191.544 1783.906 
161 723 436 14167.011 1781.22 
161 722 443 14178.875 1777.927 
184 697 457 14190.371 1778.145 
169 708 451 14162.439 1778.552 
170 707 449 14162.748 1778.513 
166 709 440 14184.342 1781.184 
185 699 455 14187.092 1782.437 
172 717 437 14185.925 1784.839 
159 726 436 14165.722 1781.11 
161 729 432 14208.492 1786.044 
204 638 427 13982.957 1753.395 
177 708 448 14192.974 1783.004 
208 630 424 13975.069 1751.469 
163 734 429 14221.14 1788.656 
