1148 4951 2767 13608.573 1706.707 
1012 5128 2779 13641.66 1707.829 
983 5163 2718 13628.397 1706.516 
1041 5064 2804 13634.281 1709.168 
1129 5006 2760 13638.06 1708.056 
1074 5035 2796 13637.378 1711.588 
1124 4990 2783 13620.236 1705.405 
1060 5066 2781 13640.006 1711.202 
1017 5145 2763 13656.832 1709.709 
1005 5111 2740 13640.868 1711.4 
1023 5110 2759 13626.145 1705.219 
1043 5104 2766 13649.288 1712.205 
1063 5099 2734 13648.495 1710.044 
1136 4970 2829 13633.372 1709.034 
1043 5075 2714 13648.403 1712.508 
1032 5067 2789 13633.041 1708.238 
985 5160 2654 13635.45 1708.478 
1058 5072 2759 13643.818 1708.735 
1067 5042 2769 13637.027 1710.833 
1011 5129 2778 13641.47 1707.817 
992 5131 2743 13638.589 1710.123 
1127 4980 2810 13620.95 1706.236 
1087 5035 2737 13612.256 1705.733 
1022 5134 2741 13649.871 1708.499 
1115 5019 2793 13634.133 1709.523 
987 5148 2731 13634.982 1708.23 
1062 5067 2747 13636.523 1710.209 
949 5164 2699 13640.309 1709.962 
1140 4972 2814 13631.817 1707.899 
1073 5066 2726 13628.671 1709.416 
1050 5107 2731 13642.419 1707.283 
991 5120 2711 13639.513 1710.636 
1068 5085 2745 13654.001 1711.689 
1055 5074 2762 13637.347 1707.849 
969 5166 2629 13623.24 1707.541 
1138 4989 2762 13629.626 1707.244 
1054 5057 2786 13640.28 1711.208 
1034 5090 2770 13637.387 1709.365 
1018 5118 2767 13646.395 1710.716 
1043 5116 2727 13649.379 1709.718 
1142 4970 2798 13628.453 1708.005 
1145 4945 2789 13618.944 1707.652 
945 5170 2666 13630.213 1708.973 
1070 5065 2733 13641.519 1709.308 
1127 5007 2776 13625.07 1707.357 
1022 5071 2784 13623.188 1707.224 
1079 5075 2728 13637.054 1708.486 
992 5149 2703 13628.344 1705.482 
1005 5121 2728 13644.953 1710.545 
1085 5061 2779 13642.94 1709.957 
1117 5009 2792 13627.078 1708.137 
1113 5021 2806 13640.228 1709.166 
1022 5134 2742 13650.139 1708.494 
1055 5054 2784 13634.766 1710.506 
968 5167 2628 13623.179 1707.528 
1128 5005 2777 13624.918 1707.341 
1107 5023 2785 13620.779 1708.309 
1005 5121 2729 13644.95 1710.545 
1116 5013 2790 13634.585 1709.539 
1050 5108 2730 13643.034 1707.386 
988 5155 2715 13637.414 1708.593 
1032 5123 2753 13650.09 1708.384 
1117 5009 2791 13627.114 1708.097 
986 5156 2731 13636.71 1707.478 
1151 4973 2762 13617.57 1706.019 
1057 5067 2774 13635.833 1709.979 
1021 5131 2746 13650.598 1709.104 
1141 4994 2764 13624.988 1706.172 
1044 5095 2751 13651.188 1710.436 
990 5148 2727 13633.382 1706.871 
1143 4946 2822 13621.323 1707.844 
1047 5090 2743 13631.957 1705.737 
1048 5072 2765 13632.777 1708.731 
1018 5144 2764 13656.997 1709.719 
1104 5031 2789 13638.91 1708.332 
1116 4991 2819 13627.21 1708.665 
1032 5130 2743 13656.331 1709.785 
1116 4962 2791 13625.23 1709.889 
1044 5095 2753 13650.785 1710.337 
1156 4944 2776 13614.619 1706.902 
1042 5113 2717 13647.846 1709.882 
