487 1936 1154 13789.453 1729.488 
484 1957 1144 13822.69 1734.404 
457 1995 1167 13848.163 1735.728 
412 2028 1073 13814.698 1730.922 
500 1913 1155 13785.179 1726.117 
436 2018 1150 13843.959 1734.684 
486 1948 1154 13817.812 1731.826 
431 2023 1145 13835.828 1732.91 
460 1972 1156 13808.209 1730.412 
397 2046 1064 13823.793 1732.319 
448 2000 1171 13847.642 1734.422 
489 1947 1129 13807.179 1731.169 
472 1971 1140 13818.132 1735.209 
425 2021 1147 13822.298 1731.958 
428 2027 1141 13848.907 1736.25 
478 1968 1152 13826.137 1734.757 
437 2021 1123 13831.584 1733.259 
479 1963 1145 13819.061 1734.264 
429 2026 1137 13842.115 1734.62 
501 1912 1155 13784.972 1726.114 
407 2036 1074 13819.659 1731.949 
491 1930 1151 13797.077 1731.363 
481 1952 1152 13813.651 1734.544 
490 1946 1130 13808.057 1731.171 
477 1966 1136 13813.61 1734.811 
406 2044 1067 13823.837 1732.087 
453 1996 1160 13844.539 1734.709 
496 1911 1153 13776.443 1729.86 
444 2004 1161 13845.148 1734.724 
460 1971 1151 13819.045 1731.565 
438 2008 1158 13837.5 1732.802 
429 2012 1154 13820.051 1730.24 
407 2036 1065 13814.608 1732.037 
474 1977 1138 13818.206 1732.687 
481 1955 1149 13819.831 1734.587 
502 1911 1157 13786.307 1726.397 
458 1993 1164 13846.964 1735.24 
439 2012 1123 13835.763 1734.058 
473 1973 1150 13824.815 1732.444 
407 2037 1067 13820.046 1731.327 
441 1995 1172 13843.861 1734.045 
490 1940 1151 13802.634 1731.246 
476 1967 1135 13813.634 1734.804 
483 1966 1146 13813.888 1731.932 
479 1966 1138 13810.617 1734.39 
459 1993 1160 13842.887 1735.047 
467 1982 1129 13826.081 1733.545 
440 2005 1159 13837.902 1733.035 
480 1962 1146 13819.413 1734.32 
430 2011 1156 13824.38 1730.653 
480 1966 1160 13823.958 1733.662 
431 2021 1145 13839.359 1734.714 
473 1975 1134 13821.666 1732.103 
411 2029 1072 13813.983 1731.096 
471 1980 1136 13828.315 1734.142 
487 1949 1143 13816.161 1731.091 
491 1943 1135 13807.038 1729.49 
462 1969 1156 13818.66 1730.755 
403 2038 1059 13814.978 1732.45 
430 2023 1146 13840.753 1734.685 
432 2014 1151 13832.68 1732.407 
476 1955 1165 13810.425 1732.014 
486 1949 1146 13815.859 1733.979 
408 2036 1067 13813.97 1731.708 
468 1972 1144 13815.451 1733.138 
474 1973 1135 13820.624 1732.115 
499 1935 1147 13822.984 1732.589 
439 2006 1158 13836.776 1732.804 
399 2049 1061 13821.327 1731.353 
484 1964 1135 13820.92 1734.126 
482 1961 1139 13820.949 1733.73 
482 1967 1146 13814.093 1731.977 
467 1982 1128 13826.138 1733.558 
477 1953 1166 13810.521 1732.084 
442 1992 1175 13838.356 1733.187 
442 2011 1123 13839.066 1734.412 
468 1981 1130 13825.877 1733.503 
499 1935 1146 13823.338 1732.695 
490 1944 1135 13814.232 1732.628 
451 1998 1159 13844.083 1734.595 
402 2039 1058 13814.961 1732.436 
483 1957 1152 13818.427 1733.925 
489 1945 1138 13810.982 1732.508 
402 2037 1072 13816.703 1730.784 
