1063 5206 2876 13726.52 1720.937 
1037 5230 2862 13723.361 1719.91 
1073 5181 2889 13724.088 1719.941 
1035 5237 2849 13724.826 1720.065 
1139 5112 2903 13713.912 1717.797 
1068 5196 2908 13730.795 1720.844 
1072 5193 2874 13718.852 1719.411 
1100 5180 2889 13726.921 1719.129 
1057 5217 2869 13726.929 1720.444 
1058 5212 2883 13729.203 1721.166 
1076 5177 2897 13722.222 1720.057 
1036 5231 2862 13723.678 1719.832 
1102 5184 2890 13730.624 1719.047 
1057 5212 2881 13730.687 1721.335 
1149 5103 2909 13714.419 1718.107 
1138 5145 2920 13736.246 1720.616 
1137 5146 2920 13736.475 1720.626 
1072 5192 2871 13716.858 1719.425 
1051 5227 2881 13734.945 1721.741 
1056 5209 2883 13728.714 1721.404 
1085 5185 2873 13721.652 1719.127 
1101 5179 2890 13727.211 1719.141 
1065 5201 2875 13729.294 1720.976 
1068 5198 2888 13723.097 1719.968 
1116 5170 2924 13735.556 1720.662 
1055 5223 2873 13728.409 1720.603 
1126 5156 2915 13733.687 1720.026 
1137 5146 2919 13736.631 1720.631 
1088 5188 2848 13722.328 1718.883 
1143 5108 2902 13713.025 1718.135 
1133 5148 2913 13732.458 1720.38 
1077 5171 2895 13719.954 1719.575 
1059 5208 2876 13728.972 1721.08 
1053 5203 2888 13725.334 1721.049 
1059 5209 2866 13727.232 1720.926 
1058 5216 2873 13730.501 1720.284 
1149 5103 2910 13714.763 1718.103 
1064 5198 2881 13728.081 1721.336 
1060 5197 2897 13726.66 1720.579 
1067 5204 2891 13725.932 1720.376 
1044 5233 2861 13730.418 1720.778 
1071 5186 2876 13724.022 1720.201 
1064 5195 2884 13727.853 1721.218 
1068 5198 2888 13723.361 1719.773 
1069 5213 2887 13731.51 1720.905 
1120 5159 2902 13728.348 1720.093 
1055 5223 2873 13728.51 1720.574 
1060 5202 2892 13724.892 1720.579 
1073 5187 2883 13717.84 1719.628 
1058 5217 2872 13730.66 1720.288 
1075 5186 2881 13718.158 1719.61 
1058 5208 2879 13726.805 1721.339 
1072 5188 2877 13715.959 1719.016 
1070 5182 2896 13724.253 1720.113 
1106 5171 2881 13721.01 1718.191 
1061 5207 2887 13731.258 1721.521 
1053 5223 2881 13734.907 1722.067 
1078 5185 2886 13733.196 1721.463 
1084 5186 2873 13722.101 1719.136 
1052 5224 2887 13735.006 1722.068 
1062 5206 2888 13730.223 1720.857 
1119 5161 2903 13728.822 1720.368 
1120 5159 2903 13728.144 1720.216 
1074 5187 2880 13718.132 1719.607 
1082 5187 2872 13721.592 1719.1 
1064 5199 2864 13730.251 1721.001 
1110 5179 2875 13728.745 1720.181 
1057 5200 2899 13727.099 1720.678 
1061 5197 2889 13725.016 1720.543 
1071 5190 2885 13723.495 1720.061 
1060 5202 2886 13731.168 1721.971 
1051 5228 2879 13735.173 1721.801 
1057 5212 2882 13730.656 1721.332 
