561 2632 1450 13766.781 1731.072 
581 2579 1449 13730.339 1724.543 
533 2682 1449 13803.321 1731.808 
563 2651 1441 13777.953 1731.072 
566 2626 1475 13759.71 1726.424 
559 2647 1462 13784.553 1730.24 
589 2523 1471 13693.98 1712.336 
556 2652 1473 13778.788 1729.529 
549 2667 1444 13783.835 1730.178 
563 2637 1461 13768.485 1728.548 
599 2489 1447 13675.094 1711.29 
549 2653 1473 13779.816 1729.338 
562 2618 1480 13762.328 1727.537 
535 2669 1462 13783.869 1729.311 
587 2526 1459 13687.966 1713.028 
561 2633 1449 13767.448 1731.145 
519 2683 1447 13786.508 1730.119 
586 2528 1458 13688.238 1713.107 
526 2683 1456 13781.94 1730.611 
560 2654 1458 13775.543 1729.546 
539 2667 1442 13778.913 1730.63 
562 2636 1446 13764.177 1730.032 
529 2668 1456 13784.745 1730.445 
539 2671 1446 13772.341 1729.69 
527 2677 1455 13788.768 1729.928 
573 2609 1435 13743.765 1727.918 
547 2641 1475 13775.874 1728.745 
560 2633 1470 13760.651 1726.131 
555 2653 1473 13779.011 1729.577 
540 2666 1443 13779.071 1730.645 
587 2527 1447 13687.934 1713.662 
574 2597 1452 13739.103 1725.949 
604 2459 1449 13650.369 1707.713 
569 2610 1462 13750.426 1726.703 
569 2621 1434 13761.851 1728.257 
552 2657 1468 13778.914 1729.697 
585 2541 1472 13700.614 1716.076 
601 2495 1440 13671.889 1710.886 
545 2659 1468 13780.056 1728.509 
521 2671 1458 13780.334 1729.555 
571 2615 1458 13764.299 1727.618 
519 2690 1434 13777.261 1728.202 
589 2526 1447 13693.492 1713.758 
548 2654 1471 13779.836 1729.338 
567 2626 1469 13755.567 1727.09 
569 2614 1465 13758.465 1725.597 
481 2699 1394 13743.129 1721.633 
566 2635 1448 13766.757 1730.632 
600 2488 1446 13674.529 1711.171 
543 2671 1458 13782.416 1729.28 
549 2653 1472 13779.819 1729.337 
531 2683 1432 13774.621 1728.44 
565 2630 1465 13776.872 1732.017 
584 2542 1471 13700.155 1716.034 
525 2671 1462 13765.928 1727.543 
597 2513 1456 13681.664 1713.071 
551 2652 1482 13780.687 1728.678 
561 2632 1470 13760.461 1726.004 
555 2663 1467 13787.443 1731.322 
534 2670 1429 13776.435 1729.873 
550 2665 1461 13778.743 1730.88 
514 2694 1429 13788.405 1731.094 
598 2511 1460 13679.279 1712.059 
535 2644 1461 13763.761 1731.45 
582 2564 1454 13715.091 1722.717 
544 2677 1456 13783.232 1729.289 
563 2631 1473 13763.808 1727.99 
608 2464 1443 13650.228 1708.317 
