457 1864 1135 13698.687 1715.054 
376 2013 1088 13779.948 1734.001 
402 1952 1081 13723.898 1725.541 
368 2022 1120 13785.99 1734.516 
397 1978 1120 13779.606 1735.449 
372 2023 1107 13782.981 1729.424 
400 1958 1080 13745.779 1728.244 
368 2002 1125 13761.249 1731.61 
473 1861 1129 13695.456 1720.464 
458 1904 1094 13705.986 1721.043 
379 1998 1102 13771.704 1732.495 
362 2043 1100 13800.226 1732.938 
470 1868 1127 13711.325 1718.57 
405 1948 1069 13732.213 1726.689 
446 1885 1128 13695.982 1715.879 
371 2029 1102 13790.368 1731.724 
360 2041 1101 13793.335 1732.738 
457 1878 1120 13714.626 1717.734 
456 1846 1146 13659.839 1714.468 
371 2019 1108 13780.867 1729.82 
364 2040 1098 13786.009 1732.208 
366 2020 1108 13788.032 1733.243 
467 1872 1120 13696.106 1717.607 
457 1844 1136 13686.618 1716.379 
404 1949 1068 13731.29 1726.525 
363 2023 1114 13775.314 1730.746 
474 1850 1132 13684.316 1717.471 
380 2007 1096 13783.712 1734.261 
455 1849 1145 13661.421 1714.69 
396 1979 1117 13778.76 1735.224 
449 1891 1115 13696.199 1717.969 
370 2024 1113 13787.745 1732.446 
464 1875 1120 13720.664 1719.216 
471 1860 1132 13696.327 1719.014 
373 2007 1094 13787.875 1734.749 
371 2005 1117 13782.48 1734.652 
460 1865 1133 13697.087 1716.144 
373 2028 1099 13789.678 1730.964 
389 1989 1110 13781.535 1736.119 
373 2032 1096 13784.085 1732.249 
462 1852 1139 13682.005 1715.532 
369 2017 1116 13779.625 1733.194 
386 1989 1113 13780.305 1734.542 
479 1882 1119 13712.114 1721.29 
453 1870 1134 13687.033 1717.823 
457 1883 1117 13729.104 1720.041 
391 1983 1110 13779.066 1735.656 
372 2026 1095 13788.212 1731.255 
465 1861 1133 13696.491 1718.887 
355 2029 1098 13783.607 1733.175 
366 2031 1100 13777.637 1729.938 
396 1981 1116 13779.609 1735.699 
357 2043 1107 13789.413 1732.235 
383 1997 1087 13772.288 1735.089 
378 2017 1105 13784.671 1733.309 
458 1902 1110 13716.553 1720.69 
464 1862 1134 13697.33 1719.036 
385 1991 1103 13780.477 1735.598 
382 2012 1114 13786.639 1732.433 
451 1915 1085 13701.17 1722.776 
457 1848 1141 13685.144 1717.093 
373 2006 1121 13774.398 1731.27 
380 1996 1105 13782.781 1735.86 
370 2005 1122 13774.504 1733.174 
478 1839 1129 13674.624 1715.984 
386 1985 1111 13780.472 1735.77 
366 2025 1115 13777.839 1729.666 
453 1860 1138 13681.765 1717.139 
434 1885 1117 13688.258 1716.847 
365 2028 1112 13783.545 1731.052 
375 2016 1114 13784.64 1732.634 
381 1994 1106 13780.781 1736.086 
474 1862 1122 13702.868 1721.338 
365 2031 1101 13784.783 1730.06 
381 1993 1107 13778.306 1735.369 
468 1886 1112 13716.553 1718.412 
375 2012 1119 13784.191 1733.321 
460 1858 1130 13700.2 1719.513 
361 2040 1102 13794.235 1732.963 
375 2003 1125 13773.749 1731.458 
