290 1337 743 13876.95 1738.211 
331 1269 779 13820.804 1730.736 
294 1338 704 13843.101 1734.393 
324 1275 770 13797.61 1731.755 
295 1334 730 13887.686 1738.511 
269 1355 758 13828.431 1724.122 
257 1363 756 13819.389 1723.883 
339 1253 772 13794.181 1729.966 
284 1357 726 13883.197 1742.708 
283 1326 766 13808.733 1722.67 
328 1279 764 13809.512 1729.259 
335 1253 773 13801.777 1730.202 
275 1339 763 13813.623 1725.897 
274 1358 726 13873.146 1739.961 
341 1248 760 13791.407 1728.01 
272 1367 707 13891.446 1740.717 
340 1250 759 13794.265 1728.132 
330 1278 769 13807.332 1729.724 
331 1274 769 13799.003 1728.573 
273 1350 772 13837.379 1726.841 
334 1260 766 13797.919 1730.729 
318 1288 769 13832.086 1732.832 
314 1297 756 13824.412 1733.41 
265 1358 770 13830.341 1725.219 
327 1285 766 13825.084 1732.672 
298 1332 727 13862.56 1735.976 
283 1345 741 13872.598 1740.003 
268 1353 764 13835.468 1725.184 
292 1327 749 13860.242 1736.006 
272 1366 712 13888.013 1741.669 
309 1299 746 13812.457 1731.146 
305 1324 739 13865.674 1736.72 
289 1346 723 13885.913 1742.414 
274 1346 757 13818.925 1723.196 
266 1361 753 13826.275 1725.941 
292 1343 727 13894.023 1740.582 
323 1278 767 13816.535 1730.718 
292 1343 731 13892.085 1738.799 
297 1333 744 13877.448 1738.91 
337 1262 765 13814.587 1731.436 
289 1353 740 13911.32 1742.08 
286 1339 741 13871.753 1740.45 
285 1364 724 13899.436 1744.306 
265 1358 769 13830.475 1725.23 
283 1345 742 13872.489 1739.998 
301 1324 730 13870.885 1736.266 
298 1330 738 13881.515 1740.108 
293 1342 733 13894.219 1739.055 
326 1271 775 13811.201 1729.065 
330 1271 770 13794.944 1727.306 
333 1265 774 13798.665 1728.174 
321 1293 764 13825.695 1734.94 
335 1260 769 13800.477 1730.049 
301 1325 743 13860.953 1735.438 
286 1350 723 13877.015 1742.162 
281 1338 769 13831.439 1724.963 
294 1334 739 13883.449 1739.512 
