582 2640 1473 13796.207 1725.929 
538 2696 1429 13807.544 1733.586 
569 2639 1486 13789.891 1727.818 
490 2712 1338 13742.292 1722.702 
562 2669 1446 13808.09 1730.022 
548 2698 1446 13824.392 1732.728 
593 2581 1444 13752.359 1723.651 
556 2661 1483 13817.501 1729.978 
545 2685 1449 13829.752 1733.476 
568 2653 1485 13816.993 1730.23 
554 2694 1448 13825.977 1731.867 
574 2655 1456 13815.957 1732.286 
561 2681 1447 13808.107 1732.327 
560 2686 1462 13819.336 1732.666 
477 2714 1320 13725.963 1721.548 
531 2705 1450 13810.965 1730.995 
593 2581 1445 13752.18 1723.641 
542 2672 1469 13800.193 1728.737 
577 2642 1459 13799.638 1729.715 
601 2501 1454 13674.935 1716.86 
562 2666 1460 13808.589 1730.935 
537 2706 1434 13819.981 1732.33 
485 2709 1331 13736.982 1724.035 
594 2580 1446 13753.3 1723.836 
591 2519 1464 13685.594 1719.264 
527 2701 1416 13804.982 1733.177 
582 2640 1460 13793.364 1726.085 
552 2662 1476 13809.936 1731.179 
548 2698 1444 13824.574 1732.909 
592 2513 1468 13681.819 1718.491 
537 2708 1438 13819.147 1732.09 
563 2659 1469 13814.052 1730.511 
550 2683 1449 13823.378 1732.716 
598 2504 1457 13676.882 1719.201 
549 2684 1448 13823.19 1732.688 
559 2670 1468 13812.814 1731.366 
572 2646 1483 13799.136 1728.759 
555 2672 1464 13811.004 1731.159 
539 2691 1441 13814.421 1733.011 
574 2654 1463 13809.091 1730.454 
597 2507 1460 13679.666 1719.558 
561 2667 1454 13798.977 1728.927 
552 2680 1451 13818.944 1732.901 
561 2666 1452 13808.66 1731.049 
545 2676 1458 13817.023 1733.08 
572 2646 1480 13812.106 1729.041 
582 2637 1485 13803.785 1729.367 
559 2687 1461 13819.172 1732.641 
589 2624 1475 13784.502 1726.717 
599 2509 1464 13682.264 1718.988 
560 2659 1477 13803.286 1730.719 
564 2666 1450 13814.454 1731.946 
597 2512 1463 13683.324 1719.236 
569 2665 1464 13822.512 1732.993 
570 2647 1480 13798.95 1728.672 
571 2658 1478 13820.813 1732.507 
579 2645 1484 13805.949 1729.175 
550 2667 1470 13798.749 1728.912 
539 2691 1440 13814.523 1733.022 
588 2636 1496 13807.052 1730.428 
577 2638 1485 13800.949 1728.578 
582 2637 1486 13803.707 1729.349 
579 2645 1483 13806.031 1729.186 
581 2646 1465 13795.889 1728.186 
566 2668 1449 13798.91 1729.987 
533 2697 1452 13820.925 1732.635 
573 2649 1477 13812.28 1729.789 
539 2692 1439 13815.877 1733.134 
577 2652 1442 13811.371 1732.276 
600 2507 1460 13684.052 1718.828 
581 2649 1455 13797.176 1728.551 
595 2524 1467 13688.742 1719.107 
600 2512 1470 13686.523 1718.784 
541 2690 1442 13814.865 1733.202 
