429 2010 1169 13857.785 1736.999 
416 2026 1168 13854.537 1737.505 
426 2041 1137 13883.657 1741.715 
441 2002 1151 13858.161 1737.481 
418 2044 1152 13870.044 1738.237 
436 2012 1140 13838.66 1737.24 
451 1893 1164 13749.753 1724.114 
412 2025 1165 13865.837 1739.749 
437 2001 1155 13853.716 1740.203 
453 2002 1137 13847.516 1736.496 
450 1892 1165 13743.445 1724.979 
419 2048 1150 13882.13 1740.949 
437 2009 1141 13868.453 1743.322 
432 2033 1135 13868.706 1739.278 
458 1883 1163 13755.383 1725.41 
439 1991 1168 13853.409 1736.658 
446 1988 1151 13846.903 1736.264 
459 1874 1154 13744.363 1725.121 
396 2061 1123 13854.141 1739.817 
436 2008 1152 13866.855 1741.157 
461 1874 1157 13744.41 1724.565 
448 1899 1167 13754.442 1725.248 
420 2029 1161 13868.995 1739.017 
436 2007 1166 13864.738 1737.631 
441 2021 1135 13849.938 1736.891 
448 1887 1169 13743.355 1723.218 
431 2022 1153 13858.088 1738.269 
427 2011 1168 13856.022 1736.779 
431 2006 1162 13856.732 1737.831 
452 1889 1162 13744.284 1724.523 
430 2015 1144 13876.206 1741.1 
397 2050 1112 13837.448 1737.285 
460 1873 1155 13744.04 1725.031 
429 2026 1138 13850.357 1738.602 
433 2003 1169 13852.124 1735.369 
435 1996 1160 13850.544 1738.829 
459 1886 1143 13746.904 1724.652 
430 2023 1140 13861.928 1738.195 
430 2021 1131 13868.175 1741.119 
437 2005 1152 13854.461 1738.612 
419 2046 1142 13883.691 1741.001 
418 2032 1156 13863.872 1738.767 
437 2025 1133 13857.522 1737.144 
432 2003 1160 13854.299 1738.577 
458 1884 1160 13747.408 1724.681 
425 2018 1163 13865.615 1739.833 
429 2012 1151 13867.556 1739.024 
421 2043 1128 13874.707 1740.808 
447 1894 1153 13753.862 1725.731 
445 1891 1155 13758.19 1725.685 
415 2044 1129 13866.82 1741.342 
432 1992 1179 13848.989 1736.868 
431 2010 1146 13880.067 1738.928 
440 1998 1158 13857.483 1738.392 
442 1907 1153 13757.302 1725.048 
431 2001 1168 13851.052 1735.6 
446 1988 1150 13847.201 1736.306 
437 1989 1159 13846.736 1738.262 
430 2022 1141 13860.439 1738.01 
440 2002 1167 13861.358 1737.976 
431 2010 1155 13855.576 1738.925 
452 1889 1148 13752.868 1726.291 
441 1897 1159 13747.827 1726.038 
451 1885 1153 13747.83 1726.102 
442 1896 1160 13747.714 1725.774 
432 2004 1168 13851.678 1735.345 
455 1895 1155 13752.529 1725.253 
431 2006 1169 13853.76 1735.535 
442 1904 1155 13752.881 1724.237 
421 2045 1134 13859.281 1737.417 
452 1898 1153 13753.69 1725.732 
442 2011 1138 13869.386 1740.4 
453 1890 1160 13752.644 1725.92 
426 2028 1151 13886.756 1742.212 
430 2010 1159 13864.403 1739.217 
430 2016 1147 13874.39 1740.032 
417 2032 1155 13868.376 1738.029 
429 2009 1175 13865.091 1739.163 
427 2022 1164 13870.529 1739.159 
470 1868 1155 13744.633 1724.129 
